0-1.0:1-1.0:2-1.0:3-1.0:4-1.0:5-1.0:6-1.0:7-1.0:8-1.0:9-1.0:10-1.0:35347-1:35348-0:35349-4000.0:35350-1000.0:35351-100000.0:35352-100.0,18.84
0-1.0:1-1.0:2-1.0:3-1.0:4-1.0:5-1.0:6-1.0:7-1.0:8-1.0:9-1.0:10-1.0:35347-1:35348-0:35349-4000.0:35350-1000.0:35351-100000.0:35352-150.0,18.08
0-1.0:1-1.0:2-1.0:3-1.0:4-1.0:5-1.0:6-1.0:7-1.0:8-1.0:9-1.0:10-1.0:35347-1:35348-0:35349-4000.0:35350-1000.0:35351-100000.0:35352-250.0,19.28
0-1.0:1-1.0:2-1.0:3-1.0:4-1.0:5-1.0:6-1.0:7-1.0:8-1.0:9-1.0:10-1.0:35347-1:35348-0:35349-4000.0:35350-1000.0:35351-100000.0:35352-500.0,13.86
0-1.0:1-1.0:2-1.0:3-1.0:4-1.0:5-1.0:6-1.0:7-1.0:8-1.0:9-1.0:10-1.0:35347-1:35348-0:35349-4000.0:35350-1000.0:35351-100000.0:35352-1500.0,11.3
0-1.0:1-1.0:2-1.0:3-1.0:4-1.0:5-1.0:6-1.0:7-1.0:8-1.0:9-1.0:10-1.0:35347-1:35348-0:35349-4000.0:35350-1000.0:35351-100000.0:35352-2500.0,10.83
0-1.0:1-1.0:2-1.0:3-1.0:4-1.0:5-1.0:6-1.0:7-1.0:8-1.0:9-1.0:10-1.0:35347-1:35348-0:35349-4000.0:35350-1000.0:35351-100000.0:35352-5000.0,10.83
0-1.0:1-1.0:2-1.0:3-1.0:4-1.0:5-1.0:6-1.0:7-1.0:8-1.0:9-1.0:10-1.0:35347-1:35348-0:35349-4000.0:35350-1000.0:35351-300000.0:35352-100.0,20.92
0-1.0:1-1.0:2-1.0:3-1.0:4-1.0:5-1.0:6-1.0:7-1.0:8-1.0:9-1.0:10-1.0:35347-1:35348-0:35349-4000.0:35350-1000.0:35351-300000.0:35352-150.0,20.17
0-1.0:1-1.0:2-1.0:3-1.0:4-1.0:5-1.0:6-1.0:7-1.0:8-1.0:9-1.0:10-1.0:35347-1:35348-0:35349-4000.0:35350-1000.0:35351-300000.0:35352-250.0,17.15
0-1.0:1-1.0:2-1.0:3-1.0:4-1.0:5-1.0:6-1.0:7-1.0:8-1.0:9-1.0:10-1.0:35347-1:35348-0:35349-4000.0:35350-1000.0:35351-300000.0:35352-500.0,15.95
0-1.0:1-1.0:2-1.0:3-1.0:4-1.0:5-1.0:6-1.0:7-1.0:8-1.0:9-1.0:10-1.0:35347-1:35348-0:35349-4000.0:35350-1000.0:35351-300000.0:35352-750.0,15.04
0-1.0:1-1.0:2-1.0:3-1.0:4-1.0:5-1.0:6-1.0:7-1.0:8-1.0:9-1.0:10-1.0:35347-1:35348-0:35349-4000.0:35350-1000.0:35351-300000.0:35352-1000.0,14.29
0-1.0:1-1.0:2-1.0:3-1.0:4-1.0:5-1.0:6-1.0:7-1.0:8-1.0:9-1.0:10-1.0:35347-1:35348-0:35349-4000.0:35350-1000.0:35351-300000.0:35352-1500.0,14.88
0-1.0:1-1.0:2-1.0:3-1.0:4-1.0:5-1.0:6-1.0:7-1.0:8-1.0:9-1.0:10-1.0:35347-1:35348-0:35349-4000.0:35350-1000.0:35351-300000.0:35352-2500.0,12.03
0-1.0:1-1.0:2-1.0:3-1.0:4-1.0:5-1.0:6-1.0:7-1.0:8-1.0:9-1.0:10-1.0:35347-1:35348-0:35349-4000.0:35350-1000.0:35351-300000.0:35352-5000.0,10.83
0-1.0:1-1.0:2-1.0:3-1.0:4-1.0:5-1.0:6-1.0:7-1.0:8-1.0:9-1.0:10-1.0:35347-1:35348-0:35349-4000.0:35350-1000.0:35351-500000.0:35352-100.0,27.85
0-1.0:1-1.0:2-1.0:3-1.0:4-1.0:5-1.0:6-1.0:7-1.0:8-1.0:9-1.0:10-1.0:35347-1:35348-0:35349-4000.0:35350-1000.0:35351-500000.0:35352-150.0,26.88
0-1.0:1-1.0:2-1.0:3-1.0:4-1.0:5-1.0:6-1.0:7-1.0:8-1.0:9-1.0:10-1.0:35347-1:35348-0:35349-4000.0:35350-1000.0:35351-500000.0:35352-250.0,23.03
0-1.0:1-1.0:2-1.0:3-1.0:4-1.0:5-1.0:6-1.0:7-1.0:8-1.0:9-1.0:10-1.0:35347-1:35348-0:35349-4000.0:35350-1000.0:35351-500000.0:35352-500.0,19.45
0-1.0:1-1.0:2-1.0:3-1.0:4-1.0:5-1.0:6-1.0:7-1.0:8-1.0:9-1.0:10-1.0:35347-1:35348-0:35349-4000.0:35350-1000.0:35351-500000.0:35352-750.0,16.71
0-1.0:1-1.0:2-1.0:3-1.0:4-1.0:5-1.0:6-1.0:7-1.0:8-1.0:9-1.0:10-1.0:35347-1:35348-0:35349-4000.0:35350-1000.0:35351-500000.0:35352-1000.0,15.96
0-1.0:1-1.0:2-1.0:3-1.0:4-1.0:5-1.0:6-1.0:7-1.0:8-1.0:9-1.0:10-1.0:35347-1:35348-0:35349-4000.0:35350-1000.0:35351-500000.0:35352-1500.0,18.21
0-1.0:1-1.0:2-1.0:3-1.0:4-1.0:5-1.0:6-1.0:7-1.0:8-1.0:9-1.0:10-1.0:35347-1:35348-0:35349-4000.0:35350-1000.0:35351-500000.0:35352-2500.0,23.64
0-1.0:1-1.0:2-1.0:3-1.0:4-1.0:5-1.0:6-1.0:7-1.0:8-1.0:9-1.0:10-1.0:35347-1:35348-0:35349-4000.0:35350-1000.0:35351-500000.0:35352-5000.0,12.04
0-1.0:1-1.0:2-1.0:3-1.0:4-1.0:5-1.0:6-1.0:7-1.0:8-1.0:9-1.0:10-1.0:35347-1:35348-0:35349-4000.0:35350-2000.0:35351-100000.0:35352-100.0,19.09
0-1.0:1-1.0:2-1.0:3-1.0:4-1.0:5-1.0:6-1.0:7-1.0:8-1.0:9-1.0:10-1.0:35347-1:35348-0:35349-4000.0:35350-2000.0:35351-100000.0:35352-150.0,23.38
0-1.0:1-1.0:2-1.0:3-1.0:4-1.0:5-1.0:6-1.0:7-1.0:8-1.0:9-1.0:10-1.0:35347-1:35348-0:35349-4000.0:35350-2000.0:35351-100000.0:35352-250.0,19.53
0-1.0:1-1.0:2-1.0:3-1.0:4-1.0:5-1.0:6-1.0:7-1.0:8-1.0:9-1.0:10-1.0:35347-1:35348-0:35349-4000.0:35350-2000.0:35351-100000.0:35352-500.0,14.11
0-1.0:1-1.0:2-1.0:3-1.0:4-1.0:5-1.0:6-1.0:7-1.0:8-1.0:9-1.0:10-1.0:35347-1:35348-0:35349-4000.0:35350-2000.0:35351-100000.0:35352-750.0,13.21
0-1.0:1-1.0:2-1.0:3-1.0:4-1.0:5-1.0:6-1.0:7-1.0:8-1.0:9-1.0:10-1.0:35347-1:35348-0:35349-4000.0:35350-2000.0:35351-100000.0:35352-1000.0,12.46
0-1.0:1-1.0:2-1.0:3-1.0:4-1.0:5-1.0:6-1.0:7-1.0:8-1.0:9-1.0:10-1.0:35347-1:35348-0:35349-4000.0:35350-2000.0:35351-100000.0:35352-1500.0,11.55
0-1.0:1-1.0:2-1.0:3-1.0:4-1.0:5-1.0:6-1.0:7-1.0:8-1.0:9-1.0:10-1.0:35347-1:35348-0:35349-4000.0:35350-2000.0:35351-100000.0:35352-2500.0,10.83
0-1.0:1-1.0:2-1.0:3-1.0:4-1.0:5-1.0:6-1.0:7-1.0:8-1.0:9-1.0:10-1.0:35347-1:35348-0:35349-4000.0:35350-2000.0:35351-100000.0:35352-5000.0,10.85
0-1.0:1-1.0:2-1.0:3-1.0:4-1.0:5-1.0:6-1.0:7-1.0:8-1.0:9-1.0:10-1.0:35347-1:35348-0:35349-4000.0:35350-2000.0:35351-300000.0:35352-100.0,21.17
0-1.0:1-1.0:2-1.0:3-1.0:4-1.0:5-1.0:6-1.0:7-1.0:8-1.0:9-1.0:10-1.0:35347-1:35348-0:35349-4000.0:35350-2000.0:35351-300000.0:35352-150.0,20.42
0-1.0:1-1.0:2-1.0:3-1.0:4-1.0:5-1.0:6-1.0:7-1.0:8-1.0:9-1.0:10-1.0:35347-1:35348-0:35349-4000.0:35350-2000.0:35351-300000.0:35352-250.0,32.47
0-1.0:1-1.0:2-1.0:3-1.0:4-1.0:5-1.0:6-1.0:7-1.0:8-1.0:9-1.0:10-1.0:35347-1:35348-0:35349-4000.0:35350-2000.0:35351-300000.0:35352-500.0,20.07
0-1.0:1-1.0:2-1.0:3-1.0:4-1.0:5-1.0:6-1.0:7-1.0:8-1.0:9-1.0:10-1.0:35347-1:35348-0:35349-4000.0:35350-2000.0:35351-300000.0:35352-750.0,15.29
0-1.0:1-1.0:2-1.0:3-1.0:4-1.0:5-1.0:6-1.0:7-1.0:8-1.0:9-1.0:10-1.0:35347-1:35348-0:35349-4000.0:35350-2000.0:35351-300000.0:35352-1000.0,14.54
0-1.0:1-1.0:2-1.0:3-1.0:4-1.0:5-1.0:6-1.0:7-1.0:8-1.0:9-1.0:10-1.0:35347-1:35348-0:35349-4000.0:35350-2000.0:35351-300000.0:35352-1500.0,13.63
0-1.0:1-1.0:2-1.0:3-1.0:4-1.0:5-1.0:6-1.0:7-1.0:8-1.0:9-1.0:10-1.0:35347-1:35348-0:35349-4000.0:35350-2000.0:35351-300000.0:35352-2500.0,12.28
0-1.0:1-1.0:2-1.0:3-1.0:4-1.0:5-1.0:6-1.0:7-1.0:8-1.0:9-1.0:10-1.0:35347-1:35348-0:35349-4000.0:35350-2000.0:35351-300000.0:35352-5000.0,10.83
0-1.0:1-1.0:2-1.0:3-1.0:4-1.0:5-1.0:6-1.0:7-1.0:8-1.0:9-1.0:10-1.0:35347-1:35348-0:35349-4000.0:35350-2000.0:35351-500000.0:35352-100.0,25.33
0-1.0:1-1.0:2-1.0:3-1.0:4-1.0:5-1.0:6-1.0:7-1.0:8-1.0:9-1.0:10-1.0:35347-1:35348-0:35349-4000.0:35350-2000.0:35351-500000.0:35352-150.0,27.13
0-1.0:1-1.0:2-1.0:3-1.0:4-1.0:5-1.0:6-1.0:7-1.0:8-1.0:9-1.0:10-1.0:35347-1:35348-0:35349-4000.0:35350-2000.0:35351-500000.0:35352-250.0,19.07
0-1.0:1-1.0:2-1.0:3-1.0:4-1.0:5-1.0:6-1.0:7-1.0:8-1.0:9-1.0:10-1.0:35347-1:35348-0:35349-4000.0:35350-2000.0:35351-500000.0:35352-500.0,19.7
0-1.0:1-1.0:2-1.0:3-1.0:4-1.0:5-1.0:6-1.0:7-1.0:8-1.0:9-1.0:10-1.0:35347-1:35348-0:35349-4000.0:35350-2000.0:35351-500000.0:35352-750.0,16.96
0-1.0:1-1.0:2-1.0:3-1.0:4-1.0:5-1.0:6-1.0:7-1.0:8-1.0:9-1.0:10-1.0:35347-1:35348-0:35349-4000.0:35350-2000.0:35351-500000.0:35352-1000.0,16.21
0-1.0:1-1.0:2-1.0:3-1.0:4-1.0:5-1.0:6-1.0:7-1.0:8-1.0:9-1.0:10-1.0:35347-1:35348-0:35349-4000.0:35350-2000.0:35351-500000.0:35352-1500.0,15.3
0-1.0:1-1.0:2-1.0:3-1.0:4-1.0:5-1.0:6-1.0:7-1.0:8-1.0:9-1.0:10-1.0:35347-1:35348-0:35349-4000.0:35350-2000.0:35351-500000.0:35352-2500.0,13.95
0-1.0:1-1.0:2-1.0:3-1.0:4-1.0:5-1.0:6-1.0:7-1.0:8-1.0:9-1.0:10-1.0:35347-1:35348-0:35349-4000.0:35350-2000.0:35351-500000.0:35352-5000.0,14.6
0-1.0:1-1.0:2-1.0:3-1.0:4-1.0:5-1.0:6-1.0:7-1.0:8-1.0:9-1.0:10-1.0:35347-1:35348-0:35349-8000.0:35350-1000.0:35351-100000.0:35352-100.0,24.1
0-1.0:1-1.0:2-1.0:3-1.0:4-1.0:5-1.0:6-1.0:7-1.0:8-1.0:9-1.0:10-1.0:35347-1:35348-0:35349-8000.0:35350-1000.0:35351-100000.0:35352-150.0,18.08
0-1.0:1-1.0:2-1.0:3-1.0:4-1.0:5-1.0:6-1.0:7-1.0:8-1.0:9-1.0:10-1.0:35347-1:35348-0:35349-8000.0:35350-1000.0:35351-100000.0:35352-250.0,15.07
0-1.0:1-1.0:2-1.0:3-1.0:4-1.0:5-1.0:6-1.0:7-1.0:8-1.0:9-1.0:10-1.0:35347-1:35348-0:35349-8000.0:35350-1000.0:35351-100000.0:35352-500.0,17.74
0-1.0:1-1.0:2-1.0:3-1.0:4-1.0:5-1.0:6-1.0:7-1.0:8-1.0:9-1.0:10-1.0:35347-1:35348-0:35349-8000.0:35350-1000.0:35351-100000.0:35352-750.0,12.96
0-1.0:1-1.0:2-1.0:3-1.0:4-1.0:5-1.0:6-1.0:7-1.0:8-1.0:9-1.0:10-1.0:35347-1:35348-0:35349-8000.0:35350-1000.0:35351-100000.0:35352-1500.0,11.3
0-1.0:1-1.0:2-1.0:3-1.0:4-1.0:5-1.0:6-1.0:7-1.0:8-1.0:9-1.0:10-1.0:35347-1:35348-0:35349-8000.0:35350-1000.0:35351-100000.0:35352-2500.0,11.26
0-1.0:1-1.0:2-1.0:3-1.0:4-1.0:5-1.0:6-1.0:7-1.0:8-1.0:9-1.0:10-1.0:35347-1:35348-0:35349-8000.0:35350-1000.0:35351-100000.0:35352-5000.0,10.83
0-1.0:1-1.0:2-1.0:3-1.0:4-1.0:5-1.0:6-1.0:7-1.0:8-1.0:9-1.0:10-1.0:35347-1:35348-0:35349-8000.0:35350-1000.0:35351-300000.0:35352-100.0,20.92
0-1.0:1-1.0:2-1.0:3-1.0:4-1.0:5-1.0:6-1.0:7-1.0:8-1.0:9-1.0:10-1.0:35347-1:35348-0:35349-8000.0:35350-1000.0:35351-300000.0:35352-150.0,20.17
0-1.0:1-1.0:2-1.0:3-1.0:4-1.0:5-1.0:6-1.0:7-1.0:8-1.0:9-1.0:10-1.0:35347-1:35348-0:35349-8000.0:35350-1000.0:35351-300000.0:35352-250.0,17.15
0-1.0:1-1.0:2-1.0:3-1.0:4-1.0:5-1.0:6-1.0:7-1.0:8-1.0:9-1.0:10-1.0:35347-1:35348-0:35349-8000.0:35350-1000.0:35351-300000.0:35352-500.0,15.95
0-1.0:1-1.0:2-1.0:3-1.0:4-1.0:5-1.0:6-1.0:7-1.0:8-1.0:9-1.0:10-1.0:35347-1:35348-0:35349-8000.0:35350-1000.0:35351-300000.0:35352-750.0,15.04
0-1.0:1-1.0:2-1.0:3-1.0:4-1.0:5-1.0:6-1.0:7-1.0:8-1.0:9-1.0:10-1.0:35347-1:35348-0:35349-8000.0:35350-1000.0:35351-300000.0:35352-1000.0,14.29
0-1.0:1-1.0:2-1.0:3-1.0:4-1.0:5-1.0:6-1.0:7-1.0:8-1.0:9-1.0:10-1.0:35347-1:35348-0:35349-8000.0:35350-1000.0:35351-300000.0:35352-1500.0,13.38
0-1.0:1-1.0:2-1.0:3-1.0:4-1.0:5-1.0:6-1.0:7-1.0:8-1.0:9-1.0:10-1.0:35347-1:35348-0:35349-8000.0:35350-1000.0:35351-300000.0:35352-2500.0,12.03
0-1.0:1-1.0:2-1.0:3-1.0:4-1.0:5-1.0:6-1.0:7-1.0:8-1.0:9-1.0:10-1.0:35347-1:35348-0:35349-8000.0:35350-1000.0:35351-300000.0:35352-5000.0,10.83
0-1.0:1-1.0:2-1.0:3-1.0:4-1.0:5-1.0:6-1.0:7-1.0:8-1.0:9-1.0:10-1.0:35347-1:35348-0:35349-8000.0:35350-1000.0:35351-500000.0:35352-100.0,22.59
0-1.0:1-1.0:2-1.0:3-1.0:4-1.0:5-1.0:6-1.0:7-1.0:8-1.0:9-1.0:10-1.0:35347-1:35348-0:35349-8000.0:35350-1000.0:35351-500000.0:35352-150.0,21.83
0-1.0:1-1.0:2-1.0:3-1.0:4-1.0:5-1.0:6-1.0:7-1.0:8-1.0:9-1.0:10-1.0:35347-1:35348-0:35349-8000.0:35350-1000.0:35351-500000.0:35352-250.0,23.03
0-1.0:1-1.0:2-1.0:3-1.0:4-1.0:5-1.0:6-1.0:7-1.0:8-1.0:9-1.0:10-1.0:35347-1:35348-0:35349-8000.0:35350-1000.0:35351-500000.0:35352-500.0,31.48
0-1.0:1-1.0:2-1.0:3-1.0:4-1.0:5-1.0:6-1.0:7-1.0:8-1.0:9-1.0:10-1.0:35347-1:35348-0:35349-8000.0:35350-1000.0:35351-500000.0:35352-750.0,16.71
0-1.0:1-1.0:2-1.0:3-1.0:4-1.0:5-1.0:6-1.0:7-1.0:8-1.0:9-1.0:10-1.0:35347-1:35348-0:35349-8000.0:35350-1000.0:35351-500000.0:35352-1000.0,17.57
0-1.0:1-1.0:2-1.0:3-1.0:4-1.0:5-1.0:6-1.0:7-1.0:8-1.0:9-1.0:10-1.0:35347-1:35348-0:35349-8000.0:35350-1000.0:35351-500000.0:35352-1500.0,18.21
0-1.0:1-1.0:2-1.0:3-1.0:4-1.0:5-1.0:6-1.0:7-1.0:8-1.0:9-1.0:10-1.0:35347-1:35348-0:35349-8000.0:35350-1000.0:35351-500000.0:35352-2500.0,16.47
0-1.0:1-1.0:2-1.0:3-1.0:4-1.0:5-1.0:6-1.0:7-1.0:8-1.0:9-1.0:10-1.0:35347-1:35348-0:35349-8000.0:35350-1000.0:35351-500000.0:35352-5000.0,12.04
0-1.0:1-1.0:2-1.0:3-1.0:4-1.0:5-1.0:6-1.0:7-1.0:8-1.0:9-1.0:10-1.0:35347-1:35348-0:35349-8000.0:35350-2000.0:35351-100000.0:35352-100.0,19.09
0-1.0:1-1.0:2-1.0:3-1.0:4-1.0:5-1.0:6-1.0:7-1.0:8-1.0:9-1.0:10-1.0:35347-1:35348-0:35349-8000.0:35350-2000.0:35351-100000.0:35352-150.0,18.33
0-1.0:1-1.0:2-1.0:3-1.0:4-1.0:5-1.0:6-1.0:7-1.0:8-1.0:9-1.0:10-1.0:35347-1:35348-0:35349-8000.0:35350-2000.0:35351-100000.0:35352-250.0,15.32
0-1.0:1-1.0:2-1.0:3-1.0:4-1.0:5-1.0:6-1.0:7-1.0:8-1.0:9-1.0:10-1.0:35347-1:35348-0:35349-8000.0:35350-2000.0:35351-100000.0:35352-500.0,14.11
0-1.0:1-1.0:2-1.0:3-1.0:4-1.0:5-1.0:6-1.0:7-1.0:8-1.0:9-1.0:10-1.0:35347-1:35348-0:35349-8000.0:35350-2000.0:35351-100000.0:35352-750.0,16.83
0-1.0:1-1.0:2-1.0:3-1.0:4-1.0:5-1.0:6-1.0:7-1.0:8-1.0:9-1.0:10-1.0:35347-1:35348-0:35349-8000.0:35350-2000.0:35351-100000.0:35352-1000.0,12.46
0-1.0:1-1.0:2-1.0:3-1.0:4-1.0:5-1.0:6-1.0:7-1.0:8-1.0:9-1.0:10-1.0:35347-1:35348-0:35349-8000.0:35350-2000.0:35351-100000.0:35352-1500.0,11.55
0-1.0:1-1.0:2-1.0:3-1.0:4-1.0:5-1.0:6-1.0:7-1.0:8-1.0:9-1.0:10-1.0:35347-1:35348-0:35349-8000.0:35350-2000.0:35351-100000.0:35352-2500.0,12.97
0-1.0:1-1.0:2-1.0:3-1.0:4-1.0:5-1.0:6-1.0:7-1.0:8-1.0:9-1.0:10-1.0:35347-1:35348-0:35349-8000.0:35350-2000.0:35351-100000.0:35352-5000.0,10.83
0-1.0:1-1.0:2-1.0:3-1.0:4-1.0:5-1.0:6-1.0:7-1.0:8-1.0:9-1.0:10-1.0:35347-1:35348-0:35349-8000.0:35350-2000.0:35351-300000.0:35352-100.0,26.43
0-1.0:1-1.0:2-1.0:3-1.0:4-1.0:5-1.0:6-1.0:7-1.0:8-1.0:9-1.0:10-1.0:35347-1:35348-0:35349-8000.0:35350-2000.0:35351-300000.0:35352-150.0,20.42
0-1.0:1-1.0:2-1.0:3-1.0:4-1.0:5-1.0:6-1.0:7-1.0:8-1.0:9-1.0:10-1.0:35347-1:35348-0:35349-8000.0:35350-2000.0:35351-300000.0:35352-250.0,19.4
0-1.0:1-1.0:2-1.0:3-1.0:4-1.0:5-1.0:6-1.0:7-1.0:8-1.0:9-1.0:10-1.0:35347-1:35348-0:35349-8000.0:35350-2000.0:35351-300000.0:35352-500.0,16.2
0-1.0:1-1.0:2-1.0:3-1.0:4-1.0:5-1.0:6-1.0:7-1.0:8-1.0:9-1.0:10-1.0:35347-1:35348-0:35349-8000.0:35350-2000.0:35351-300000.0:35352-750.0,18.91
0-1.0:1-1.0:2-1.0:3-1.0:4-1.0:5-1.0:6-1.0:7-1.0:8-1.0:9-1.0:10-1.0:35347-1:35348-0:35349-8000.0:35350-2000.0:35351-300000.0:35352-1000.0,14.54
0-1.0:1-1.0:2-1.0:3-1.0:4-1.0:5-1.0:6-1.0:7-1.0:8-1.0:9-1.0:10-1.0:35347-1:35348-0:35349-8000.0:35350-2000.0:35351-300000.0:35352-1500.0,16.79
0-1.0:1-1.0:2-1.0:3-1.0:4-1.0:5-1.0:6-1.0:7-1.0:8-1.0:9-1.0:10-1.0:35347-1:35348-0:35349-8000.0:35350-2000.0:35351-300000.0:35352-2500.0,12.28
0-1.0:1-1.0:2-1.0:3-1.0:4-1.0:5-1.0:6-1.0:7-1.0:8-1.0:9-1.0:10-1.0:35347-1:35348-0:35349-8000.0:35350-2000.0:35351-300000.0:35352-5000.0,10.83
0-1.0:1-1.0:2-1.0:3-1.0:4-1.0:5-1.0:6-1.0:7-1.0:8-1.0:9-1.0:10-1.0:35347-1:35348-0:35349-8000.0:35350-2000.0:35351-500000.0:35352-100.0,22.84
0-1.0:1-1.0:2-1.0:3-1.0:4-1.0:5-1.0:6-1.0:7-1.0:8-1.0:9-1.0:10-1.0:35347-1:35348-0:35349-8000.0:35350-2000.0:35351-500000.0:35352-150.0,27.13
0-1.0:1-1.0:2-1.0:3-1.0:4-1.0:5-1.0:6-1.0:7-1.0:8-1.0:9-1.0:10-1.0:35347-1:35348-0:35349-8000.0:35350-2000.0:35351-500000.0:35352-250.0,23.28
0-1.0:1-1.0:2-1.0:3-1.0:4-1.0:5-1.0:6-1.0:7-1.0:8-1.0:9-1.0:10-1.0:35347-1:35348-0:35349-8000.0:35350-2000.0:35351-500000.0:35352-750.0,16.96
0-1.0:1-1.0:2-1.0:3-1.0:4-1.0:5-1.0:6-1.0:7-1.0:8-1.0:9-1.0:10-1.0:35347-1:35348-0:35349-8000.0:35350-2000.0:35351-500000.0:35352-1000.0,19.62
0-1.0:1-1.0:2-1.0:3-1.0:4-1.0:5-1.0:6-1.0:7-1.0:8-1.0:9-1.0:10-1.0:35347-1:35348-0:35349-8000.0:35350-2000.0:35351-500000.0:35352-1500.0,18.46
0-1.0:1-1.0:2-1.0:3-1.0:4-1.0:5-1.0:6-1.0:7-1.0:8-1.0:9-1.0:10-1.0:35347-1:35348-0:35349-8000.0:35350-2000.0:35351-500000.0:35352-2500.0,13.95
0-1.0:1-1.0:2-1.0:3-1.0:4-1.0:5-1.0:6-1.0:7-1.0:8-1.0:9-1.0:10-1.0:35347-1:35348-0:35349-8000.0:35350-2000.0:35351-500000.0:35352-5000.0,12.29
0-1.0:1-1.0:2-1.0:3-1.0:4-1.0:5-1.0:6-1.0:7-1.0:8-1.0:9-1.0:10-1.0:35347-1:35348-0:35349-12000.0:35350-1000.0:35351-100000.0:35352-100.0,18.84
0-1.0:1-1.0:2-1.0:3-1.0:4-1.0:5-1.0:6-1.0:7-1.0:8-1.0:9-1.0:10-1.0:35347-1:35348-0:35349-12000.0:35350-1000.0:35351-100000.0:35352-150.0,23.13
0-1.0:1-1.0:2-1.0:3-1.0:4-1.0:5-1.0:6-1.0:7-1.0:8-1.0:9-1.0:10-1.0:35347-1:35348-0:35349-12000.0:35350-1000.0:35351-100000.0:35352-250.0,15.07
0-1.0:1-1.0:2-1.0:3-1.0:4-1.0:5-1.0:6-1.0:7-1.0:8-1.0:9-1.0:10-1.0:35347-1:35348-0:35349-12000.0:35350-1000.0:35351-100000.0:35352-500.0,13.86
0-1.0:1-1.0:2-1.0:3-1.0:4-1.0:5-1.0:6-1.0:7-1.0:8-1.0:9-1.0:10-1.0:35347-1:35348-0:35349-12000.0:35350-1000.0:35351-100000.0:35352-750.0,12.96
0-1.0:1-1.0:2-1.0:3-1.0:4-1.0:5-1.0:6-1.0:7-1.0:8-1.0:9-1.0:10-1.0:35347-1:35348-0:35349-12000.0:35350-1000.0:35351-100000.0:35352-1500.0,11.3
0-1.0:1-1.0:2-1.0:3-1.0:4-1.0:5-1.0:6-1.0:7-1.0:8-1.0:9-1.0:10-1.0:35347-1:35348-0:35349-12000.0:35350-1000.0:35351-100000.0:35352-2500.0,19.89
0-1.0:1-1.0:2-1.0:3-1.0:4-1.0:5-1.0:6-1.0:7-1.0:8-1.0:9-1.0:10-1.0:35347-1:35348-0:35349-12000.0:35350-1000.0:35351-100000.0:35352-5000.0,10.83
0-1.0:1-1.0:2-1.0:3-1.0:4-1.0:5-1.0:6-1.0:7-1.0:8-1.0:9-1.0:10-1.0:35347-1:35348-0:35349-12000.0:35350-1000.0:35351-300000.0:35352-100.0,20.92
0-1.0:1-1.0:2-1.0:3-1.0:4-1.0:5-1.0:6-1.0:7-1.0:8-1.0:9-1.0:10-1.0:35347-1:35348-0:35349-12000.0:35350-1000.0:35351-300000.0:35352-150.0,25.22
0-1.0:1-1.0:2-1.0:3-1.0:4-1.0:5-1.0:6-1.0:7-1.0:8-1.0:9-1.0:10-1.0:35347-1:35348-0:35349-12000.0:35350-1000.0:35351-300000.0:35352-250.0,17.15
0-1.0:1-1.0:2-1.0:3-1.0:4-1.0:5-1.0:6-1.0:7-1.0:8-1.0:9-1.0:10-1.0:35347-1:35348-0:35349-12000.0:35350-1000.0:35351-300000.0:35352-500.0,15.95
0-1.0:1-1.0:2-1.0:3-1.0:4-1.0:5-1.0:6-1.0:7-1.0:8-1.0:9-1.0:10-1.0:35347-1:35348-0:35349-12000.0:35350-1000.0:35351-300000.0:35352-750.0,15.04
0-1.0:1-1.0:2-1.0:3-1.0:4-1.0:5-1.0:6-1.0:7-1.0:8-1.0:9-1.0:10-1.0:35347-1:35348-0:35349-12000.0:35350-1000.0:35351-300000.0:35352-1000.0,14.29
0-1.0:1-1.0:2-1.0:3-1.0:4-1.0:5-1.0:6-1.0:7-1.0:8-1.0:9-1.0:10-1.0:35347-1:35348-0:35349-12000.0:35350-1000.0:35351-300000.0:35352-1500.0,13.38
0-1.0:1-1.0:2-1.0:3-1.0:4-1.0:5-1.0:6-1.0:7-1.0:8-1.0:9-1.0:10-1.0:35347-1:35348-0:35349-12000.0:35350-1000.0:35351-300000.0:35352-5000.0,10.83
0-1.0:1-1.0:2-1.0:3-1.0:4-1.0:5-1.0:6-1.0:7-1.0:8-1.0:9-1.0:10-1.0:35347-1:35348-0:35349-12000.0:35350-1000.0:35351-500000.0:35352-100.0,22.59
0-1.0:1-1.0:2-1.0:3-1.0:4-1.0:5-1.0:6-1.0:7-1.0:8-1.0:9-1.0:10-1.0:35347-1:35348-0:35349-12000.0:35350-1000.0:35351-500000.0:35352-150.0,21.83
0-1.0:1-1.0:2-1.0:3-1.0:4-1.0:5-1.0:6-1.0:7-1.0:8-1.0:9-1.0:10-1.0:35347-1:35348-0:35349-12000.0:35350-1000.0:35351-500000.0:35352-250.0,18.82
0-1.0:1-1.0:2-1.0:3-1.0:4-1.0:5-1.0:6-1.0:7-1.0:8-1.0:9-1.0:10-1.0:35347-1:35348-0:35349-12000.0:35350-1000.0:35351-500000.0:35352-500.0,17.61
0-1.0:1-1.0:2-1.0:3-1.0:4-1.0:5-1.0:6-1.0:7-1.0:8-1.0:9-1.0:10-1.0:35347-1:35348-0:35349-12000.0:35350-1000.0:35351-500000.0:35352-750.0,16.71
0-1.0:1-1.0:2-1.0:3-1.0:4-1.0:5-1.0:6-1.0:7-1.0:8-1.0:9-1.0:10-1.0:35347-1:35348-0:35349-12000.0:35350-1000.0:35351-500000.0:35352-1000.0,15.96
0-1.0:1-1.0:2-1.0:3-1.0:4-1.0:5-1.0:6-1.0:7-1.0:8-1.0:9-1.0:10-1.0:35347-1:35348-0:35349-12000.0:35350-1000.0:35351-500000.0:35352-2500.0,15.01
0-1.0:1-1.0:2-1.0:3-1.0:4-1.0:5-1.0:6-1.0:7-1.0:8-1.0:9-1.0:10-1.0:35347-1:35348-0:35349-12000.0:35350-1000.0:35351-500000.0:35352-5000.0,12.04
0-1.0:1-1.0:2-1.0:3-1.0:4-1.0:5-1.0:6-1.0:7-1.0:8-1.0:9-1.0:10-1.0:35347-1:35348-0:35349-12000.0:35350-2000.0:35351-100000.0:35352-100.0,19.09
0-1.0:1-1.0:2-1.0:3-1.0:4-1.0:5-1.0:6-1.0:7-1.0:8-1.0:9-1.0:10-1.0:35347-1:35348-0:35349-12000.0:35350-2000.0:35351-100000.0:35352-150.0,23.38
0-1.0:1-1.0:2-1.0:3-1.0:4-1.0:5-1.0:6-1.0:7-1.0:8-1.0:9-1.0:10-1.0:35347-1:35348-0:35349-12000.0:35350-2000.0:35351-100000.0:35352-250.0,15.32
0-1.0:1-1.0:2-1.0:3-1.0:4-1.0:5-1.0:6-1.0:7-1.0:8-1.0:9-1.0:10-1.0:35347-1:35348-0:35349-12000.0:35350-2000.0:35351-100000.0:35352-500.0,15.95
0-1.0:1-1.0:2-1.0:3-1.0:4-1.0:5-1.0:6-1.0:7-1.0:8-1.0:9-1.0:10-1.0:35347-1:35348-0:35349-12000.0:35350-2000.0:35351-100000.0:35352-750.0,16.83
0-1.0:1-1.0:2-1.0:3-1.0:4-1.0:5-1.0:6-1.0:7-1.0:8-1.0:9-1.0:10-1.0:35347-1:35348-0:35349-12000.0:35350-2000.0:35351-100000.0:35352-1000.0,12.46
0-1.0:1-1.0:2-1.0:3-1.0:4-1.0:5-1.0:6-1.0:7-1.0:8-1.0:9-1.0:10-1.0:35347-1:35348-0:35349-12000.0:35350-2000.0:35351-100000.0:35352-1500.0,11.55
0-1.0:1-1.0:2-1.0:3-1.0:4-1.0:5-1.0:6-1.0:7-1.0:8-1.0:9-1.0:10-1.0:35347-1:35348-0:35349-12000.0:35350-2000.0:35351-100000.0:35352-5000.0,10.83
0-1.0:1-1.0:2-1.0:3-1.0:4-1.0:5-1.0:6-1.0:7-1.0:8-1.0:9-1.0:10-1.0:35347-1:35348-0:35349-12000.0:35350-2000.0:35351-300000.0:35352-150.0,20.42
0-1.0:1-1.0:2-1.0:3-1.0:4-1.0:5-1.0:6-1.0:7-1.0:8-1.0:9-1.0:10-1.0:35347-1:35348-0:35349-12000.0:35350-2000.0:35351-300000.0:35352-500.0,20.07
0-1.0:1-1.0:2-1.0:3-1.0:4-1.0:5-1.0:6-1.0:7-1.0:8-1.0:9-1.0:10-1.0:35347-1:35348-0:35349-12000.0:35350-2000.0:35351-300000.0:35352-750.0,15.29
0-1.0:1-1.0:2-1.0:3-1.0:4-1.0:5-1.0:6-1.0:7-1.0:8-1.0:9-1.0:10-1.0:35347-1:35348-0:35349-12000.0:35350-2000.0:35351-300000.0:35352-1000.0,17.95
0-1.0:1-1.0:2-1.0:3-1.0:4-1.0:5-1.0:6-1.0:7-1.0:8-1.0:9-1.0:10-1.0:35347-1:35348-0:35349-12000.0:35350-2000.0:35351-300000.0:35352-1500.0,13.63
0-1.0:1-1.0:2-1.0:3-1.0:4-1.0:5-1.0:6-1.0:7-1.0:8-1.0:9-1.0:10-1.0:35347-1:35348-0:35349-12000.0:35350-2000.0:35351-300000.0:35352-2500.0,12.28
0-1.0:1-1.0:2-1.0:3-1.0:4-1.0:5-1.0:6-1.0:7-1.0:8-1.0:9-1.0:10-1.0:35347-1:35348-0:35349-12000.0:35350-2000.0:35351-300000.0:35352-5000.0,10.83
0-1.0:1-1.0:2-1.0:3-1.0:4-1.0:5-1.0:6-1.0:7-1.0:8-1.0:9-1.0:10-1.0:35347-1:35348-0:35349-12000.0:35350-2000.0:35351-500000.0:35352-150.0,27.13
0-1.0:1-1.0:2-1.0:3-1.0:4-1.0:5-1.0:6-1.0:7-1.0:8-1.0:9-1.0:10-1.0:35347-1:35348-0:35349-12000.0:35350-2000.0:35351-500000.0:35352-250.0,19.07
0-1.0:1-1.0:2-1.0:3-1.0:4-1.0:5-1.0:6-1.0:7-1.0:8-1.0:9-1.0:10-1.0:35347-1:35348-0:35349-12000.0:35350-2000.0:35351-500000.0:35352-750.0,16.96
0-1.0:1-1.0:2-1.0:3-1.0:4-1.0:5-1.0:6-1.0:7-1.0:8-1.0:9-1.0:10-1.0:35347-1:35348-0:35349-12000.0:35350-2000.0:35351-500000.0:35352-1000.0,16.21
0-1.0:1-1.0:2-1.0:3-1.0:4-1.0:5-1.0:6-1.0:7-1.0:8-1.0:9-1.0:10-1.0:35347-1:35348-0:35349-12000.0:35350-2000.0:35351-500000.0:35352-1500.0,15.3
0-1.0:1-1.0:2-1.0:3-1.0:4-1.0:5-1.0:6-1.0:7-1.0:8-1.0:9-1.0:10-1.0:35347-1:35348-0:35349-12000.0:35350-2000.0:35351-500000.0:35352-2500.0,13.95
0-1.0:1-1.0:2-1.0:3-1.0:4-1.0:5-1.0:6-1.0:7-1.0:8-1.0:9-1.0:10-1.0:35347-1:35348-0:35349-12000.0:35350-2000.0:35351-500000.0:35352-5000.0,12.29
0-1.0:1-1.0:2-1.0:3-1.0:4-1.0:5-1.0:6-1.0:7-1.0:8-1.0:9-1.0:10-1.0:35347-1:35348-0:35349-16000.0:35350-1000.0:35351-100000.0:35352-100.0,19.11
0-1.0:1-1.0:2-1.0:3-1.0:4-1.0:5-1.0:6-1.0:7-1.0:8-1.0:9-1.0:10-1.0:35347-1:35348-0:35349-16000.0:35350-1000.0:35351-100000.0:35352-150.0,18.35
0-1.0:1-1.0:2-1.0:3-1.0:4-1.0:5-1.0:6-1.0:7-1.0:8-1.0:9-1.0:10-1.0:35347-1:35348-0:35349-16000.0:35350-1000.0:35351-100000.0:35352-250.0,15.29
0-1.0:1-1.0:2-1.0:3-1.0:4-1.0:5-1.0:6-1.0:7-1.0:8-1.0:9-1.0:10-1.0:35347-1:35348-0:35349-16000.0:35350-1000.0:35351-100000.0:35352-500.0,18.01
0-1.0:1-1.0:2-1.0:3-1.0:4-1.0:5-1.0:6-1.0:7-1.0:8-1.0:9-1.0:10-1.0:35347-1:35348-0:35349-16000.0:35350-1000.0:35351-100000.0:35352-1500.0,11.47
0-1.0:1-1.0:2-1.0:3-1.0:4-1.0:5-1.0:6-1.0:7-1.0:8-1.0:9-1.0:10-1.0:35347-1:35348-0:35349-16000.0:35350-1000.0:35351-100000.0:35352-2500.0,12.92
0-1.0:1-1.0:2-1.0:3-1.0:4-1.0:5-1.0:6-1.0:7-1.0:8-1.0:9-1.0:10-1.0:35347-1:35348-0:35349-16000.0:35350-1000.0:35351-100000.0:35352-5000.0,10.83
0-1.0:1-1.0:2-1.0:3-1.0:4-1.0:5-1.0:6-1.0:7-1.0:8-1.0:9-1.0:10-1.0:35347-1:35348-0:35349-16000.0:35350-1000.0:35351-300000.0:35352-150.0,22.82
0-1.0:1-1.0:2-1.0:3-1.0:4-1.0:5-1.0:6-1.0:7-1.0:8-1.0:9-1.0:10-1.0:35347-1:35348-0:35349-16000.0:35350-1000.0:35351-300000.0:35352-250.0,17.37
0-1.0:1-1.0:2-1.0:3-1.0:4-1.0:5-1.0:6-1.0:7-1.0:8-1.0:9-1.0:10-1.0:35347-1:35348-0:35349-16000.0:35350-1000.0:35351-300000.0:35352-500.0,16.15
0-1.0:1-1.0:2-1.0:3-1.0:4-1.0:5-1.0:6-1.0:7-1.0:8-1.0:9-1.0:10-1.0:35347-1:35348-0:35349-16000.0:35350-1000.0:35351-300000.0:35352-750.0,15.23
0-1.0:1-1.0:2-1.0:3-1.0:4-1.0:5-1.0:6-1.0:7-1.0:8-1.0:9-1.0:10-1.0:35347-1:35348-0:35349-16000.0:35350-1000.0:35351-300000.0:35352-1000.0,17.94
0-1.0:1-1.0:2-1.0:3-1.0:4-1.0:5-1.0:6-1.0:7-1.0:8-1.0:9-1.0:10-1.0:35347-1:35348-0:35349-16000.0:35350-1000.0:35351-300000.0:35352-1500.0,13.55
0-1.0:1-1.0:2-1.0:3-1.0:4-1.0:5-1.0:6-1.0:7-1.0:8-1.0:9-1.0:10-1.0:35347-1:35348-0:35349-16000.0:35350-1000.0:35351-300000.0:35352-2500.0,12.18
0-1.0:1-1.0:2-1.0:3-1.0:4-1.0:5-1.0:6-1.0:7-1.0:8-1.0:9-1.0:10-1.0:35347-1:35348-0:35349-16000.0:35350-1000.0:35351-300000.0:35352-5000.0,10.83
0-1.0:1-1.0:2-1.0:3-1.0:4-1.0:5-1.0:6-1.0:7-1.0:8-1.0:9-1.0:10-1.0:35347-1:35348-0:35349-16000.0:35350-1000.0:35351-500000.0:35352-100.0,22.86
0-1.0:1-1.0:2-1.0:3-1.0:4-1.0:5-1.0:6-1.0:7-1.0:8-1.0:9-1.0:10-1.0:35347-1:35348-0:35349-16000.0:35350-1000.0:35351-500000.0:35352-150.0,22.1
0-1.0:1-1.0:2-1.0:3-1.0:4-1.0:5-1.0:6-1.0:7-1.0:8-1.0:9-1.0:10-1.0:35347-1:35348-0:35349-16000.0:35350-1000.0:35351-500000.0:35352-250.0,19.04
0-1.0:1-1.0:2-1.0:3-1.0:4-1.0:5-1.0:6-1.0:7-1.0:8-1.0:9-1.0:10-1.0:35347-1:35348-0:35349-16000.0:35350-1000.0:35351-500000.0:35352-750.0,16.9
0-1.0:1-1.0:2-1.0:3-1.0:4-1.0:5-1.0:6-1.0:7-1.0:8-1.0:9-1.0:10-1.0:35347-1:35348-0:35349-16000.0:35350-1000.0:35351-500000.0:35352-1000.0,28.52
0-1.0:1-1.0:2-1.0:3-1.0:4-1.0:5-1.0:6-1.0:7-1.0:8-1.0:9-1.0:10-1.0:35347-1:35348-0:35349-16000.0:35350-1000.0:35351-500000.0:35352-2500.0,13.84
0-1.0:1-1.0:2-1.0:3-1.0:4-1.0:5-1.0:6-1.0:7-1.0:8-1.0:9-1.0:10-1.0:35347-1:35348-0:35349-16000.0:35350-1000.0:35351-500000.0:35352-5000.0,12.16
0-1.0:1-1.0:2-1.0:3-1.0:4-1.0:5-1.0:6-1.0:7-1.0:8-1.0:9-1.0:10-1.0:35347-1:35348-0:35349-16000.0:35350-2000.0:35351-100000.0:35352-100.0,21.86
0-1.0:1-1.0:2-1.0:3-1.0:4-1.0:5-1.0:6-1.0:7-1.0:8-1.0:9-1.0:10-1.0:35347-1:35348-0:35349-16000.0:35350-2000.0:35351-100000.0:35352-150.0,18.6
0-1.0:1-1.0:2-1.0:3-1.0:4-1.0:5-1.0:6-1.0:7-1.0:8-1.0:9-1.0:10-1.0:35347-1:35348-0:35349-16000.0:35350-2000.0:35351-100000.0:35352-250.0,15.54
0-1.0:1-1.0:2-1.0:3-1.0:4-1.0:5-1.0:6-1.0:7-1.0:8-1.0:9-1.0:10-1.0:35347-1:35348-0:35349-16000.0:35350-2000.0:35351-100000.0:35352-500.0,14.32
0-1.0:1-1.0:2-1.0:3-1.0:4-1.0:5-1.0:6-1.0:7-1.0:8-1.0:9-1.0:10-1.0:35347-1:35348-0:35349-16000.0:35350-2000.0:35351-100000.0:35352-750.0,13.4
0-1.0:1-1.0:2-1.0:3-1.0:4-1.0:5-1.0:6-1.0:7-1.0:8-1.0:9-1.0:10-1.0:35347-1:35348-0:35349-16000.0:35350-2000.0:35351-100000.0:35352-1500.0,11.72
0-1.0:1-1.0:2-1.0:3-1.0:4-1.0:5-1.0:6-1.0:7-1.0:8-1.0:9-1.0:10-1.0:35347-1:35348-0:35349-16000.0:35350-2000.0:35351-300000.0:35352-100.0,26.8
0-1.0:1-1.0:2-1.0:3-1.0:4-1.0:5-1.0:6-1.0:7-1.0:8-1.0:9-1.0:10-1.0:35347-1:35348-0:35349-16000.0:35350-2000.0:35351-300000.0:35352-500.0,16.4
0-1.0:1-1.0:2-1.0:3-1.0:4-1.0:5-1.0:6-1.0:7-1.0:8-1.0:9-1.0:10-1.0:35347-1:35348-0:35349-16000.0:35350-2000.0:35351-300000.0:35352-750.0,19.17
0-1.0:1-1.0:2-1.0:3-1.0:4-1.0:5-1.0:6-1.0:7-1.0:8-1.0:9-1.0:10-1.0:35347-1:35348-0:35349-16000.0:35350-2000.0:35351-300000.0:35352-2500.0,12.43
0-1.0:1-1.0:2-1.0:3-1.0:4-1.0:5-1.0:6-1.0:7-1.0:8-1.0:9-1.0:10-1.0:35347-1:35348-0:35349-16000.0:35350-2000.0:35351-300000.0:35352-5000.0,13.1
0-1.0:1-1.0:2-1.0:3-1.0:4-1.0:5-1.0:6-1.0:7-1.0:8-1.0:9-1.0:10-1.0:35347-1:35348-0:35349-16000.0:35350-2000.0:35351-500000.0:35352-100.0,23.11
0-1.0:1-1.0:2-1.0:3-1.0:4-1.0:5-1.0:6-1.0:7-1.0:8-1.0:9-1.0:10-1.0:35347-1:35348-0:35349-16000.0:35350-2000.0:35351-500000.0:35352-150.0,22.35
0-1.0:1-1.0:2-1.0:3-1.0:4-1.0:5-1.0:6-1.0:7-1.0:8-1.0:9-1.0:10-1.0:35347-1:35348-0:35349-16000.0:35350-2000.0:35351-500000.0:35352-250.0,23.57
0-1.0:1-1.0:2-1.0:3-1.0:4-1.0:5-1.0:6-1.0:7-1.0:8-1.0:9-1.0:10-1.0:35347-1:35348-0:35349-16000.0:35350-2000.0:35351-500000.0:35352-750.0,17.15
0-1.0:1-1.0:2-1.0:3-1.0:4-1.0:5-1.0:6-1.0:7-1.0:8-1.0:9-1.0:10-1.0:35347-1:35348-0:35349-16000.0:35350-2000.0:35351-500000.0:35352-1000.0,16.39
0-1.0:1-1.0:2-1.0:3-1.0:4-1.0:5-1.0:6-1.0:7-1.0:8-1.0:9-1.0:10-1.0:35347-1:35348-0:35349-16000.0:35350-2000.0:35351-500000.0:35352-1500.0,15.47
0-1.0:1-1.0:2-1.0:3-1.0:4-1.0:5-1.0:6-1.0:7-1.0:8-1.0:9-1.0:10-1.0:35347-1:35348-0:35349-20000.0:35350-1000.0:35351-100000.0:35352-100.0,20.31
0-1.0:1-1.0:2-1.0:3-1.0:4-1.0:5-1.0:6-1.0:7-1.0:8-1.0:9-1.0:10-1.0:35347-1:35348-0:35349-20000.0:35350-1000.0:35351-100000.0:35352-500.0,14.95
0-1.0:1-1.0:2-1.0:3-1.0:4-1.0:5-1.0:6-1.0:7-1.0:8-1.0:9-1.0:10-1.0:35347-1:35348-0:35349-20000.0:35350-1000.0:35351-100000.0:35352-5000.0,10.83
0-1.0:1-1.0:2-1.0:3-1.0:4-1.0:5-1.0:6-1.0:7-1.0:8-1.0:9-1.0:10-1.0:35347-1:35348-0:35349-20000.0:35350-1000.0:35351-300000.0:35352-250.0,18.33
0-1.0:1-1.0:2-1.0:3-1.0:4-1.0:5-1.0:6-1.0:7-1.0:8-1.0:9-1.0:10-1.0:35347-1:35348-0:35349-20000.0:35350-1000.0:35351-300000.0:35352-1000.0,28.47
0-1.0:1-1.0:2-1.0:3-1.0:4-1.0:5-1.0:6-1.0:7-1.0:8-1.0:9-1.0:10-1.0:35347-1:35348-0:35349-20000.0:35350-1000.0:35351-300000.0:35352-5000.0,11.02
0-1.0:1-1.0:2-1.0:3-1.0:4-1.0:5-1.0:6-1.0:7-1.0:8-1.0:9-1.0:10-1.0:35347-1:35348-0:35349-20000.0:35350-1000.0:35351-500000.0:35352-100.0,24.06
0-1.0:1-1.0:2-1.0:3-1.0:4-1.0:5-1.0:6-1.0:7-1.0:8-1.0:9-1.0:10-1.0:35347-1:35348-0:35349-20000.0:35350-1000.0:35351-500000.0:35352-150.0,23.25
0-1.0:1-1.0:2-1.0:3-1.0:4-1.0:5-1.0:6-1.0:7-1.0:8-1.0:9-1.0:10-1.0:35347-1:35348-0:35349-20000.0:35350-1000.0:35351-500000.0:35352-250.0,20.0
0-1.0:1-1.0:2-1.0:3-1.0:4-1.0:5-1.0:6-1.0:7-1.0:8-1.0:9-1.0:10-1.0:35347-1:35348-0:35349-20000.0:35350-1000.0:35351-500000.0:35352-500.0,33.72
0-1.0:1-1.0:2-1.0:3-1.0:4-1.0:5-1.0:6-1.0:7-1.0:8-1.0:9-1.0:10-1.0:35347-1:35348-0:35349-20000.0:35350-1000.0:35351-500000.0:35352-1000.0,20.56
0-1.0:1-1.0:2-1.0:3-1.0:4-1.0:5-1.0:6-1.0:7-1.0:8-1.0:9-1.0:10-1.0:35347-1:35348-0:35349-20000.0:35350-1000.0:35351-500000.0:35352-1500.0,19.32
0-1.0:1-1.0:2-1.0:3-1.0:4-1.0:5-1.0:6-1.0:7-1.0:8-1.0:9-1.0:10-1.0:35347-1:35348-0:35349-20000.0:35350-1000.0:35351-500000.0:35352-2500.0,14.48
0-1.0:1-1.0:2-1.0:3-1.0:4-1.0:5-1.0:6-1.0:7-1.0:8-1.0:9-1.0:10-1.0:35347-1:35348-0:35349-20000.0:35350-1000.0:35351-500000.0:35352-5000.0,12.69
0-1.0:1-1.0:2-1.0:3-1.0:4-1.0:5-1.0:6-1.0:7-1.0:8-1.0:9-1.0:10-1.0:35347-1:35348-0:35349-20000.0:35350-2000.0:35351-100000.0:35352-500.0,15.2
0-1.0:1-1.0:2-1.0:3-1.0:4-1.0:5-1.0:6-1.0:7-1.0:8-1.0:9-1.0:10-1.0:35347-1:35348-0:35349-20000.0:35350-2000.0:35351-100000.0:35352-750.0,14.23
0-1.0:1-1.0:2-1.0:3-1.0:4-1.0:5-1.0:6-1.0:7-1.0:8-1.0:9-1.0:10-1.0:35347-1:35348-0:35349-20000.0:35350-2000.0:35351-100000.0:35352-1000.0,13.41
0-1.0:1-1.0:2-1.0:3-1.0:4-1.0:5-1.0:6-1.0:7-1.0:8-1.0:9-1.0:10-1.0:35347-1:35348-0:35349-20000.0:35350-2000.0:35351-100000.0:35352-1500.0,12.44
0-1.0:1-1.0:2-1.0:3-1.0:4-1.0:5-1.0:6-1.0:7-1.0:8-1.0:9-1.0:10-1.0:35347-1:35348-0:35349-20000.0:35350-2000.0:35351-100000.0:35352-2500.0,10.98
0-1.0:1-1.0:2-1.0:3-1.0:4-1.0:5-1.0:6-1.0:7-1.0:8-1.0:9-1.0:10-1.0:35347-1:35348-0:35349-20000.0:35350-2000.0:35351-100000.0:35352-5000.0,10.83
0-1.0:1-1.0:2-1.0:3-1.0:4-1.0:5-1.0:6-1.0:7-1.0:8-1.0:9-1.0:10-1.0:35347-1:35348-0:35349-20000.0:35350-2000.0:35351-300000.0:35352-150.0,24.49
0-1.0:1-1.0:2-1.0:3-1.0:4-1.0:5-1.0:6-1.0:7-1.0:8-1.0:9-1.0:10-1.0:35347-1:35348-0:35349-20000.0:35350-2000.0:35351-300000.0:35352-250.0,18.58
0-1.0:1-1.0:2-1.0:3-1.0:4-1.0:5-1.0:6-1.0:7-1.0:8-1.0:9-1.0:10-1.0:35347-1:35348-0:35349-20000.0:35350-2000.0:35351-300000.0:35352-750.0,16.31
0-1.0:1-1.0:2-1.0:3-1.0:4-1.0:5-1.0:6-1.0:7-1.0:8-1.0:9-1.0:10-1.0:35347-1:35348-0:35349-20000.0:35350-2000.0:35351-300000.0:35352-1000.0,15.5
0-1.0:1-1.0:2-1.0:3-1.0:4-1.0:5-1.0:6-1.0:7-1.0:8-1.0:9-1.0:10-1.0:35347-1:35348-0:35349-20000.0:35350-2000.0:35351-300000.0:35352-1500.0,14.52
0-1.0:1-1.0:2-1.0:3-1.0:4-1.0:5-1.0:6-1.0:7-1.0:8-1.0:9-1.0:10-1.0:35347-1:35348-0:35349-20000.0:35350-2000.0:35351-300000.0:35352-5000.0,13.75
0-1.0:1-1.0:2-1.0:3-1.0:4-1.0:5-1.0:6-1.0:7-1.0:8-1.0:9-1.0:10-1.0:35347-1:35348-0:35349-20000.0:35350-2000.0:35351-500000.0:35352-100.0,29.95
0-1.0:1-1.0:2-1.0:3-1.0:4-1.0:5-1.0:6-1.0:7-1.0:8-1.0:9-1.0:10-1.0:35347-1:35348-0:35349-20000.0:35350-2000.0:35351-500000.0:35352-250.0,20.25
0-1.0:1-1.0:2-1.0:3-1.0:4-1.0:5-1.0:6-1.0:7-1.0:8-1.0:9-1.0:10-1.0:35347-1:35348-0:35349-20000.0:35350-2000.0:35351-500000.0:35352-1000.0,17.16
0-1.0:1-1.0:2-1.0:3-1.0:4-1.0:5-1.0:6-1.0:7-1.0:8-1.0:9-1.0:10-1.0:35347-1:35348-0:35349-20000.0:35350-2000.0:35351-500000.0:35352-1500.0,19.57
0-1.0:1-1.0:2-1.0:3-1.0:4-1.0:5-1.0:6-1.0:7-1.0:8-1.0:9-1.0:10-1.0:35347-1:35348-0:35349-20000.0:35350-2000.0:35351-500000.0:35352-2500.0,14.73
0-1.0:1-1.0:2-1.0:3-1.0:4-1.0:5-1.0:6-1.0:7-1.0:8-1.0:9-1.0:10-1.0:35347-1:35348-0:35349-24000.0:35350-1000.0:35351-100000.0:35352-100.0,21.51
0-1.0:1-1.0:2-1.0:3-1.0:4-1.0:5-1.0:6-1.0:7-1.0:8-1.0:9-1.0:10-1.0:35347-1:35348-0:35349-24000.0:35350-1000.0:35351-100000.0:35352-750.0,18.87
0-1.0:1-1.0:2-1.0:3-1.0:4-1.0:5-1.0:6-1.0:7-1.0:8-1.0:9-1.0:10-1.0:35347-1:35348-0:35349-24000.0:35350-1000.0:35351-100000.0:35352-2500.0,11.36
0-1.0:1-1.0:2-1.0:3-1.0:4-1.0:5-1.0:6-1.0:7-1.0:8-1.0:9-1.0:10-1.0:35347-1:35348-0:35349-24000.0:35350-1000.0:35351-100000.0:35352-5000.0,10.83
0-1.0:1-1.0:2-1.0:3-1.0:4-1.0:5-1.0:6-1.0:7-1.0:8-1.0:9-1.0:10-1.0:35347-1:35348-0:35349-24000.0:35350-1000.0:35351-300000.0:35352-100.0,29.51
0-1.0:1-1.0:2-1.0:3-1.0:4-1.0:5-1.0:6-1.0:7-1.0:8-1.0:9-1.0:10-1.0:35347-1:35348-0:35349-24000.0:35350-1000.0:35351-300000.0:35352-150.0,28.41
0-1.0:1-1.0:2-1.0:3-1.0:4-1.0:5-1.0:6-1.0:7-1.0:8-1.0:9-1.0:10-1.0:35347-1:35348-0:35349-24000.0:35350-1000.0:35351-300000.0:35352-250.0,19.3
0-1.0:1-1.0:2-1.0:3-1.0:4-1.0:5-1.0:6-1.0:7-1.0:8-1.0:9-1.0:10-1.0:35347-1:35348-0:35349-24000.0:35350-1000.0:35351-300000.0:35352-500.0,17.92
0-1.0:1-1.0:2-1.0:3-1.0:4-1.0:5-1.0:6-1.0:7-1.0:8-1.0:9-1.0:10-1.0:35347-1:35348-0:35349-24000.0:35350-1000.0:35351-300000.0:35352-750.0,16.89
0-1.0:1-1.0:2-1.0:3-1.0:4-1.0:5-1.0:6-1.0:7-1.0:8-1.0:9-1.0:10-1.0:35347-1:35348-0:35349-24000.0:35350-1000.0:35351-300000.0:35352-1500.0,14.99
0-1.0:1-1.0:2-1.0:3-1.0:4-1.0:5-1.0:6-1.0:7-1.0:8-1.0:9-1.0:10-1.0:35347-1:35348-0:35349-24000.0:35350-1000.0:35351-300000.0:35352-2500.0,13.44
0-1.0:1-1.0:2-1.0:3-1.0:4-1.0:5-1.0:6-1.0:7-1.0:8-1.0:9-1.0:10-1.0:35347-1:35348-0:35349-24000.0:35350-1000.0:35351-300000.0:35352-5000.0,11.55
0-1.0:1-1.0:2-1.0:3-1.0:4-1.0:5-1.0:6-1.0:7-1.0:8-1.0:9-1.0:10-1.0:35347-1:35348-0:35349-24000.0:35350-1000.0:35351-500000.0:35352-100.0,25.26
0-1.0:1-1.0:2-1.0:3-1.0:4-1.0:5-1.0:6-1.0:7-1.0:8-1.0:9-1.0:10-1.0:35347-1:35348-0:35349-24000.0:35350-1000.0:35351-500000.0:35352-150.0,24.4
0-1.0:1-1.0:2-1.0:3-1.0:4-1.0:5-1.0:6-1.0:7-1.0:8-1.0:9-1.0:10-1.0:35347-1:35348-0:35349-24000.0:35350-1000.0:35351-500000.0:35352-250.0,20.96
0-1.0:1-1.0:2-1.0:3-1.0:4-1.0:5-1.0:6-1.0:7-1.0:8-1.0:9-1.0:10-1.0:35347-1:35348-0:35349-24000.0:35350-1000.0:35351-500000.0:35352-500.0,19.58
0-1.0:1-1.0:2-1.0:3-1.0:4-1.0:5-1.0:6-1.0:7-1.0:8-1.0:9-1.0:10-1.0:35347-1:35348-0:35349-24000.0:35350-1000.0:35351-500000.0:35352-1000.0,21.52
0-1.0:1-1.0:2-1.0:3-1.0:4-1.0:5-1.0:6-1.0:7-1.0:8-1.0:9-1.0:10-1.0:35347-1:35348-0:35349-24000.0:35350-1000.0:35351-500000.0:35352-1500.0,16.66
0-1.0:1-1.0:2-1.0:3-1.0:4-1.0:5-1.0:6-1.0:7-1.0:8-1.0:9-1.0:10-1.0:35347-1:35348-0:35349-24000.0:35350-1000.0:35351-500000.0:35352-2500.0,16.62
0-1.0:1-1.0:2-1.0:3-1.0:4-1.0:5-1.0:6-1.0:7-1.0:8-1.0:9-1.0:10-1.0:35347-1:35348-0:35349-24000.0:35350-1000.0:35351-500000.0:35352-5000.0,14.48
0-1.0:1-1.0:2-1.0:3-1.0:4-1.0:5-1.0:6-1.0:7-1.0:8-1.0:9-1.0:10-1.0:35347-1:35348-0:35349-24000.0:35350-2000.0:35351-100000.0:35352-100.0,24.63
0-1.0:1-1.0:2-1.0:3-1.0:4-1.0:5-1.0:6-1.0:7-1.0:8-1.0:9-1.0:10-1.0:35347-1:35348-0:35349-24000.0:35350-2000.0:35351-100000.0:35352-250.0,17.46
0-1.0:1-1.0:2-1.0:3-1.0:4-1.0:5-1.0:6-1.0:7-1.0:8-1.0:9-1.0:10-1.0:35347-1:35348-0:35349-24000.0:35350-2000.0:35351-100000.0:35352-500.0,16.08
0-1.0:1-1.0:2-1.0:3-1.0:4-1.0:5-1.0:6-1.0:7-1.0:8-1.0:9-1.0:10-1.0:35347-1:35348-0:35349-24000.0:35350-2000.0:35351-100000.0:35352-750.0,15.05
0-1.0:1-1.0:2-1.0:3-1.0:4-1.0:5-1.0:6-1.0:7-1.0:8-1.0:9-1.0:10-1.0:35347-1:35348-0:35349-24000.0:35350-2000.0:35351-100000.0:35352-1500.0,13.16
0-1.0:1-1.0:2-1.0:3-1.0:4-1.0:5-1.0:6-1.0:7-1.0:8-1.0:9-1.0:10-1.0:35347-1:35348-0:35349-24000.0:35350-2000.0:35351-300000.0:35352-100.0,45.36
0-1.0:1-1.0:2-1.0:3-1.0:4-1.0:5-1.0:6-1.0:7-1.0:8-1.0:9-1.0:10-1.0:35347-1:35348-0:35349-24000.0:35350-2000.0:35351-300000.0:35352-150.0,22.99
0-1.0:1-1.0:2-1.0:3-1.0:4-1.0:5-1.0:6-1.0:7-1.0:8-1.0:9-1.0:10-1.0:35347-1:35348-0:35349-24000.0:35350-2000.0:35351-300000.0:35352-250.0,19.55
0-1.0:1-1.0:2-1.0:3-1.0:4-1.0:5-1.0:6-1.0:7-1.0:8-1.0:9-1.0:10-1.0:35347-1:35348-0:35349-24000.0:35350-2000.0:35351-300000.0:35352-1000.0,20.1
0-1.0:1-1.0:2-1.0:3-1.0:4-1.0:5-1.0:6-1.0:7-1.0:8-1.0:9-1.0:10-1.0:35347-1:35348-0:35349-24000.0:35350-2000.0:35351-300000.0:35352-1500.0,15.24
0-1.0:1-1.0:2-1.0:3-1.0:4-1.0:5-1.0:6-1.0:7-1.0:8-1.0:9-1.0:10-1.0:35347-1:35348-0:35349-24000.0:35350-2000.0:35351-300000.0:35352-2500.0,13.69
0-1.0:1-1.0:2-1.0:3-1.0:4-1.0:5-1.0:6-1.0:7-1.0:8-1.0:9-1.0:10-1.0:35347-1:35348-0:35349-24000.0:35350-2000.0:35351-300000.0:35352-5000.0,14.4
0-1.0:1-1.0:2-1.0:3-1.0:4-1.0:5-1.0:6-1.0:7-1.0:8-1.0:9-1.0:10-1.0:35347-1:35348-0:35349-24000.0:35350-2000.0:35351-500000.0:35352-100.0,25.51
0-1.0:1-1.0:2-1.0:3-1.0:4-1.0:5-1.0:6-1.0:7-1.0:8-1.0:9-1.0:10-1.0:35347-1:35348-0:35349-24000.0:35350-2000.0:35351-500000.0:35352-150.0,24.65
0-1.0:1-1.0:2-1.0:3-1.0:4-1.0:5-1.0:6-1.0:7-1.0:8-1.0:9-1.0:10-1.0:35347-1:35348-0:35349-24000.0:35350-2000.0:35351-500000.0:35352-2500.0,15.36
0-1.0:1-1.0:2-1.0:3-1.0:4-1.0:5-1.0:6-1.0:7-1.0:8-1.0:9-1.0:10-1.0:35347-1:35348-0:35349-28000.0:35350-1000.0:35351-100000.0:35352-150.0,21.81
0-1.0:1-1.0:2-1.0:3-1.0:4-1.0:5-1.0:6-1.0:7-1.0:8-1.0:9-1.0:10-1.0:35347-1:35348-0:35349-28000.0:35350-1000.0:35351-100000.0:35352-250.0,20.53
0-1.0:1-1.0:2-1.0:3-1.0:4-1.0:5-1.0:6-1.0:7-1.0:8-1.0:9-1.0:10-1.0:35347-1:35348-0:35349-28000.0:35350-1000.0:35351-100000.0:35352-750.0,19.95
0-1.0:1-1.0:2-1.0:3-1.0:4-1.0:5-1.0:6-1.0:7-1.0:8-1.0:9-1.0:10-1.0:35347-1:35348-0:35349-28000.0:35350-1000.0:35351-100000.0:35352-1500.0,17.4
0-1.0:1-1.0:2-1.0:3-1.0:4-1.0:5-1.0:6-1.0:7-1.0:8-1.0:9-1.0:10-1.0:35347-1:35348-0:35349-28000.0:35350-1000.0:35351-100000.0:35352-2500.0,11.99
0-1.0:1-1.0:2-1.0:3-1.0:4-1.0:5-1.0:6-1.0:7-1.0:8-1.0:9-1.0:10-1.0:35347-1:35348-0:35349-28000.0:35350-1000.0:35351-100000.0:35352-5000.0,10.83
0-1.0:1-1.0:2-1.0:3-1.0:4-1.0:5-1.0:6-1.0:7-1.0:8-1.0:9-1.0:10-1.0:35347-1:35348-0:35349-28000.0:35350-1000.0:35351-300000.0:35352-100.0,31.08
0-1.0:1-1.0:2-1.0:3-1.0:4-1.0:5-1.0:6-1.0:7-1.0:8-1.0:9-1.0:10-1.0:35347-1:35348-0:35349-28000.0:35350-1000.0:35351-300000.0:35352-150.0,23.89
0-1.0:1-1.0:2-1.0:3-1.0:4-1.0:5-1.0:6-1.0:7-1.0:8-1.0:9-1.0:10-1.0:35347-1:35348-0:35349-28000.0:35350-1000.0:35351-300000.0:35352-750.0,22.03
0-1.0:1-1.0:2-1.0:3-1.0:4-1.0:5-1.0:6-1.0:7-1.0:8-1.0:9-1.0:10-1.0:35347-1:35348-0:35349-28000.0:35350-1000.0:35351-300000.0:35352-1000.0,20.87
0-1.0:1-1.0:2-1.0:3-1.0:4-1.0:5-1.0:6-1.0:7-1.0:8-1.0:9-1.0:10-1.0:35347-1:35348-0:35349-28000.0:35350-1000.0:35351-300000.0:35352-1500.0,19.48
0-1.0:1-1.0:2-1.0:3-1.0:4-1.0:5-1.0:6-1.0:7-1.0:8-1.0:9-1.0:10-1.0:35347-1:35348-0:35349-28000.0:35350-1000.0:35351-300000.0:35352-5000.0,12.08
0-1.0:1-1.0:2-1.0:3-1.0:4-1.0:5-1.0:6-1.0:7-1.0:8-1.0:9-1.0:10-1.0:35347-1:35348-0:35349-28000.0:35350-1000.0:35351-500000.0:35352-100.0,26.46
0-1.0:1-1.0:2-1.0:3-1.0:4-1.0:5-1.0:6-1.0:7-1.0:8-1.0:9-1.0:10-1.0:35347-1:35348-0:35349-28000.0:35350-1000.0:35351-500000.0:35352-250.0,21.92
0-1.0:1-1.0:2-1.0:3-1.0:4-1.0:5-1.0:6-1.0:7-1.0:8-1.0:9-1.0:10-1.0:35347-1:35348-0:35349-28000.0:35350-2000.0:35351-300000.0:35352-100.0,28.0
0-1.0:1-1.0:2-1.0:3-1.0:4-1.0:5-1.0:6-1.0:7-1.0:8-1.0:9-1.0:10-1.0:35347-1:35348-0:35349-28000.0:35350-2000.0:35351-300000.0:35352-150.0,24.14
0-1.0:1-1.0:2-1.0:3-1.0:4-1.0:5-1.0:6-1.0:7-1.0:8-1.0:9-1.0:10-1.0:35347-1:35348-0:35349-28000.0:35350-2000.0:35351-300000.0:35352-750.0,17.96
0-1.0:1-1.0:2-1.0:3-1.0:4-1.0:5-1.0:6-1.0:7-1.0:8-1.0:9-1.0:10-1.0:35347-1:35348-0:35349-28000.0:35350-2000.0:35351-300000.0:35352-1000.0,17.05
0-1.0:1-1.0:2-1.0:3-1.0:4-1.0:5-1.0:6-1.0:7-1.0:8-1.0:9-1.0:10-1.0:35347-1:35348-0:35349-28000.0:35350-2000.0:35351-300000.0:35352-1500.0,17.74
0-1.0:1-1.0:2-1.0:3-1.0:4-1.0:5-1.0:6-1.0:7-1.0:8-1.0:9-1.0:10-1.0:35347-1:35348-0:35349-28000.0:35350-2000.0:35351-300000.0:35352-2500.0,17.64
0-1.0:1-1.0:2-1.0:3-1.0:4-1.0:5-1.0:6-1.0:7-1.0:8-1.0:9-1.0:10-1.0:35347-1:35348-0:35349-28000.0:35350-2000.0:35351-500000.0:35352-250.0,22.17
0-1.0:1-1.0:2-1.0:3-1.0:4-1.0:5-1.0:6-1.0:7-1.0:8-1.0:9-1.0:10-1.0:35347-1:35348-0:35349-28000.0:35350-2000.0:35351-500000.0:35352-500.0,20.72
0-1.0:1-1.0:2-1.0:3-1.0:4-1.0:5-1.0:6-1.0:7-1.0:8-1.0:9-1.0:10-1.0:35347-1:35348-0:35349-28000.0:35350-2000.0:35351-500000.0:35352-1000.0,18.72
0-1.0:1-1.0:2-1.0:3-1.0:4-1.0:5-1.0:6-1.0:7-1.0:8-1.0:9-1.0:10-1.0:35347-1:35348-0:35349-28000.0:35350-2000.0:35351-500000.0:35352-1500.0,21.4
0-1.0:1-1.0:2-1.0:3-1.0:4-1.0:5-1.0:6-1.0:7-1.0:8-1.0:9-1.0:10-1.0:35347-1:35348-0:35349-28000.0:35350-2000.0:35351-500000.0:35352-2500.0,15.99
0-1.0:1-1.0:2-1.0:3-1.0:4-1.0:5-1.0:6-1.0:7-1.0:8-1.0:9-1.0:10-1.0:35347-1:35348-0:35349-28000.0:35350-2000.0:35351-500000.0:35352-5000.0,16.76
0-1.0:1-1.0:2-1.0:3-1.0:4-1.0:5-1.0:6-1.0:7-1.0:8-1.0:9-1.0:10-1.0:35347-1:35348-0:35349-32000.0:35350-1000.0:35351-100000.0:35352-100.0,23.82
0-1.0:1-1.0:2-1.0:3-1.0:4-1.0:5-1.0:6-1.0:7-1.0:8-1.0:9-1.0:10-1.0:35347-1:35348-0:35349-32000.0:35350-1000.0:35351-100000.0:35352-500.0,17.53
0-1.0:1-1.0:2-1.0:3-1.0:4-1.0:5-1.0:6-1.0:7-1.0:8-1.0:9-1.0:10-1.0:35347-1:35348-0:35349-32000.0:35350-1000.0:35351-100000.0:35352-750.0,20.96
0-1.0:1-1.0:2-1.0:3-1.0:4-1.0:5-1.0:6-1.0:7-1.0:8-1.0:9-1.0:10-1.0:35347-1:35348-0:35349-32000.0:35350-1000.0:35351-100000.0:35352-1500.0,14.29
0-1.0:1-1.0:2-1.0:3-1.0:4-1.0:5-1.0:6-1.0:7-1.0:8-1.0:9-1.0:10-1.0:35347-1:35348-0:35349-32000.0:35350-1000.0:35351-100000.0:35352-2500.0,12.58
0-1.0:1-1.0:2-1.0:3-1.0:4-1.0:5-1.0:6-1.0:7-1.0:8-1.0:9-1.0:10-1.0:35347-1:35348-0:35349-32000.0:35350-1000.0:35351-100000.0:35352-5000.0,10.83
0-1.0:1-1.0:2-1.0:3-1.0:4-1.0:5-1.0:6-1.0:7-1.0:8-1.0:9-1.0:10-1.0:35347-1:35348-0:35349-32000.0:35350-1000.0:35351-300000.0:35352-100.0,32.55
0-1.0:1-1.0:2-1.0:3-1.0:4-1.0:5-1.0:6-1.0:7-1.0:8-1.0:9-1.0:10-1.0:35347-1:35348-0:35349-32000.0:35350-1000.0:35351-300000.0:35352-150.0,24.95
0-1.0:1-1.0:2-1.0:3-1.0:4-1.0:5-1.0:6-1.0:7-1.0:8-1.0:9-1.0:10-1.0:35347-1:35348-0:35349-32000.0:35350-1000.0:35351-300000.0:35352-250.0,26.46
0-1.0:1-1.0:2-1.0:3-1.0:4-1.0:5-1.0:6-1.0:7-1.0:8-1.0:9-1.0:10-1.0:35347-1:35348-0:35349-32000.0:35350-1000.0:35351-300000.0:35352-500.0,19.62
0-1.0:1-1.0:2-1.0:3-1.0:4-1.0:5-1.0:6-1.0:7-1.0:8-1.0:9-1.0:10-1.0:35347-1:35348-0:35349-32000.0:35350-1000.0:35351-300000.0:35352-1000.0,21.83
0-1.0:1-1.0:2-1.0:3-1.0:4-1.0:5-1.0:6-1.0:7-1.0:8-1.0:9-1.0:10-1.0:35347-1:35348-0:35349-32000.0:35350-1000.0:35351-300000.0:35352-1500.0,16.38
0-1.0:1-1.0:2-1.0:3-1.0:4-1.0:5-1.0:6-1.0:7-1.0:8-1.0:9-1.0:10-1.0:35347-1:35348-0:35349-32000.0:35350-1000.0:35351-300000.0:35352-2500.0,14.66
0-1.0:1-1.0:2-1.0:3-1.0:4-1.0:5-1.0:6-1.0:7-1.0:8-1.0:9-1.0:10-1.0:35347-1:35348-0:35349-32000.0:35350-1000.0:35351-300000.0:35352-5000.0,12.56
0-1.0:1-1.0:2-1.0:3-1.0:4-1.0:5-1.0:6-1.0:7-1.0:8-1.0:9-1.0:10-1.0:35347-1:35348-0:35349-32000.0:35350-1000.0:35351-500000.0:35352-100.0,27.57
0-1.0:1-1.0:2-1.0:3-1.0:4-1.0:5-1.0:6-1.0:7-1.0:8-1.0:9-1.0:10-1.0:35347-1:35348-0:35349-32000.0:35350-1000.0:35351-500000.0:35352-150.0,26.62
0-1.0:1-1.0:2-1.0:3-1.0:4-1.0:5-1.0:6-1.0:7-1.0:8-1.0:9-1.0:10-1.0:35347-1:35348-0:35349-32000.0:35350-1000.0:35351-500000.0:35352-250.0,28.13
0-1.0:1-1.0:2-1.0:3-1.0:4-1.0:5-1.0:6-1.0:7-1.0:8-1.0:9-1.0:10-1.0:35347-1:35348-0:35349-32000.0:35350-1000.0:35351-500000.0:35352-750.0,20.14
0-1.0:1-1.0:2-1.0:3-1.0:4-1.0:5-1.0:6-1.0:7-1.0:8-1.0:9-1.0:10-1.0:35347-1:35348-0:35349-32000.0:35350-1000.0:35351-500000.0:35352-1000.0,21.22
0-1.0:1-1.0:2-1.0:3-1.0:4-1.0:5-1.0:6-1.0:7-1.0:8-1.0:9-1.0:10-1.0:35347-1:35348-0:35349-32000.0:35350-1000.0:35351-500000.0:35352-2500.0,16.33
0-1.0:1-1.0:2-1.0:3-1.0:4-1.0:5-1.0:6-1.0:7-1.0:8-1.0:9-1.0:10-1.0:35347-1:35348-0:35349-32000.0:35350-1000.0:35351-500000.0:35352-5000.0,17.16
0-1.0:1-1.0:2-1.0:3-1.0:4-1.0:5-1.0:6-1.0:7-1.0:8-1.0:9-1.0:10-1.0:35347-1:35348-0:35349-32000.0:35350-2000.0:35351-100000.0:35352-150.0,23.12
0-1.0:1-1.0:2-1.0:3-1.0:4-1.0:5-1.0:6-1.0:7-1.0:8-1.0:9-1.0:10-1.0:35347-1:35348-0:35349-32000.0:35350-2000.0:35351-100000.0:35352-250.0,19.31
0-1.0:1-1.0:2-1.0:3-1.0:4-1.0:5-1.0:6-1.0:7-1.0:8-1.0:9-1.0:10-1.0:35347-1:35348-0:35349-32000.0:35350-2000.0:35351-100000.0:35352-500.0,17.78
0-1.0:1-1.0:2-1.0:3-1.0:4-1.0:5-1.0:6-1.0:7-1.0:8-1.0:9-1.0:10-1.0:35347-1:35348-0:35349-32000.0:35350-2000.0:35351-100000.0:35352-1000.0,15.69
0-1.0:1-1.0:2-1.0:3-1.0:4-1.0:5-1.0:6-1.0:7-1.0:8-1.0:9-1.0:10-1.0:35347-1:35348-0:35349-32000.0:35350-2000.0:35351-100000.0:35352-1500.0,28.78
0-1.0:1-1.0:2-1.0:3-1.0:4-1.0:5-1.0:6-1.0:7-1.0:8-1.0:9-1.0:10-1.0:35347-1:35348-0:35349-32000.0:35350-2000.0:35351-100000.0:35352-2500.0,12.83
0-1.0:1-1.0:2-1.0:3-1.0:4-1.0:5-1.0:6-1.0:7-1.0:8-1.0:9-1.0:10-1.0:35347-1:35348-0:35349-32000.0:35350-2000.0:35351-100000.0:35352-5000.0,10.83
0-1.0:1-1.0:2-1.0:3-1.0:4-1.0:5-1.0:6-1.0:7-1.0:8-1.0:9-1.0:10-1.0:35347-1:35348-0:35349-32000.0:35350-2000.0:35351-300000.0:35352-100.0,26.15
0-1.0:1-1.0:2-1.0:3-1.0:4-1.0:5-1.0:6-1.0:7-1.0:8-1.0:9-1.0:10-1.0:35347-1:35348-0:35349-32000.0:35350-2000.0:35351-300000.0:35352-250.0,21.39
0-1.0:1-1.0:2-1.0:3-1.0:4-1.0:5-1.0:6-1.0:7-1.0:8-1.0:9-1.0:10-1.0:35347-1:35348-0:35349-32000.0:35350-2000.0:35351-300000.0:35352-500.0,24.76
0-1.0:1-1.0:2-1.0:3-1.0:4-1.0:5-1.0:6-1.0:7-1.0:8-1.0:9-1.0:10-1.0:35347-1:35348-0:35349-32000.0:35350-2000.0:35351-300000.0:35352-750.0,35.05
0-1.0:1-1.0:2-1.0:3-1.0:4-1.0:5-1.0:6-1.0:7-1.0:8-1.0:9-1.0:10-1.0:35347-1:35348-0:35349-32000.0:35350-2000.0:35351-300000.0:35352-1500.0,20.62
0-1.0:1-1.0:2-1.0:3-1.0:4-1.0:5-1.0:6-1.0:7-1.0:8-1.0:9-1.0:10-1.0:35347-1:35348-0:35349-32000.0:35350-2000.0:35351-300000.0:35352-2500.0,14.91
0-1.0:1-1.0:2-1.0:3-1.0:4-1.0:5-1.0:6-1.0:7-1.0:8-1.0:9-1.0:10-1.0:35347-1:35348-0:35349-32000.0:35350-2000.0:35351-300000.0:35352-5000.0,12.81
0-1.0:1-1.0:2-1.0:3-1.0:4-1.0:5-1.0:6-1.0:7-1.0:8-1.0:9-1.0:10-1.0:35347-1:35348-0:35349-32000.0:35350-2000.0:35351-500000.0:35352-100.0,27.82
0-1.0:1-1.0:2-1.0:3-1.0:4-1.0:5-1.0:6-1.0:7-1.0:8-1.0:9-1.0:10-1.0:35347-1:35348-0:35349-32000.0:35350-2000.0:35351-500000.0:35352-150.0,26.87
0-1.0:1-1.0:2-1.0:3-1.0:4-1.0:5-1.0:6-1.0:7-1.0:8-1.0:9-1.0:10-1.0:35347-1:35348-0:35349-32000.0:35350-2000.0:35351-500000.0:35352-250.0,23.06
0-1.0:1-1.0:2-1.0:3-1.0:4-1.0:5-1.0:6-1.0:7-1.0:8-1.0:9-1.0:10-1.0:35347-1:35348-0:35349-32000.0:35350-2000.0:35351-500000.0:35352-500.0,26.43
0-1.0:1-1.0:2-1.0:3-1.0:4-1.0:5-1.0:6-1.0:7-1.0:8-1.0:9-1.0:10-1.0:35347-1:35348-0:35349-32000.0:35350-2000.0:35351-500000.0:35352-750.0,20.39
0-1.0:1-1.0:2-1.0:3-1.0:4-1.0:5-1.0:6-1.0:7-1.0:8-1.0:9-1.0:10-1.0:35347-1:35348-0:35349-32000.0:35350-2000.0:35351-500000.0:35352-1000.0,19.44
0-1.0:1-1.0:2-1.0:3-1.0:4-1.0:5-1.0:6-1.0:7-1.0:8-1.0:9-1.0:10-1.0:35347-1:35348-0:35349-32000.0:35350-2000.0:35351-500000.0:35352-2500.0,16.58
0-1.0:1-1.0:2-1.0:3-1.0:4-1.0:5-1.0:6-1.0:7-1.0:8-1.0:9-1.0:10-1.0:35347-1:35348-0:35349-35000.0:35350-1000.0:35351-100000.0:35352-100.0,24.65
0-1.0:1-1.0:2-1.0:3-1.0:4-1.0:5-1.0:6-1.0:7-1.0:8-1.0:9-1.0:10-1.0:35347-1:35348-0:35349-35000.0:35350-1000.0:35351-100000.0:35352-150.0,30.23
0-1.0:1-1.0:2-1.0:3-1.0:4-1.0:5-1.0:6-1.0:7-1.0:8-1.0:9-1.0:10-1.0:35347-1:35348-0:35349-35000.0:35350-1000.0:35351-100000.0:35352-250.0,22.31
0-1.0:1-1.0:2-1.0:3-1.0:4-1.0:5-1.0:6-1.0:7-1.0:8-1.0:9-1.0:10-1.0:35347-1:35348-0:35349-35000.0:35350-1000.0:35351-100000.0:35352-500.0,20.52
0-1.0:1-1.0:2-1.0:3-1.0:4-1.0:5-1.0:6-1.0:7-1.0:8-1.0:9-1.0:10-1.0:35347-1:35348-0:35349-35000.0:35350-1000.0:35351-100000.0:35352-2500.0,13.02
0-1.0:1-1.0:2-1.0:3-1.0:4-1.0:5-1.0:6-1.0:7-1.0:8-1.0:9-1.0:10-1.0:35347-1:35348-0:35349-35000.0:35350-1000.0:35351-300000.0:35352-100.0,26.74
0-1.0:1-1.0:2-1.0:3-1.0:4-1.0:5-1.0:6-1.0:7-1.0:8-1.0:9-1.0:10-1.0:35347-1:35348-0:35349-35000.0:35350-1000.0:35351-300000.0:35352-150.0,25.75
0-1.0:1-1.0:2-1.0:3-1.0:4-1.0:5-1.0:6-1.0:7-1.0:8-1.0:9-1.0:10-1.0:35347-1:35348-0:35349-35000.0:35350-1000.0:35351-300000.0:35352-250.0,21.81
0-1.0:1-1.0:2-1.0:3-1.0:4-1.0:5-1.0:6-1.0:7-1.0:8-1.0:9-1.0:10-1.0:35347-1:35348-0:35349-35000.0:35350-1000.0:35351-300000.0:35352-500.0,25.26
0-1.0:1-1.0:2-1.0:3-1.0:4-1.0:5-1.0:6-1.0:7-1.0:8-1.0:9-1.0:10-1.0:35347-1:35348-0:35349-35000.0:35350-1000.0:35351-300000.0:35352-750.0,19.05
0-1.0:1-1.0:2-1.0:3-1.0:4-1.0:5-1.0:6-1.0:7-1.0:8-1.0:9-1.0:10-1.0:35347-1:35348-0:35349-35000.0:35350-1000.0:35351-300000.0:35352-1000.0,18.06
0-1.0:1-1.0:2-1.0:3-1.0:4-1.0:5-1.0:6-1.0:7-1.0:8-1.0:9-1.0:10-1.0:35347-1:35348-0:35349-35000.0:35350-1000.0:35351-300000.0:35352-1500.0,20.97
0-1.0:1-1.0:2-1.0:3-1.0:4-1.0:5-1.0:6-1.0:7-1.0:8-1.0:9-1.0:10-1.0:35347-1:35348-0:35349-35000.0:35350-1000.0:35351-300000.0:35352-5000.0,12.93
0-1.0:1-1.0:2-1.0:3-1.0:4-1.0:5-1.0:6-1.0:7-1.0:8-1.0:9-1.0:10-1.0:35347-1:35348-0:35349-35000.0:35350-1000.0:35351-500000.0:35352-150.0,27.42
0-1.0:1-1.0:2-1.0:3-1.0:4-1.0:5-1.0:6-1.0:7-1.0:8-1.0:9-1.0:10-1.0:35347-1:35348-0:35349-35000.0:35350-1000.0:35351-500000.0:35352-250.0,23.47
0-1.0:1-1.0:2-1.0:3-1.0:4-1.0:5-1.0:6-1.0:7-1.0:8-1.0:9-1.0:10-1.0:35347-1:35348-0:35349-35000.0:35350-1000.0:35351-500000.0:35352-750.0,20.71
0-1.0:1-1.0:2-1.0:3-1.0:4-1.0:5-1.0:6-1.0:7-1.0:8-1.0:9-1.0:10-1.0:35347-1:35348-0:35349-35000.0:35350-1000.0:35351-500000.0:35352-1000.0,19.73
0-1.0:1-1.0:2-1.0:3-1.0:4-1.0:5-1.0:6-1.0:7-1.0:8-1.0:9-1.0:10-1.0:35347-1:35348-0:35349-35000.0:35350-1000.0:35351-500000.0:35352-2500.0,16.77
0-1.0:1-1.0:2-1.0:3-1.0:4-1.0:5-1.0:6-1.0:7-1.0:8-1.0:9-1.0:10-1.0:35347-1:35348-0:35349-35000.0:35350-1000.0:35351-500000.0:35352-5000.0,17.6
0-1.0:1-1.0:2-1.0:3-1.0:4-1.0:5-1.0:6-1.0:7-1.0:8-1.0:9-1.0:10-1.0:35347-1:35348-0:35349-35000.0:35350-2000.0:35351-100000.0:35352-150.0,23.92
0-1.0:1-1.0:2-1.0:3-1.0:4-1.0:5-1.0:6-1.0:7-1.0:8-1.0:9-1.0:10-1.0:35347-1:35348-0:35349-35000.0:35350-2000.0:35351-100000.0:35352-250.0,19.97
0-1.0:1-1.0:2-1.0:3-1.0:4-1.0:5-1.0:6-1.0:7-1.0:8-1.0:9-1.0:10-1.0:35347-1:35348-0:35349-35000.0:35350-2000.0:35351-100000.0:35352-500.0,23.42
0-1.0:1-1.0:2-1.0:3-1.0:4-1.0:5-1.0:6-1.0:7-1.0:8-1.0:9-1.0:10-1.0:35347-1:35348-0:35349-35000.0:35350-2000.0:35351-100000.0:35352-1000.0,20.65
0-1.0:1-1.0:2-1.0:3-1.0:4-1.0:5-1.0:6-1.0:7-1.0:8-1.0:9-1.0:10-1.0:35347-1:35348-0:35349-35000.0:35350-2000.0:35351-100000.0:35352-2500.0,13.27
0-1.0:1-1.0:2-1.0:3-1.0:4-1.0:5-1.0:6-1.0:7-1.0:8-1.0:9-1.0:10-1.0:35347-1:35348-0:35349-35000.0:35350-2000.0:35351-100000.0:35352-5000.0,11.1
0-1.0:1-1.0:2-1.0:3-1.0:4-1.0:5-1.0:6-1.0:7-1.0:8-1.0:9-1.0:10-1.0:35347-1:35348-0:35349-35000.0:35350-2000.0:35351-300000.0:35352-100.0,26.99
0-1.0:1-1.0:2-1.0:3-1.0:4-1.0:5-1.0:6-1.0:7-1.0:8-1.0:9-1.0:10-1.0:35347-1:35348-0:35349-35000.0:35350-2000.0:35351-300000.0:35352-150.0,26.0
0-1.0:1-1.0:2-1.0:3-1.0:4-1.0:5-1.0:6-1.0:7-1.0:8-1.0:9-1.0:10-1.0:35347-1:35348-0:35349-35000.0:35350-2000.0:35351-300000.0:35352-500.0,20.48
0-1.0:1-1.0:2-1.0:3-1.0:4-1.0:5-1.0:6-1.0:7-1.0:8-1.0:9-1.0:10-1.0:35347-1:35348-0:35349-35000.0:35350-2000.0:35351-300000.0:35352-1000.0,20.4
0-1.0:1-1.0:2-1.0:3-1.0:4-1.0:5-1.0:6-1.0:7-1.0:8-1.0:9-1.0:10-1.0:35347-1:35348-0:35349-35000.0:35350-2000.0:35351-300000.0:35352-1500.0,17.12
0-1.0:1-1.0:2-1.0:3-1.0:4-1.0:5-1.0:6-1.0:7-1.0:8-1.0:9-1.0:10-1.0:35347-1:35348-0:35349-35000.0:35350-2000.0:35351-300000.0:35352-2500.0,17.06
0-1.0:1-1.0:2-1.0:3-1.0:4-1.0:5-1.0:6-1.0:7-1.0:8-1.0:9-1.0:10-1.0:35347-1:35348-0:35349-35000.0:35350-2000.0:35351-500000.0:35352-100.0,28.65
0-1.0:1-1.0:2-1.0:3-1.0:4-1.0:5-1.0:6-1.0:7-1.0:8-1.0:9-1.0:10-1.0:35347-1:35348-0:35349-35000.0:35350-2000.0:35351-500000.0:35352-150.0,30.77
0-1.0:1-1.0:2-1.0:3-1.0:4-1.0:5-1.0:6-1.0:7-1.0:8-1.0:9-1.0:10-1.0:35347-1:35348-0:35349-35000.0:35350-2000.0:35351-500000.0:35352-250.0,23.72
0-1.0:1-1.0:2-1.0:3-1.0:4-1.0:5-1.0:6-1.0:7-1.0:8-1.0:9-1.0:10-1.0:35347-1:35348-0:35349-35000.0:35350-2000.0:35351-500000.0:35352-500.0,22.14
0-1.0:1-1.0:2-1.0:3-1.0:4-1.0:5-1.0:6-1.0:7-1.0:8-1.0:9-1.0:10-1.0:35347-1:35348-0:35349-35000.0:35350-2000.0:35351-500000.0:35352-1500.0,18.79
0-1.0:1-1.0:2-1.0:3-1.0:4-1.0:5-1.0:6-1.0:7-1.0:8-1.0:9-1.0:10-1.0:35347-1:35348-0:35349-35000.0:35350-2000.0:35351-500000.0:35352-5000.0,14.85
0-1.0:1-1.0:2-1.0:3-1.0:4-1.0:5-1.0:6-1.0:7-1.0:8-1.0:9-1.0:10-1.0:35347-1:35348-0:35349-40000.0:35350-1000.0:35351-100000.0:35352-150.0,25.0
0-1.0:1-1.0:2-1.0:3-1.0:4-1.0:5-1.0:6-1.0:7-1.0:8-1.0:9-1.0:10-1.0:35347-1:35348-0:35349-40000.0:35350-1000.0:35351-100000.0:35352-500.0,19.16
0-1.0:1-1.0:2-1.0:3-1.0:4-1.0:5-1.0:6-1.0:7-1.0:8-1.0:9-1.0:10-1.0:35347-1:35348-0:35349-40000.0:35350-1000.0:35351-100000.0:35352-750.0,17.91
0-1.0:1-1.0:2-1.0:3-1.0:4-1.0:5-1.0:6-1.0:7-1.0:8-1.0:9-1.0:10-1.0:35347-1:35348-0:35349-40000.0:35350-1000.0:35351-100000.0:35352-2500.0,13.75
0-1.0:1-1.0:2-1.0:3-1.0:4-1.0:5-1.0:6-1.0:7-1.0:8-1.0:9-1.0:10-1.0:35347-1:35348-0:35349-40000.0:35350-1000.0:35351-100000.0:35352-5000.0,11.46
0-1.0:1-1.0:2-1.0:3-1.0:4-1.0:5-1.0:6-1.0:7-1.0:8-1.0:9-1.0:10-1.0:35347-1:35348-0:35349-40000.0:35350-1000.0:35351-300000.0:35352-150.0,30.36
0-1.0:1-1.0:2-1.0:3-1.0:4-1.0:5-1.0:6-1.0:7-1.0:8-1.0:9-1.0:10-1.0:35347-1:35348-0:35349-40000.0:35350-1000.0:35351-300000.0:35352-500.0,26.48
0-1.0:1-1.0:2-1.0:3-1.0:4-1.0:5-1.0:6-1.0:7-1.0:8-1.0:9-1.0:10-1.0:35347-1:35348-0:35349-40000.0:35350-1000.0:35351-300000.0:35352-750.0,20.0
0-1.0:1-1.0:2-1.0:3-1.0:4-1.0:5-1.0:6-1.0:7-1.0:8-1.0:9-1.0:10-1.0:35347-1:35348-0:35349-40000.0:35350-1000.0:35351-300000.0:35352-1000.0,18.96
0-1.0:1-1.0:2-1.0:3-1.0:4-1.0:5-1.0:6-1.0:7-1.0:8-1.0:9-1.0:10-1.0:35347-1:35348-0:35349-40000.0:35350-1000.0:35351-300000.0:35352-1500.0,17.71
0-1.0:1-1.0:2-1.0:3-1.0:4-1.0:5-1.0:6-1.0:7-1.0:8-1.0:9-1.0:10-1.0:35347-1:35348-0:35349-40000.0:35350-1000.0:35351-300000.0:35352-2500.0,17.64
0-1.0:1-1.0:2-1.0:3-1.0:4-1.0:5-1.0:6-1.0:7-1.0:8-1.0:9-1.0:10-1.0:35347-1:35348-0:35349-40000.0:35350-1000.0:35351-300000.0:35352-5000.0,16.67
0-1.0:1-1.0:2-1.0:3-1.0:4-1.0:5-1.0:6-1.0:7-1.0:8-1.0:9-1.0:10-1.0:35347-1:35348-0:35349-40000.0:35350-1000.0:35351-500000.0:35352-100.0,29.79
0-1.0:1-1.0:2-1.0:3-1.0:4-1.0:5-1.0:6-1.0:7-1.0:8-1.0:9-1.0:10-1.0:35347-1:35348-0:35349-40000.0:35350-1000.0:35351-500000.0:35352-150.0,28.75
0-1.0:1-1.0:2-1.0:3-1.0:4-1.0:5-1.0:6-1.0:7-1.0:8-1.0:9-1.0:10-1.0:35347-1:35348-0:35349-40000.0:35350-1000.0:35351-500000.0:35352-250.0,24.58
0-1.0:1-1.0:2-1.0:3-1.0:4-1.0:5-1.0:6-1.0:7-1.0:8-1.0:9-1.0:10-1.0:35347-1:35348-0:35349-40000.0:35350-1000.0:35351-500000.0:35352-500.0,22.91
0-1.0:1-1.0:2-1.0:3-1.0:4-1.0:5-1.0:6-1.0:7-1.0:8-1.0:9-1.0:10-1.0:35347-1:35348-0:35349-40000.0:35350-1000.0:35351-500000.0:35352-750.0,21.66
0-1.0:1-1.0:2-1.0:3-1.0:4-1.0:5-1.0:6-1.0:7-1.0:8-1.0:9-1.0:10-1.0:35347-1:35348-0:35349-40000.0:35350-1000.0:35351-500000.0:35352-1000.0,20.62
0-1.0:1-1.0:2-1.0:3-1.0:4-1.0:5-1.0:6-1.0:7-1.0:8-1.0:9-1.0:10-1.0:35347-1:35348-0:35349-40000.0:35350-1000.0:35351-500000.0:35352-1500.0,19.37
0-1.0:1-1.0:2-1.0:3-1.0:4-1.0:5-1.0:6-1.0:7-1.0:8-1.0:9-1.0:10-1.0:35347-1:35348-0:35349-40000.0:35350-1000.0:35351-500000.0:35352-5000.0,18.34
0-1.0:1-1.0:2-1.0:3-1.0:4-1.0:5-1.0:6-1.0:7-1.0:8-1.0:9-1.0:10-1.0:35347-1:35348-0:35349-40000.0:35350-2000.0:35351-100000.0:35352-150.0,32.07
0-1.0:1-1.0:2-1.0:3-1.0:4-1.0:5-1.0:6-1.0:7-1.0:8-1.0:9-1.0:10-1.0:35347-1:35348-0:35349-40000.0:35350-2000.0:35351-100000.0:35352-250.0,21.08
0-1.0:1-1.0:2-1.0:3-1.0:4-1.0:5-1.0:6-1.0:7-1.0:8-1.0:9-1.0:10-1.0:35347-1:35348-0:35349-40000.0:35350-2000.0:35351-100000.0:35352-750.0,35.95
0-1.0:1-1.0:2-1.0:3-1.0:4-1.0:5-1.0:6-1.0:7-1.0:8-1.0:9-1.0:10-1.0:35347-1:35348-0:35349-40000.0:35350-2000.0:35351-100000.0:35352-1000.0,17.12
0-1.0:1-1.0:2-1.0:3-1.0:4-1.0:5-1.0:6-1.0:7-1.0:8-1.0:9-1.0:10-1.0:35347-1:35348-0:35349-40000.0:35350-2000.0:35351-100000.0:35352-1500.0,15.87
0-1.0:1-1.0:2-1.0:3-1.0:4-1.0:5-1.0:6-1.0:7-1.0:8-1.0:9-1.0:10-1.0:35347-1:35348-0:35349-40000.0:35350-2000.0:35351-100000.0:35352-2500.0,15.8
0-1.0:1-1.0:2-1.0:3-1.0:4-1.0:5-1.0:6-1.0:7-1.0:8-1.0:9-1.0:10-1.0:35347-1:35348-0:35349-40000.0:35350-2000.0:35351-100000.0:35352-5000.0,11.71
0-1.0:1-1.0:2-1.0:3-1.0:4-1.0:5-1.0:6-1.0:7-1.0:8-1.0:9-1.0:10-1.0:35347-1:35348-0:35349-40000.0:35350-2000.0:35351-300000.0:35352-100.0,54.23
0-1.0:1-1.0:2-1.0:3-1.0:4-1.0:5-1.0:6-1.0:7-1.0:8-1.0:9-1.0:10-1.0:35347-1:35348-0:35349-40000.0:35350-2000.0:35351-300000.0:35352-250.0,23.16
0-1.0:1-1.0:2-1.0:3-1.0:4-1.0:5-1.0:6-1.0:7-1.0:8-1.0:9-1.0:10-1.0:35347-1:35348-0:35349-40000.0:35350-2000.0:35351-300000.0:35352-500.0,26.73
0-1.0:1-1.0:2-1.0:3-1.0:4-1.0:5-1.0:6-1.0:7-1.0:8-1.0:9-1.0:10-1.0:35347-1:35348-0:35349-40000.0:35350-2000.0:35351-300000.0:35352-750.0,20.25
0-1.0:1-1.0:2-1.0:3-1.0:4-1.0:5-1.0:6-1.0:7-1.0:8-1.0:9-1.0:10-1.0:35347-1:35348-0:35349-40000.0:35350-2000.0:35351-300000.0:35352-1000.0,23.81
0-1.0:1-1.0:2-1.0:3-1.0:4-1.0:5-1.0:6-1.0:7-1.0:8-1.0:9-1.0:10-1.0:35347-1:35348-0:35349-40000.0:35350-2000.0:35351-300000.0:35352-2500.0,16.08
0-1.0:1-1.0:2-1.0:3-1.0:4-1.0:5-1.0:6-1.0:7-1.0:8-1.0:9-1.0:10-1.0:35347-1:35348-0:35349-40000.0:35350-2000.0:35351-500000.0:35352-100.0,30.04
0-1.0:1-1.0:2-1.0:3-1.0:4-1.0:5-1.0:6-1.0:7-1.0:8-1.0:9-1.0:10-1.0:35347-1:35348-0:35349-40000.0:35350-2000.0:35351-500000.0:35352-150.0,29.0
0-1.0:1-1.0:2-1.0:3-1.0:4-1.0:5-1.0:6-1.0:7-1.0:8-1.0:9-1.0:10-1.0:35347-1:35348-0:35349-40000.0:35350-2000.0:35351-500000.0:35352-500.0,23.16
0-1.0:1-1.0:2-1.0:3-1.0:4-1.0:5-1.0:6-1.0:7-1.0:8-1.0:9-1.0:10-1.0:35347-1:35348-0:35349-40000.0:35350-2000.0:35351-500000.0:35352-750.0,21.91
0-1.0:1-1.0:2-1.0:3-1.0:4-1.0:5-1.0:6-1.0:7-1.0:8-1.0:9-1.0:10-1.0:35347-1:35348-0:35349-40000.0:35350-2000.0:35351-500000.0:35352-1000.0,20.87
0-1.0:1-1.0:2-1.0:3-1.0:4-1.0:5-1.0:6-1.0:7-1.0:8-1.0:9-1.0:10-1.0:35347-1:35348-0:35349-40000.0:35350-2000.0:35351-500000.0:35352-1500.0,19.62
0-1.0:1-1.0:2-1.0:3-1.0:4-1.0:5-1.0:6-1.0:7-1.0:8-1.0:9-1.0:10-1.0:35347-1:35348-0:35349-40000.0:35350-2000.0:35351-500000.0:35352-2500.0,17.75
0-1.0:1-1.0:2-1.0:3-1.0:4-1.0:5-1.0:6-1.0:7-1.0:8-1.0:9-1.0:10-1.0:35347-1:35348-0:35349-40000.0:35350-2000.0:35351-500000.0:35352-5000.0,15.46
0-1.0:1-1.0:2-1.0:3-1.0:4-1.0:5-1.0:6-1.0:7-1.0:8-1.0:9-1.0:10-1.0:35347-1:35348-0:35349-50000.0:35350-1000.0:35351-100000.0:35352-100.0,57.16
0-1.0:1-1.0:2-1.0:3-1.0:4-1.0:5-1.0:6-1.0:7-1.0:8-1.0:9-1.0:10-1.0:35347-1:35348-0:35349-50000.0:35350-1000.0:35351-100000.0:35352-250.0,22.97
0-1.0:1-1.0:2-1.0:3-1.0:4-1.0:5-1.0:6-1.0:7-1.0:8-1.0:9-1.0:10-1.0:35347-1:35348-0:35349-50000.0:35350-1000.0:35351-100000.0:35352-500.0,26.91
0-1.0:1-1.0:2-1.0:3-1.0:4-1.0:5-1.0:6-1.0:7-1.0:8-1.0:9-1.0:10-1.0:35347-1:35348-0:35349-50000.0:35350-1000.0:35351-100000.0:35352-750.0,19.76
0-1.0:1-1.0:2-1.0:3-1.0:4-1.0:5-1.0:6-1.0:7-1.0:8-1.0:9-1.0:10-1.0:35347-1:35348-0:35349-50000.0:35350-1000.0:35351-100000.0:35352-1500.0,21.94
0-1.0:1-1.0:2-1.0:3-1.0:4-1.0:5-1.0:6-1.0:7-1.0:8-1.0:9-1.0:10-1.0:35347-1:35348-0:35349-50000.0:35350-1000.0:35351-100000.0:35352-2500.0,17.11
0-1.0:1-1.0:2-1.0:3-1.0:4-1.0:5-1.0:6-1.0:7-1.0:8-1.0:9-1.0:10-1.0:35347-1:35348-0:35349-50000.0:35350-1000.0:35351-300000.0:35352-100.0,30.8
0-1.0:1-1.0:2-1.0:3-1.0:4-1.0:5-1.0:6-1.0:7-1.0:8-1.0:9-1.0:10-1.0:35347-1:35348-0:35349-50000.0:35350-1000.0:35351-300000.0:35352-150.0,29.65
0-1.0:1-1.0:2-1.0:3-1.0:4-1.0:5-1.0:6-1.0:7-1.0:8-1.0:9-1.0:10-1.0:35347-1:35348-0:35349-50000.0:35350-1000.0:35351-300000.0:35352-500.0,23.22
0-1.0:1-1.0:2-1.0:3-1.0:4-1.0:5-1.0:6-1.0:7-1.0:8-1.0:9-1.0:10-1.0:35347-1:35348-0:35349-50000.0:35350-1000.0:35351-300000.0:35352-750.0,24.38
0-1.0:1-1.0:2-1.0:3-1.0:4-1.0:5-1.0:6-1.0:7-1.0:8-1.0:9-1.0:10-1.0:35347-1:35348-0:35349-50000.0:35350-1000.0:35351-300000.0:35352-1000.0,20.69
0-1.0:1-1.0:2-1.0:3-1.0:4-1.0:5-1.0:6-1.0:7-1.0:8-1.0:9-1.0:10-1.0:35347-1:35348-0:35349-50000.0:35350-1000.0:35351-300000.0:35352-2500.0,17.25
0-1.0:1-1.0:2-1.0:3-1.0:4-1.0:5-1.0:6-1.0:7-1.0:8-1.0:9-1.0:10-1.0:35347-1:35348-0:35349-50000.0:35350-1000.0:35351-300000.0:35352-5000.0,14.72
0-1.0:1-1.0:2-1.0:3-1.0:4-1.0:5-1.0:6-1.0:7-1.0:8-1.0:9-1.0:10-1.0:35347-1:35348-0:35349-50000.0:35350-1000.0:35351-500000.0:35352-150.0,34.86
0-1.0:1-1.0:2-1.0:3-1.0:4-1.0:5-1.0:6-1.0:7-1.0:8-1.0:9-1.0:10-1.0:35347-1:35348-0:35349-50000.0:35350-1000.0:35351-500000.0:35352-750.0,23.51
0-1.0:1-1.0:2-1.0:3-1.0:4-1.0:5-1.0:6-1.0:7-1.0:8-1.0:9-1.0:10-1.0:35347-1:35348-0:35349-50000.0:35350-1000.0:35351-500000.0:35352-1000.0,22.36
0-1.0:1-1.0:2-1.0:3-1.0:4-1.0:5-1.0:6-1.0:7-1.0:8-1.0:9-1.0:10-1.0:35347-1:35348-0:35349-50000.0:35350-1000.0:35351-500000.0:35352-2500.0,23.06
0-1.0:1-1.0:2-1.0:3-1.0:4-1.0:5-1.0:6-1.0:7-1.0:8-1.0:9-1.0:10-1.0:35347-1:35348-0:35349-50000.0:35350-1000.0:35351-500000.0:35352-5000.0,16.39
0-1.0:1-1.0:2-1.0:3-1.0:4-1.0:5-1.0:6-1.0:7-1.0:8-1.0:9-1.0:10-1.0:35347-1:35348-0:35349-50000.0:35350-2000.0:35351-100000.0:35352-100.0,28.97
0-1.0:1-1.0:2-1.0:3-1.0:4-1.0:5-1.0:6-1.0:7-1.0:8-1.0:9-1.0:10-1.0:35347-1:35348-0:35349-50000.0:35350-2000.0:35351-100000.0:35352-150.0,27.82
0-1.0:1-1.0:2-1.0:3-1.0:4-1.0:5-1.0:6-1.0:7-1.0:8-1.0:9-1.0:10-1.0:35347-1:35348-0:35349-50000.0:35350-2000.0:35351-100000.0:35352-250.0,23.22
0-1.0:1-1.0:2-1.0:3-1.0:4-1.0:5-1.0:6-1.0:7-1.0:8-1.0:9-1.0:10-1.0:35347-1:35348-0:35349-50000.0:35350-2000.0:35351-100000.0:35352-500.0,21.38
0-1.0:1-1.0:2-1.0:3-1.0:4-1.0:5-1.0:6-1.0:7-1.0:8-1.0:9-1.0:10-1.0:35347-1:35348-0:35349-50000.0:35350-2000.0:35351-100000.0:35352-750.0,20.01
0-1.0:1-1.0:2-1.0:3-1.0:4-1.0:5-1.0:6-1.0:7-1.0:8-1.0:9-1.0:10-1.0:35347-1:35348-0:35349-50000.0:35350-2000.0:35351-100000.0:35352-1500.0,19.7
0-1.0:1-1.0:2-1.0:3-1.0:4-1.0:5-1.0:6-1.0:7-1.0:8-1.0:9-1.0:10-1.0:35347-1:35348-0:35349-50000.0:35350-2000.0:35351-100000.0:35352-5000.0,16.34
0-1.0:1-1.0:2-1.0:3-1.0:4-1.0:5-1.0:6-1.0:7-1.0:8-1.0:9-1.0:10-1.0:35347-1:35348-0:35349-50000.0:35350-2000.0:35351-300000.0:35352-100.0,38.9
0-1.0:1-1.0:2-1.0:3-1.0:4-1.0:5-1.0:6-1.0:7-1.0:8-1.0:9-1.0:10-1.0:35347-1:35348-0:35349-50000.0:35350-2000.0:35351-300000.0:35352-150.0,29.9
0-1.0:1-1.0:2-1.0:3-1.0:4-1.0:5-1.0:6-1.0:7-1.0:8-1.0:9-1.0:10-1.0:35347-1:35348-0:35349-50000.0:35350-2000.0:35351-300000.0:35352-250.0,25.31
0-1.0:1-1.0:2-1.0:3-1.0:4-1.0:5-1.0:6-1.0:7-1.0:8-1.0:9-1.0:10-1.0:35347-1:35348-0:35349-50000.0:35350-2000.0:35351-300000.0:35352-750.0,22.09
0-1.0:1-1.0:2-1.0:3-1.0:4-1.0:5-1.0:6-1.0:7-1.0:8-1.0:9-1.0:10-1.0:35347-1:35348-0:35349-50000.0:35350-2000.0:35351-300000.0:35352-1500.0,24.27
0-1.0:1-1.0:2-1.0:3-1.0:4-1.0:5-1.0:6-1.0:7-1.0:8-1.0:9-1.0:10-1.0:35347-1:35348-0:35349-50000.0:35350-2000.0:35351-300000.0:35352-2500.0,21.64
0-1.0:1-1.0:2-1.0:3-1.0:4-1.0:5-1.0:6-1.0:7-1.0:8-1.0:9-1.0:10-1.0:35347-1:35348-0:35349-50000.0:35350-2000.0:35351-300000.0:35352-5000.0,14.97
0-1.0:1-1.0:2-1.0:3-1.0:4-1.0:5-1.0:6-1.0:7-1.0:8-1.0:9-1.0:10-1.0:35347-1:35348-0:35349-50000.0:35350-2000.0:35351-500000.0:35352-100.0,61.16
0-1.0:1-1.0:2-1.0:3-1.0:4-1.0:5-1.0:6-1.0:7-1.0:8-1.0:9-1.0:10-1.0:35347-1:35348-0:35349-50000.0:35350-2000.0:35351-500000.0:35352-250.0,26.97
0-1.0:1-1.0:2-1.0:3-1.0:4-1.0:5-1.0:6-1.0:7-1.0:8-1.0:9-1.0:10-1.0:35347-1:35348-0:35349-50000.0:35350-2000.0:35351-500000.0:35352-500.0,46.07
0-1.0:1-1.0:2-1.0:3-1.0:4-1.0:5-1.0:6-1.0:7-1.0:8-1.0:9-1.0:10-1.0:35347-1:35348-0:35349-50000.0:35350-2000.0:35351-500000.0:35352-750.0,23.76
0-1.0:1-1.0:2-1.0:3-1.0:4-1.0:5-1.0:6-1.0:7-1.0:8-1.0:9-1.0:10-1.0:35347-1:35348-0:35349-50000.0:35350-2000.0:35351-500000.0:35352-1000.0,22.61
0-1.0:1-1.0:2-1.0:3-1.0:4-1.0:5-1.0:6-1.0:7-1.0:8-1.0:9-1.0:10-1.0:35347-1:35348-0:35349-50000.0:35350-2000.0:35351-500000.0:35352-1500.0,23.45
0-1.0:1-1.0:2-1.0:3-1.0:4-1.0:5-1.0:6-1.0:7-1.0:8-1.0:9-1.0:10-1.0:35347-1:35348-0:35349-50000.0:35350-2000.0:35351-500000.0:35352-5000.0,20.09
0-1.0:1-1.0:2-1.0:3-1.0:4-1.0:5-1.0:6-1.0:7-1.0:8-1.0:9-1.0:10-1.0:35347-1:35348-0:35349-60000.0:35350-1000.0:35351-100000.0:35352-100.0,31.12
0-1.0:1-1.0:2-1.0:3-1.0:4-1.0:5-1.0:6-1.0:7-1.0:8-1.0:9-1.0:10-1.0:35347-1:35348-0:35349-60000.0:35350-1000.0:35351-100000.0:35352-150.0,29.87
0-1.0:1-1.0:2-1.0:3-1.0:4-1.0:5-1.0:6-1.0:7-1.0:8-1.0:9-1.0:10-1.0:35347-1:35348-0:35349-60000.0:35350-1000.0:35351-100000.0:35352-250.0,24.89
0-1.0:1-1.0:2-1.0:3-1.0:4-1.0:5-1.0:6-1.0:7-1.0:8-1.0:9-1.0:10-1.0:35347-1:35348-0:35349-60000.0:35350-1000.0:35351-100000.0:35352-750.0,27.32
0-1.0:1-1.0:2-1.0:3-1.0:4-1.0:5-1.0:6-1.0:7-1.0:8-1.0:9-1.0:10-1.0:35347-2:35348-0:35349-12000.0:35350-2000.0:35351-100000.0:35352-150.0,16.7
0-1.0:1-1.0:2-1.0:3-1.0:4-1.0:5-1.0:6-1.0:7-1.0:8-1.0:9-1.0:10-1.0:35347-2:35348-0:35349-12000.0:35350-2000.0:35351-100000.0:35352-250.0,13.96
0-1.0:1-1.0:2-1.0:3-1.0:4-1.0:5-1.0:6-1.0:7-1.0:8-1.0:9-1.0:10-1.0:35347-2:35348-0:35349-12000.0:35350-2000.0:35351-100000.0:35352-500.0,16.39
0-1.0:1-1.0:2-1.0:3-1.0:4-1.0:5-1.0:6-1.0:7-1.0:8-1.0:9-1.0:10-1.0:35347-2:35348-0:35349-12000.0:35350-2000.0:35351-100000.0:35352-1000.0,22.46
0-1.0:1-1.0:2-1.0:3-1.0:4-1.0:5-1.0:6-1.0:7-1.0:8-1.0:9-1.0:10-1.0:35347-2:35348-0:35349-12000.0:35350-2000.0:35351-100000.0:35352-1500.0,11.9
0-1.0:1-1.0:2-1.0:3-1.0:4-1.0:5-1.0:6-1.0:7-1.0:8-1.0:9-1.0:10-1.0:35347-2:35348-0:35349-12000.0:35350-2000.0:35351-100000.0:35352-2500.0,11.83
0-1.0:1-1.0:2-1.0:3-1.0:4-1.0:5-1.0:6-1.0:7-1.0:8-1.0:9-1.0:10-1.0:35347-2:35348-0:35349-12000.0:35350-2000.0:35351-100000.0:35352-5000.0,10.83
0-1.0:1-1.0:2-1.0:3-1.0:4-1.0:5-1.0:6-1.0:7-1.0:8-1.0:9-1.0:10-1.0:35347-2:35348-0:35349-12000.0:35350-2000.0:35351-300000.0:35352-100.0,19.47
0-1.0:1-1.0:2-1.0:3-1.0:4-1.0:5-1.0:6-1.0:7-1.0:8-1.0:9-1.0:10-1.0:35347-2:35348-0:35349-12000.0:35350-2000.0:35351-300000.0:35352-150.0,23.39
0-1.0:1-1.0:2-1.0:3-1.0:4-1.0:5-1.0:6-1.0:7-1.0:8-1.0:9-1.0:10-1.0:35347-2:35348-0:35349-12000.0:35350-2000.0:35351-300000.0:35352-250.0,16.05
0-1.0:1-1.0:2-1.0:3-1.0:4-1.0:5-1.0:6-1.0:7-1.0:8-1.0:9-1.0:10-1.0:35347-2:35348-0:35349-12000.0:35350-2000.0:35351-300000.0:35352-500.0,18.47
0-1.0:1-1.0:2-1.0:3-1.0:4-1.0:5-1.0:6-1.0:7-1.0:8-1.0:9-1.0:10-1.0:35347-2:35348-0:35349-12000.0:35350-2000.0:35351-300000.0:35352-750.0,14.13
0-1.0:1-1.0:2-1.0:3-1.0:4-1.0:5-1.0:6-1.0:7-1.0:8-1.0:9-1.0:10-1.0:35347-2:35348-0:35349-12000.0:35350-2000.0:35351-300000.0:35352-1000.0,13.44
0-1.0:1-1.0:2-1.0:3-1.0:4-1.0:5-1.0:6-1.0:7-1.0:8-1.0:9-1.0:10-1.0:35347-2:35348-0:35349-12000.0:35350-2000.0:35351-300000.0:35352-1500.0,12.62
0-1.0:1-1.0:2-1.0:3-1.0:4-1.0:5-1.0:6-1.0:7-1.0:8-1.0:9-1.0:10-1.0:35347-2:35348-0:35349-12000.0:35350-2000.0:35351-300000.0:35352-2500.0,13.91
0-1.0:1-1.0:2-1.0:3-1.0:4-1.0:5-1.0:6-1.0:7-1.0:8-1.0:9-1.0:10-1.0:35347-2:35348-0:35349-12000.0:35350-2000.0:35351-300000.0:35352-5000.0,10.83
0-1.0:1-1.0:2-1.0:3-1.0:4-1.0:5-1.0:6-1.0:7-1.0:8-1.0:9-1.0:10-1.0:35347-2:35348-0:35349-12000.0:35350-2000.0:35351-500000.0:35352-100.0,23.41
0-1.0:1-1.0:2-1.0:3-1.0:4-1.0:5-1.0:6-1.0:7-1.0:8-1.0:9-1.0:10-1.0:35347-2:35348-0:35349-12000.0:35350-2000.0:35351-500000.0:35352-150.0,20.45
0-1.0:1-1.0:2-1.0:3-1.0:4-1.0:5-1.0:6-1.0:7-1.0:8-1.0:9-1.0:10-1.0:35347-2:35348-0:35349-12000.0:35350-2000.0:35351-500000.0:35352-250.0,17.71
0-1.0:1-1.0:2-1.0:3-1.0:4-1.0:5-1.0:6-1.0:7-1.0:8-1.0:9-1.0:10-1.0:35347-2:35348-0:35349-12000.0:35350-2000.0:35351-500000.0:35352-500.0,16.62
0-1.0:1-1.0:2-1.0:3-1.0:4-1.0:5-1.0:6-1.0:7-1.0:8-1.0:9-1.0:10-1.0:35347-2:35348-0:35349-12000.0:35350-2000.0:35351-500000.0:35352-750.0,15.79
0-1.0:1-1.0:2-1.0:3-1.0:4-1.0:5-1.0:6-1.0:7-1.0:8-1.0:9-1.0:10-1.0:35347-2:35348-0:35349-12000.0:35350-2000.0:35351-500000.0:35352-1000.0,15.11
0-1.0:1-1.0:2-1.0:3-1.0:4-1.0:5-1.0:6-1.0:7-1.0:8-1.0:9-1.0:10-1.0:35347-2:35348-0:35349-12000.0:35350-2000.0:35351-500000.0:35352-1500.0,14.28
0-1.0:1-1.0:2-1.0:3-1.0:4-1.0:5-1.0:6-1.0:7-1.0:8-1.0:9-1.0:10-1.0:35347-2:35348-0:35349-12000.0:35350-2000.0:35351-500000.0:35352-2500.0,13.05
0-1.0:1-1.0:2-1.0:3-1.0:4-1.0:5-1.0:6-1.0:7-1.0:8-1.0:9-1.0:10-1.0:35347-2:35348-0:35349-12000.0:35350-2000.0:35351-500000.0:35352-5000.0,11.54
0-1.0:1-1.0:2-1.0:3-1.0:4-1.0:5-1.0:6-1.0:7-1.0:8-1.0:9-1.0:10-1.0:35347-2:35348-0:35349-16000.0:35350-1000.0:35351-100000.0:35352-100.0,17.39
0-1.0:1-1.0:2-1.0:3-1.0:4-1.0:5-1.0:6-1.0:7-1.0:8-1.0:9-1.0:10-1.0:35347-2:35348-0:35349-16000.0:35350-1000.0:35351-100000.0:35352-150.0,16.7
0-1.0:1-1.0:2-1.0:3-1.0:4-1.0:5-1.0:6-1.0:7-1.0:8-1.0:9-1.0:10-1.0:35347-2:35348-0:35349-16000.0:35350-1000.0:35351-100000.0:35352-250.0,27.83
0-1.0:1-1.0:2-1.0:3-1.0:4-1.0:5-1.0:6-1.0:7-1.0:8-1.0:9-1.0:10-1.0:35347-2:35348-0:35349-16000.0:35350-1000.0:35351-100000.0:35352-500.0,12.8
0-1.0:1-1.0:2-1.0:3-1.0:4-1.0:5-1.0:6-1.0:7-1.0:8-1.0:9-1.0:10-1.0:35347-2:35348-0:35349-16000.0:35350-1000.0:35351-100000.0:35352-750.0,11.97
0-1.0:1-1.0:2-1.0:3-1.0:4-1.0:5-1.0:6-1.0:7-1.0:8-1.0:9-1.0:10-1.0:35347-2:35348-0:35349-16000.0:35350-1000.0:35351-100000.0:35352-1500.0,10.83
0-1.0:1-1.0:2-1.0:3-1.0:4-1.0:5-1.0:6-1.0:7-1.0:8-1.0:9-1.0:10-1.0:35347-2:35348-0:35349-16000.0:35350-1000.0:35351-100000.0:35352-2500.0,10.83
0-1.0:1-1.0:2-1.0:3-1.0:4-1.0:5-1.0:6-1.0:7-1.0:8-1.0:9-1.0:10-1.0:35347-2:35348-0:35349-16000.0:35350-1000.0:35351-100000.0:35352-5000.0,10.83
0-1.0:1-1.0:2-1.0:3-1.0:4-1.0:5-1.0:6-1.0:7-1.0:8-1.0:9-1.0:10-1.0:35347-2:35348-0:35349-16000.0:35350-1000.0:35351-300000.0:35352-100.0,19.48
0-1.0:1-1.0:2-1.0:3-1.0:4-1.0:5-1.0:6-1.0:7-1.0:8-1.0:9-1.0:10-1.0:35347-2:35348-0:35349-16000.0:35350-1000.0:35351-300000.0:35352-150.0,23.46
0-1.0:1-1.0:2-1.0:3-1.0:4-1.0:5-1.0:6-1.0:7-1.0:8-1.0:9-1.0:10-1.0:35347-2:35348-0:35349-16000.0:35350-1000.0:35351-300000.0:35352-500.0,14.88
0-1.0:1-1.0:2-1.0:3-1.0:4-1.0:5-1.0:6-1.0:7-1.0:8-1.0:9-1.0:10-1.0:35347-2:35348-0:35349-16000.0:35350-1000.0:35351-300000.0:35352-750.0,14.05
0-1.0:1-1.0:2-1.0:3-1.0:4-1.0:5-1.0:6-1.0:7-1.0:8-1.0:9-1.0:10-1.0:35347-2:35348-0:35349-16000.0:35350-1000.0:35351-300000.0:35352-1000.0,13.35
0-1.0:1-1.0:2-1.0:3-1.0:4-1.0:5-1.0:6-1.0:7-1.0:8-1.0:9-1.0:10-1.0:35347-2:35348-0:35349-16000.0:35350-1000.0:35351-300000.0:35352-1500.0,15.44
0-1.0:1-1.0:2-1.0:3-1.0:4-1.0:5-1.0:6-1.0:7-1.0:8-1.0:9-1.0:10-1.0:35347-2:35348-0:35349-16000.0:35350-1000.0:35351-300000.0:35352-2500.0,11.27
0-1.0:1-1.0:2-1.0:3-1.0:4-1.0:5-1.0:6-1.0:7-1.0:8-1.0:9-1.0:10-1.0:35347-2:35348-0:35349-16000.0:35350-1000.0:35351-300000.0:35352-5000.0,10.83
0-1.0:1-1.0:2-1.0:3-1.0:4-1.0:5-1.0:6-1.0:7-1.0:8-1.0:9-1.0:10-1.0:35347-2:35348-0:35349-16000.0:35350-1000.0:35351-500000.0:35352-100.0,23.41
0-1.0:1-1.0:2-1.0:3-1.0:4-1.0:5-1.0:6-1.0:7-1.0:8-1.0:9-1.0:10-1.0:35347-2:35348-0:35349-16000.0:35350-1000.0:35351-500000.0:35352-150.0,25.13
0-1.0:1-1.0:2-1.0:3-1.0:4-1.0:5-1.0:6-1.0:7-1.0:8-1.0:9-1.0:10-1.0:35347-2:35348-0:35349-16000.0:35350-1000.0:35351-500000.0:35352-250.0,17.66
0-1.0:1-1.0:2-1.0:3-1.0:4-1.0:5-1.0:6-1.0:7-1.0:8-1.0:9-1.0:10-1.0:35347-2:35348-0:35349-16000.0:35350-1000.0:35351-500000.0:35352-500.0,16.55
0-1.0:1-1.0:2-1.0:3-1.0:4-1.0:5-1.0:6-1.0:7-1.0:8-1.0:9-1.0:10-1.0:35347-2:35348-0:35349-16000.0:35350-1000.0:35351-500000.0:35352-750.0,17.28
0-1.0:1-1.0:2-1.0:3-1.0:4-1.0:5-1.0:6-1.0:7-1.0:8-1.0:9-1.0:10-1.0:35347-2:35348-0:35349-16000.0:35350-1000.0:35351-500000.0:35352-1000.0,15.02
0-1.0:1-1.0:2-1.0:3-1.0:4-1.0:5-1.0:6-1.0:7-1.0:8-1.0:9-1.0:10-1.0:35347-2:35348-0:35349-16000.0:35350-1000.0:35351-500000.0:35352-1500.0,14.19
0-1.0:1-1.0:2-1.0:3-1.0:4-1.0:5-1.0:6-1.0:7-1.0:8-1.0:9-1.0:10-1.0:35347-2:35348-0:35349-16000.0:35350-1000.0:35351-500000.0:35352-2500.0,12.93
0-1.0:1-1.0:2-1.0:3-1.0:4-1.0:5-1.0:6-1.0:7-1.0:8-1.0:9-1.0:10-1.0:35347-2:35348-0:35349-16000.0:35350-1000.0:35351-500000.0:35352-5000.0,19.06
0-1.0:1-1.0:2-1.0:3-1.0:4-1.0:5-1.0:6-1.0:7-1.0:8-1.0:9-1.0:10-1.0:35347-2:35348-0:35349-16000.0:35350-2000.0:35351-100000.0:35352-100.0,17.64
0-1.0:1-1.0:2-1.0:3-1.0:4-1.0:5-1.0:6-1.0:7-1.0:8-1.0:9-1.0:10-1.0:35347-2:35348-0:35349-16000.0:35350-2000.0:35351-100000.0:35352-150.0,21.63
0-1.0:1-1.0:2-1.0:3-1.0:4-1.0:5-1.0:6-1.0:7-1.0:8-1.0:9-1.0:10-1.0:35347-2:35348-0:35349-16000.0:35350-2000.0:35351-100000.0:35352-250.0,14.16
0-1.0:1-1.0:2-1.0:3-1.0:4-1.0:5-1.0:6-1.0:7-1.0:8-1.0:9-1.0:10-1.0:35347-2:35348-0:35349-16000.0:35350-2000.0:35351-100000.0:35352-500.0,13.05
0-1.0:1-1.0:2-1.0:3-1.0:4-1.0:5-1.0:6-1.0:7-1.0:8-1.0:9-1.0:10-1.0:35347-2:35348-0:35349-16000.0:35350-2000.0:35351-100000.0:35352-750.0,15.57
0-1.0:1-1.0:2-1.0:3-1.0:4-1.0:5-1.0:6-1.0:7-1.0:8-1.0:9-1.0:10-1.0:35347-2:35348-0:35349-16000.0:35350-2000.0:35351-100000.0:35352-1000.0,11.52
0-1.0:1-1.0:2-1.0:3-1.0:4-1.0:5-1.0:6-1.0:7-1.0:8-1.0:9-1.0:10-1.0:35347-2:35348-0:35349-16000.0:35350-2000.0:35351-100000.0:35352-1500.0,10.83
0-1.0:1-1.0:2-1.0:3-1.0:4-1.0:5-1.0:6-1.0:7-1.0:8-1.0:9-1.0:10-1.0:35347-2:35348-0:35349-16000.0:35350-2000.0:35351-100000.0:35352-2500.0,10.83
0-1.0:1-1.0:2-1.0:3-1.0:4-1.0:5-1.0:6-1.0:7-1.0:8-1.0:9-1.0:10-1.0:35347-2:35348-0:35349-16000.0:35350-2000.0:35351-100000.0:35352-5000.0,10.83
0-1.0:1-1.0:2-1.0:3-1.0:4-1.0:5-1.0:6-1.0:7-1.0:8-1.0:9-1.0:10-1.0:35347-2:35348-0:35349-16000.0:35350-2000.0:35351-300000.0:35352-100.0,19.73
0-1.0:1-1.0:2-1.0:3-1.0:4-1.0:5-1.0:6-1.0:7-1.0:8-1.0:9-1.0:10-1.0:35347-2:35348-0:35349-16000.0:35350-2000.0:35351-300000.0:35352-150.0,23.71
0-1.0:1-1.0:2-1.0:3-1.0:4-1.0:5-1.0:6-1.0:7-1.0:8-1.0:9-1.0:10-1.0:35347-2:35348-0:35349-16000.0:35350-2000.0:35351-300000.0:35352-250.0,16.25
0-1.0:1-1.0:2-1.0:3-1.0:4-1.0:5-1.0:6-1.0:7-1.0:8-1.0:9-1.0:10-1.0:35347-2:35348-0:35349-16000.0:35350-2000.0:35351-300000.0:35352-500.0,18.72
0-1.0:1-1.0:2-1.0:3-1.0:4-1.0:5-1.0:6-1.0:7-1.0:8-1.0:9-1.0:10-1.0:35347-2:35348-0:35349-16000.0:35350-2000.0:35351-300000.0:35352-750.0,14.3
0-1.0:1-1.0:2-1.0:3-1.0:4-1.0:5-1.0:6-1.0:7-1.0:8-1.0:9-1.0:10-1.0:35347-2:35348-0:35349-16000.0:35350-2000.0:35351-300000.0:35352-1000.0,15.07
0-1.0:1-1.0:2-1.0:3-1.0:4-1.0:5-1.0:6-1.0:7-1.0:8-1.0:9-1.0:10-1.0:35347-2:35348-0:35349-16000.0:35350-2000.0:35351-300000.0:35352-1500.0,15.69
0-1.0:1-1.0:2-1.0:3-1.0:4-1.0:5-1.0:6-1.0:7-1.0:8-1.0:9-1.0:10-1.0:35347-2:35348-0:35349-16000.0:35350-2000.0:35351-300000.0:35352-2500.0,14.09
0-1.0:1-1.0:2-1.0:3-1.0:4-1.0:5-1.0:6-1.0:7-1.0:8-1.0:9-1.0:10-1.0:35347-2:35348-0:35349-16000.0:35350-2000.0:35351-300000.0:35352-5000.0,10.83
0-1.0:1-1.0:2-1.0:3-1.0:4-1.0:5-1.0:6-1.0:7-1.0:8-1.0:9-1.0:10-1.0:35347-2:35348-0:35349-16000.0:35350-2000.0:35351-500000.0:35352-100.0,21.39
0-1.0:1-1.0:2-1.0:3-1.0:4-1.0:5-1.0:6-1.0:7-1.0:8-1.0:9-1.0:10-1.0:35347-2:35348-0:35349-16000.0:35350-2000.0:35351-500000.0:35352-150.0,20.7
0-1.0:1-1.0:2-1.0:3-1.0:4-1.0:5-1.0:6-1.0:7-1.0:8-1.0:9-1.0:10-1.0:35347-2:35348-0:35349-16000.0:35350-2000.0:35351-500000.0:35352-250.0,21.81
0-1.0:1-1.0:2-1.0:3-1.0:4-1.0:5-1.0:6-1.0:7-1.0:8-1.0:9-1.0:10-1.0:35347-2:35348-0:35349-16000.0:35350-2000.0:35351-500000.0:35352-500.0,20.39
0-1.0:1-1.0:2-1.0:3-1.0:4-1.0:5-1.0:6-1.0:7-1.0:8-1.0:9-1.0:10-1.0:35347-2:35348-0:35349-16000.0:35350-2000.0:35351-500000.0:35352-750.0,19.32
0-1.0:1-1.0:2-1.0:3-1.0:4-1.0:5-1.0:6-1.0:7-1.0:8-1.0:9-1.0:10-1.0:35347-2:35348-0:35349-16000.0:35350-2000.0:35351-500000.0:35352-1000.0,18.43
0-1.0:1-1.0:2-1.0:3-1.0:4-1.0:5-1.0:6-1.0:7-1.0:8-1.0:9-1.0:10-1.0:35347-2:35348-0:35349-16000.0:35350-2000.0:35351-500000.0:35352-1500.0,14.44
0-1.0:1-1.0:2-1.0:3-1.0:4-1.0:5-1.0:6-1.0:7-1.0:8-1.0:9-1.0:10-1.0:35347-2:35348-0:35349-16000.0:35350-2000.0:35351-500000.0:35352-2500.0,15.76
0-1.0:1-1.0:2-1.0:3-1.0:4-1.0:5-1.0:6-1.0:7-1.0:8-1.0:9-1.0:10-1.0:35347-2:35348-0:35349-16000.0:35350-2000.0:35351-500000.0:35352-5000.0,13.8
0-1.0:1-1.0:2-1.0:3-1.0:4-1.0:5-1.0:6-1.0:7-1.0:8-1.0:9-1.0:10-1.0:35347-2:35348-0:35349-20000.0:35350-1000.0:35351-100000.0:35352-100.0,18.49
0-1.0:1-1.0:2-1.0:3-1.0:4-1.0:5-1.0:6-1.0:7-1.0:8-1.0:9-1.0:10-1.0:35347-2:35348-0:35349-20000.0:35350-1000.0:35351-100000.0:35352-250.0,29.64
0-1.0:1-1.0:2-1.0:3-1.0:4-1.0:5-1.0:6-1.0:7-1.0:8-1.0:9-1.0:10-1.0:35347-2:35348-0:35349-20000.0:35350-1000.0:35351-100000.0:35352-500.0,17.38
0-1.0:1-1.0:2-1.0:3-1.0:4-1.0:5-1.0:6-1.0:7-1.0:8-1.0:9-1.0:10-1.0:35347-2:35348-0:35349-20000.0:35350-1000.0:35351-100000.0:35352-750.0,12.72
0-1.0:1-1.0:2-1.0:3-1.0:4-1.0:5-1.0:6-1.0:7-1.0:8-1.0:9-1.0:10-1.0:35347-2:35348-0:35349-20000.0:35350-1000.0:35351-100000.0:35352-1500.0,14.17
0-1.0:1-1.0:2-1.0:3-1.0:4-1.0:5-1.0:6-1.0:7-1.0:8-1.0:9-1.0:10-1.0:35347-2:35348-0:35349-20000.0:35350-1000.0:35351-100000.0:35352-2500.0,10.83
0-1.0:1-1.0:2-1.0:3-1.0:4-1.0:5-1.0:6-1.0:7-1.0:8-1.0:9-1.0:10-1.0:35347-2:35348-0:35349-20000.0:35350-1000.0:35351-100000.0:35352-5000.0,10.83
0-1.0:1-1.0:2-1.0:3-1.0:4-1.0:5-1.0:6-1.0:7-1.0:8-1.0:9-1.0:10-1.0:35347-2:35348-0:35349-20000.0:35350-1000.0:35351-300000.0:35352-100.0,39.14
0-1.0:1-1.0:2-1.0:3-1.0:4-1.0:5-1.0:6-1.0:7-1.0:8-1.0:9-1.0:10-1.0:35347-2:35348-0:35349-20000.0:35350-1000.0:35351-300000.0:35352-150.0,37.66
0-1.0:1-1.0:2-1.0:3-1.0:4-1.0:5-1.0:6-1.0:7-1.0:8-1.0:9-1.0:10-1.0:35347-2:35348-0:35349-20000.0:35350-1000.0:35351-300000.0:35352-250.0,16.87
0-1.0:1-1.0:2-1.0:3-1.0:4-1.0:5-1.0:6-1.0:7-1.0:8-1.0:9-1.0:10-1.0:35347-2:35348-0:35349-20000.0:35350-1000.0:35351-300000.0:35352-500.0,17.54
0-1.0:1-1.0:2-1.0:3-1.0:4-1.0:5-1.0:6-1.0:7-1.0:8-1.0:9-1.0:10-1.0:35347-2:35348-0:35349-20000.0:35350-1000.0:35351-300000.0:35352-750.0,14.8
0-1.0:1-1.0:2-1.0:3-1.0:4-1.0:5-1.0:6-1.0:7-1.0:8-1.0:9-1.0:10-1.0:35347-2:35348-0:35349-20000.0:35350-1000.0:35351-300000.0:35352-1000.0,15.7
0-1.0:1-1.0:2-1.0:3-1.0:4-1.0:5-1.0:6-1.0:7-1.0:8-1.0:9-1.0:10-1.0:35347-2:35348-0:35349-20000.0:35350-1000.0:35351-300000.0:35352-1500.0,13.18
0-1.0:1-1.0:2-1.0:3-1.0:4-1.0:5-1.0:6-1.0:7-1.0:8-1.0:9-1.0:10-1.0:35347-2:35348-0:35349-20000.0:35350-1000.0:35351-300000.0:35352-2500.0,11.84
0-1.0:1-1.0:2-1.0:3-1.0:4-1.0:5-1.0:6-1.0:7-1.0:8-1.0:9-1.0:10-1.0:35347-2:35348-0:35349-20000.0:35350-1000.0:35351-300000.0:35352-5000.0,10.83
0-1.0:1-1.0:2-1.0:3-1.0:4-1.0:5-1.0:6-1.0:7-1.0:8-1.0:9-1.0:10-1.0:35347-2:35348-0:35349-20000.0:35350-1000.0:35351-500000.0:35352-100.0,22.24
0-1.0:1-1.0:2-1.0:3-1.0:4-1.0:5-1.0:6-1.0:7-1.0:8-1.0:9-1.0:10-1.0:35347-2:35348-0:35349-20000.0:35350-1000.0:35351-500000.0:35352-150.0,26.42
0-1.0:1-1.0:2-1.0:3-1.0:4-1.0:5-1.0:6-1.0:7-1.0:8-1.0:9-1.0:10-1.0:35347-2:35348-0:35349-20000.0:35350-1000.0:35351-500000.0:35352-250.0,20.56
0-1.0:1-1.0:2-1.0:3-1.0:4-1.0:5-1.0:6-1.0:7-1.0:8-1.0:9-1.0:10-1.0:35347-2:35348-0:35349-20000.0:35350-1000.0:35351-500000.0:35352-500.0,17.35
0-1.0:1-1.0:2-1.0:3-1.0:4-1.0:5-1.0:6-1.0:7-1.0:8-1.0:9-1.0:10-1.0:35347-2:35348-0:35349-20000.0:35350-1000.0:35351-500000.0:35352-750.0,16.47
0-1.0:1-1.0:2-1.0:3-1.0:4-1.0:5-1.0:6-1.0:7-1.0:8-1.0:9-1.0:10-1.0:35347-2:35348-0:35349-20000.0:35350-1000.0:35351-500000.0:35352-1000.0,15.73
0-1.0:1-1.0:2-1.0:3-1.0:4-1.0:5-1.0:6-1.0:7-1.0:8-1.0:9-1.0:10-1.0:35347-2:35348-0:35349-20000.0:35350-1000.0:35351-500000.0:35352-1500.0,14.84
0-1.0:1-1.0:2-1.0:3-1.0:4-1.0:5-1.0:6-1.0:7-1.0:8-1.0:9-1.0:10-1.0:35347-2:35348-0:35349-20000.0:35350-1000.0:35351-500000.0:35352-2500.0,13.51
0-1.0:1-1.0:2-1.0:3-1.0:4-1.0:5-1.0:6-1.0:7-1.0:8-1.0:9-1.0:10-1.0:35347-2:35348-0:35349-20000.0:35350-1000.0:35351-500000.0:35352-5000.0,11.88
0-1.0:1-1.0:2-1.0:3-1.0:4-1.0:5-1.0:6-1.0:7-1.0:8-1.0:9-1.0:10-1.0:35347-2:35348-0:35349-20000.0:35350-2000.0:35351-100000.0:35352-100.0,23.86
0-1.0:1-1.0:2-1.0:3-1.0:4-1.0:5-1.0:6-1.0:7-1.0:8-1.0:9-1.0:10-1.0:35347-2:35348-0:35349-20000.0:35350-2000.0:35351-100000.0:35352-150.0,22.92
0-1.0:1-1.0:2-1.0:3-1.0:4-1.0:5-1.0:6-1.0:7-1.0:8-1.0:9-1.0:10-1.0:35347-2:35348-0:35349-20000.0:35350-2000.0:35351-100000.0:35352-250.0,19.14
0-1.0:1-1.0:2-1.0:3-1.0:4-1.0:5-1.0:6-1.0:7-1.0:8-1.0:9-1.0:10-1.0:35347-2:35348-0:35349-20000.0:35350-2000.0:35351-100000.0:35352-500.0,13.85
0-1.0:1-1.0:2-1.0:3-1.0:4-1.0:5-1.0:6-1.0:7-1.0:8-1.0:9-1.0:10-1.0:35347-2:35348-0:35349-20000.0:35350-2000.0:35351-100000.0:35352-750.0,12.97
0-1.0:1-1.0:2-1.0:3-1.0:4-1.0:5-1.0:6-1.0:7-1.0:8-1.0:9-1.0:10-1.0:35347-2:35348-0:35349-20000.0:35350-2000.0:35351-100000.0:35352-1000.0,12.23
0-1.0:1-1.0:2-1.0:3-1.0:4-1.0:5-1.0:6-1.0:7-1.0:8-1.0:9-1.0:10-1.0:35347-2:35348-0:35349-20000.0:35350-2000.0:35351-100000.0:35352-1500.0,11.34
0-1.0:1-1.0:2-1.0:3-1.0:4-1.0:5-1.0:6-1.0:7-1.0:8-1.0:9-1.0:10-1.0:35347-2:35348-0:35349-20000.0:35350-2000.0:35351-100000.0:35352-2500.0,10.83
0-1.0:1-1.0:2-1.0:3-1.0:4-1.0:5-1.0:6-1.0:7-1.0:8-1.0:9-1.0:10-1.0:35347-2:35348-0:35349-20000.0:35350-2000.0:35351-100000.0:35352-5000.0,10.83
0-1.0:1-1.0:2-1.0:3-1.0:4-1.0:5-1.0:6-1.0:7-1.0:8-1.0:9-1.0:10-1.0:35347-2:35348-0:35349-20000.0:35350-2000.0:35351-300000.0:35352-100.0,25.94
0-1.0:1-1.0:2-1.0:3-1.0:4-1.0:5-1.0:6-1.0:7-1.0:8-1.0:9-1.0:10-1.0:35347-2:35348-0:35349-20000.0:35350-2000.0:35351-300000.0:35352-150.0,20.08
0-1.0:1-1.0:2-1.0:3-1.0:4-1.0:5-1.0:6-1.0:7-1.0:8-1.0:9-1.0:10-1.0:35347-2:35348-0:35349-20000.0:35350-2000.0:35351-300000.0:35352-250.0,17.12
0-1.0:1-1.0:2-1.0:3-1.0:4-1.0:5-1.0:6-1.0:7-1.0:8-1.0:9-1.0:10-1.0:35347-2:35348-0:35349-20000.0:35350-2000.0:35351-300000.0:35352-500.0,15.94
0-1.0:1-1.0:2-1.0:3-1.0:4-1.0:5-1.0:6-1.0:7-1.0:8-1.0:9-1.0:10-1.0:35347-2:35348-0:35349-20000.0:35350-2000.0:35351-300000.0:35352-750.0,15.05
0-1.0:1-1.0:2-1.0:3-1.0:4-1.0:5-1.0:6-1.0:7-1.0:8-1.0:9-1.0:10-1.0:35347-2:35348-0:35349-20000.0:35350-2000.0:35351-300000.0:35352-1000.0,14.31
0-1.0:1-1.0:2-1.0:3-1.0:4-1.0:5-1.0:6-1.0:7-1.0:8-1.0:9-1.0:10-1.0:35347-2:35348-0:35349-20000.0:35350-2000.0:35351-300000.0:35352-1500.0,13.43
0-1.0:1-1.0:2-1.0:3-1.0:4-1.0:5-1.0:6-1.0:7-1.0:8-1.0:9-1.0:10-1.0:35347-2:35348-0:35349-20000.0:35350-2000.0:35351-300000.0:35352-2500.0,14.8
0-1.0:1-1.0:2-1.0:3-1.0:4-1.0:5-1.0:6-1.0:7-1.0:8-1.0:9-1.0:10-1.0:35347-2:35348-0:35349-20000.0:35350-2000.0:35351-300000.0:35352-5000.0,11.58
0-1.0:1-1.0:2-1.0:3-1.0:4-1.0:5-1.0:6-1.0:7-1.0:8-1.0:9-1.0:10-1.0:35347-2:35348-0:35349-20000.0:35350-2000.0:35351-500000.0:35352-100.0,27.61
0-1.0:1-1.0:2-1.0:3-1.0:4-1.0:5-1.0:6-1.0:7-1.0:8-1.0:9-1.0:10-1.0:35347-2:35348-0:35349-20000.0:35350-2000.0:35351-500000.0:35352-150.0,21.75
0-1.0:1-1.0:2-1.0:3-1.0:4-1.0:5-1.0:6-1.0:7-1.0:8-1.0:9-1.0:10-1.0:35347-2:35348-0:35349-20000.0:35350-2000.0:35351-500000.0:35352-250.0,18.79
0-1.0:1-1.0:2-1.0:3-1.0:4-1.0:5-1.0:6-1.0:7-1.0:8-1.0:9-1.0:10-1.0:35347-2:35348-0:35349-20000.0:35350-2000.0:35351-500000.0:35352-500.0,17.6
0-1.0:1-1.0:2-1.0:3-1.0:4-1.0:5-1.0:6-1.0:7-1.0:8-1.0:9-1.0:10-1.0:35347-2:35348-0:35349-20000.0:35350-2000.0:35351-500000.0:35352-750.0,16.72
0-1.0:1-1.0:2-1.0:3-1.0:4-1.0:5-1.0:6-1.0:7-1.0:8-1.0:9-1.0:10-1.0:35347-2:35348-0:35349-20000.0:35350-2000.0:35351-500000.0:35352-1000.0,19.3
0-1.0:1-1.0:2-1.0:3-1.0:4-1.0:5-1.0:6-1.0:7-1.0:8-1.0:9-1.0:10-1.0:35347-2:35348-0:35349-20000.0:35350-2000.0:35351-500000.0:35352-1500.0,15.09
0-1.0:1-1.0:2-1.0:3-1.0:4-1.0:5-1.0:6-1.0:7-1.0:8-1.0:9-1.0:10-1.0:35347-2:35348-0:35349-20000.0:35350-2000.0:35351-500000.0:35352-2500.0,13.76
0-1.0:1-1.0:2-1.0:3-1.0:4-1.0:5-1.0:6-1.0:7-1.0:8-1.0:9-1.0:10-1.0:35347-2:35348-0:35349-20000.0:35350-2000.0:35351-500000.0:35352-5000.0,12.13
0-1.0:1-1.0:2-1.0:3-1.0:4-1.0:5-1.0:6-1.0:7-1.0:8-1.0:9-1.0:10-1.0:35347-2:35348-0:35349-24000.0:35350-1000.0:35351-100000.0:35352-100.0,19.58
0-1.0:1-1.0:2-1.0:3-1.0:4-1.0:5-1.0:6-1.0:7-1.0:8-1.0:9-1.0:10-1.0:35347-2:35348-0:35349-24000.0:35350-1000.0:35351-100000.0:35352-150.0,18.79
0-1.0:1-1.0:2-1.0:3-1.0:4-1.0:5-1.0:6-1.0:7-1.0:8-1.0:9-1.0:10-1.0:35347-2:35348-0:35349-24000.0:35350-1000.0:35351-100000.0:35352-250.0,15.66
0-1.0:1-1.0:2-1.0:3-1.0:4-1.0:5-1.0:6-1.0:7-1.0:8-1.0:9-1.0:10-1.0:35347-2:35348-0:35349-24000.0:35350-1000.0:35351-100000.0:35352-500.0,18.37
0-1.0:1-1.0:2-1.0:3-1.0:4-1.0:5-1.0:6-1.0:7-1.0:8-1.0:9-1.0:10-1.0:35347-2:35348-0:35349-24000.0:35350-1000.0:35351-100000.0:35352-1500.0,13.31
0-1.0:1-1.0:2-1.0:3-1.0:4-1.0:5-1.0:6-1.0:7-1.0:8-1.0:9-1.0:10-1.0:35347-2:35348-0:35349-24000.0:35350-1000.0:35351-100000.0:35352-2500.0,10.83
0-1.0:1-1.0:2-1.0:3-1.0:4-1.0:5-1.0:6-1.0:7-1.0:8-1.0:9-1.0:10-1.0:35347-2:35348-0:35349-24000.0:35350-1000.0:35351-100000.0:35352-5000.0,10.83
0-1.0:1-1.0:2-1.0:3-1.0:4-1.0:5-1.0:6-1.0:7-1.0:8-1.0:9-1.0:10-1.0:35347-2:35348-0:35349-24000.0:35350-1000.0:35351-300000.0:35352-100.0,41.24
0-1.0:1-1.0:2-1.0:3-1.0:4-1.0:5-1.0:6-1.0:7-1.0:8-1.0:9-1.0:10-1.0:35347-2:35348-0:35349-24000.0:35350-1000.0:35351-300000.0:35352-150.0,39.67
0-1.0:1-1.0:2-1.0:3-1.0:4-1.0:5-1.0:6-1.0:7-1.0:8-1.0:9-1.0:10-1.0:35347-2:35348-0:35349-24000.0:35350-1000.0:35351-300000.0:35352-250.0,17.75
0-1.0:1-1.0:2-1.0:3-1.0:4-1.0:5-1.0:6-1.0:7-1.0:8-1.0:9-1.0:10-1.0:35347-2:35348-0:35349-24000.0:35350-1000.0:35351-300000.0:35352-500.0,30.9
0-1.0:1-1.0:2-1.0:3-1.0:4-1.0:5-1.0:6-1.0:7-1.0:8-1.0:9-1.0:10-1.0:35347-2:35348-0:35349-24000.0:35350-1000.0:35351-300000.0:35352-1500.0,13.83
0-1.0:1-1.0:2-1.0:3-1.0:4-1.0:5-1.0:6-1.0:7-1.0:8-1.0:9-1.0:10-1.0:35347-2:35348-0:35349-24000.0:35350-1000.0:35351-300000.0:35352-5000.0,13.06
0-1.0:1-1.0:2-1.0:3-1.0:4-1.0:5-1.0:6-1.0:7-1.0:8-1.0:9-1.0:10-1.0:35347-2:35348-0:35349-24000.0:35350-1000.0:35351-500000.0:35352-100.0,23.33
0-1.0:1-1.0:2-1.0:3-1.0:4-1.0:5-1.0:6-1.0:7-1.0:8-1.0:9-1.0:10-1.0:35347-2:35348-0:35349-24000.0:35350-1000.0:35351-500000.0:35352-150.0,22.54
0-1.0:1-1.0:2-1.0:3-1.0:4-1.0:5-1.0:6-1.0:7-1.0:8-1.0:9-1.0:10-1.0:35347-2:35348-0:35349-24000.0:35350-1000.0:35351-500000.0:35352-750.0,17.22
0-1.0:1-1.0:2-1.0:3-1.0:4-1.0:5-1.0:6-1.0:7-1.0:8-1.0:9-1.0:10-1.0:35347-2:35348-0:35349-24000.0:35350-1000.0:35351-500000.0:35352-1000.0,16.44
0-1.0:1-1.0:2-1.0:3-1.0:4-1.0:5-1.0:6-1.0:7-1.0:8-1.0:9-1.0:10-1.0:35347-2:35348-0:35349-24000.0:35350-1000.0:35351-500000.0:35352-2500.0,16.93
0-1.0:1-1.0:2-1.0:3-1.0:4-1.0:5-1.0:6-1.0:7-1.0:8-1.0:9-1.0:10-1.0:35347-2:35348-0:35349-24000.0:35350-1000.0:35351-500000.0:35352-5000.0,14.73
0-1.0:1-1.0:2-1.0:3-1.0:4-1.0:5-1.0:6-1.0:7-1.0:8-1.0:9-1.0:10-1.0:35347-2:35348-0:35349-24000.0:35350-2000.0:35351-100000.0:35352-100.0,19.83
0-1.0:1-1.0:2-1.0:3-1.0:4-1.0:5-1.0:6-1.0:7-1.0:8-1.0:9-1.0:10-1.0:35347-2:35348-0:35349-24000.0:35350-2000.0:35351-100000.0:35352-150.0,19.04
0-1.0:1-1.0:2-1.0:3-1.0:4-1.0:5-1.0:6-1.0:7-1.0:8-1.0:9-1.0:10-1.0:35347-2:35348-0:35349-24000.0:35350-2000.0:35351-100000.0:35352-250.0,15.91
0-1.0:1-1.0:2-1.0:3-1.0:4-1.0:5-1.0:6-1.0:7-1.0:8-1.0:9-1.0:10-1.0:35347-2:35348-0:35349-24000.0:35350-2000.0:35351-100000.0:35352-500.0,18.62
0-1.0:1-1.0:2-1.0:3-1.0:4-1.0:5-1.0:6-1.0:7-1.0:8-1.0:9-1.0:10-1.0:35347-2:35348-0:35349-24000.0:35350-2000.0:35351-100000.0:35352-750.0,13.72
0-1.0:1-1.0:2-1.0:3-1.0:4-1.0:5-1.0:6-1.0:7-1.0:8-1.0:9-1.0:10-1.0:35347-2:35348-0:35349-24000.0:35350-2000.0:35351-100000.0:35352-1000.0,12.94
0-1.0:1-1.0:2-1.0:3-1.0:4-1.0:5-1.0:6-1.0:7-1.0:8-1.0:9-1.0:10-1.0:35347-2:35348-0:35349-24000.0:35350-2000.0:35351-100000.0:35352-1500.0,12.0
0-1.0:1-1.0:2-1.0:3-1.0:4-1.0:5-1.0:6-1.0:7-1.0:8-1.0:9-1.0:10-1.0:35347-2:35348-0:35349-24000.0:35350-2000.0:35351-100000.0:35352-2500.0,10.83
0-1.0:1-1.0:2-1.0:3-1.0:4-1.0:5-1.0:6-1.0:7-1.0:8-1.0:9-1.0:10-1.0:35347-2:35348-0:35349-24000.0:35350-2000.0:35351-300000.0:35352-100.0,21.91
0-1.0:1-1.0:2-1.0:3-1.0:4-1.0:5-1.0:6-1.0:7-1.0:8-1.0:9-1.0:10-1.0:35347-2:35348-0:35349-24000.0:35350-2000.0:35351-300000.0:35352-150.0,21.13
0-1.0:1-1.0:2-1.0:3-1.0:4-1.0:5-1.0:6-1.0:7-1.0:8-1.0:9-1.0:10-1.0:35347-2:35348-0:35349-24000.0:35350-2000.0:35351-300000.0:35352-500.0,18.66
0-1.0:1-1.0:2-1.0:3-1.0:4-1.0:5-1.0:6-1.0:7-1.0:8-1.0:9-1.0:10-1.0:35347-2:35348-0:35349-24000.0:35350-2000.0:35351-300000.0:35352-750.0,15.8
0-1.0:1-1.0:2-1.0:3-1.0:4-1.0:5-1.0:6-1.0:7-1.0:8-1.0:9-1.0:10-1.0:35347-2:35348-0:35349-24000.0:35350-2000.0:35351-300000.0:35352-1000.0,15.02
0-1.0:1-1.0:2-1.0:3-1.0:4-1.0:5-1.0:6-1.0:7-1.0:8-1.0:9-1.0:10-1.0:35347-2:35348-0:35349-24000.0:35350-2000.0:35351-300000.0:35352-1500.0,14.08
0-1.0:1-1.0:2-1.0:3-1.0:4-1.0:5-1.0:6-1.0:7-1.0:8-1.0:9-1.0:10-1.0:35347-2:35348-0:35349-24000.0:35350-2000.0:35351-300000.0:35352-2500.0,12.67
0-1.0:1-1.0:2-1.0:3-1.0:4-1.0:5-1.0:6-1.0:7-1.0:8-1.0:9-1.0:10-1.0:35347-2:35348-0:35349-24000.0:35350-2000.0:35351-300000.0:35352-5000.0,19.56
0-1.0:1-1.0:2-1.0:3-1.0:4-1.0:5-1.0:6-1.0:7-1.0:8-1.0:9-1.0:10-1.0:35347-2:35348-0:35349-24000.0:35350-2000.0:35351-500000.0:35352-100.0,23.58
0-1.0:1-1.0:2-1.0:3-1.0:4-1.0:5-1.0:6-1.0:7-1.0:8-1.0:9-1.0:10-1.0:35347-2:35348-0:35349-24000.0:35350-2000.0:35351-500000.0:35352-250.0,19.66
0-1.0:1-1.0:2-1.0:3-1.0:4-1.0:5-1.0:6-1.0:7-1.0:8-1.0:9-1.0:10-1.0:35347-2:35348-0:35349-24000.0:35350-2000.0:35351-500000.0:35352-500.0,18.41
0-1.0:1-1.0:2-1.0:3-1.0:4-1.0:5-1.0:6-1.0:7-1.0:8-1.0:9-1.0:10-1.0:35347-2:35348-0:35349-24000.0:35350-2000.0:35351-500000.0:35352-750.0,21.17
0-1.0:1-1.0:2-1.0:3-1.0:4-1.0:5-1.0:6-1.0:7-1.0:8-1.0:9-1.0:10-1.0:35347-2:35348-0:35349-24000.0:35350-2000.0:35351-500000.0:35352-1000.0,16.69
0-1.0:1-1.0:2-1.0:3-1.0:4-1.0:5-1.0:6-1.0:7-1.0:8-1.0:9-1.0:10-1.0:35347-2:35348-0:35349-24000.0:35350-2000.0:35351-500000.0:35352-1500.0,18.97
0-1.0:1-1.0:2-1.0:3-1.0:4-1.0:5-1.0:6-1.0:7-1.0:8-1.0:9-1.0:10-1.0:35347-2:35348-0:35349-28000.0:35350-1000.0:35351-100000.0:35352-100.0,20.67
0-1.0:1-1.0:2-1.0:3-1.0:4-1.0:5-1.0:6-1.0:7-1.0:8-1.0:9-1.0:10-1.0:35347-2:35348-0:35349-28000.0:35350-1000.0:35351-100000.0:35352-150.0,19.84
0-1.0:1-1.0:2-1.0:3-1.0:4-1.0:5-1.0:6-1.0:7-1.0:8-1.0:9-1.0:10-1.0:35347-2:35348-0:35349-28000.0:35350-1000.0:35351-100000.0:35352-250.0,21.11
0-1.0:1-1.0:2-1.0:3-1.0:4-1.0:5-1.0:6-1.0:7-1.0:8-1.0:9-1.0:10-1.0:35347-2:35348-0:35349-28000.0:35350-1000.0:35351-100000.0:35352-500.0,19.42
0-1.0:1-1.0:2-1.0:3-1.0:4-1.0:5-1.0:6-1.0:7-1.0:8-1.0:9-1.0:10-1.0:35347-2:35348-0:35349-28000.0:35350-1000.0:35351-100000.0:35352-2500.0,10.91
0-1.0:1-1.0:2-1.0:3-1.0:4-1.0:5-1.0:6-1.0:7-1.0:8-1.0:9-1.0:10-1.0:35347-2:35348-0:35349-28000.0:35350-1000.0:35351-100000.0:35352-5000.0,10.83
0-1.0:1-1.0:2-1.0:3-1.0:4-1.0:5-1.0:6-1.0:7-1.0:8-1.0:9-1.0:10-1.0:35347-2:35348-0:35349-28000.0:35350-1000.0:35351-300000.0:35352-100.0,28.47
0-1.0:1-1.0:2-1.0:3-1.0:4-1.0:5-1.0:6-1.0:7-1.0:8-1.0:9-1.0:10-1.0:35347-2:35348-0:35349-28000.0:35350-1000.0:35351-300000.0:35352-150.0,21.93
0-1.0:1-1.0:2-1.0:3-1.0:4-1.0:5-1.0:6-1.0:7-1.0:8-1.0:9-1.0:10-1.0:35347-2:35348-0:35349-28000.0:35350-1000.0:35351-300000.0:35352-250.0,18.62
0-1.0:1-1.0:2-1.0:3-1.0:4-1.0:5-1.0:6-1.0:7-1.0:8-1.0:9-1.0:10-1.0:35347-2:35348-0:35349-28000.0:35350-1000.0:35351-300000.0:35352-500.0,21.5
0-1.0:1-1.0:2-1.0:3-1.0:4-1.0:5-1.0:6-1.0:7-1.0:8-1.0:9-1.0:10-1.0:35347-2:35348-0:35349-28000.0:35350-1000.0:35351-300000.0:35352-750.0,16.3
0-1.0:1-1.0:2-1.0:3-1.0:4-1.0:5-1.0:6-1.0:7-1.0:8-1.0:9-1.0:10-1.0:35347-2:35348-0:35349-28000.0:35350-1000.0:35351-300000.0:35352-1000.0,15.48
0-1.0:1-1.0:2-1.0:3-1.0:4-1.0:5-1.0:6-1.0:7-1.0:8-1.0:9-1.0:10-1.0:35347-2:35348-0:35349-28000.0:35350-1000.0:35351-300000.0:35352-2500.0,13.0
0-1.0:1-1.0:2-1.0:3-1.0:4-1.0:5-1.0:6-1.0:7-1.0:8-1.0:9-1.0:10-1.0:35347-2:35348-0:35349-28000.0:35350-1000.0:35351-300000.0:35352-5000.0,12.36
0-1.0:1-1.0:2-1.0:3-1.0:4-1.0:5-1.0:6-1.0:7-1.0:8-1.0:9-1.0:10-1.0:35347-2:35348-0:35349-28000.0:35350-1000.0:35351-500000.0:35352-100.0,24.42
0-1.0:1-1.0:2-1.0:3-1.0:4-1.0:5-1.0:6-1.0:7-1.0:8-1.0:9-1.0:10-1.0:35347-2:35348-0:35349-28000.0:35350-1000.0:35351-500000.0:35352-250.0,20.28
0-1.0:1-1.0:2-1.0:3-1.0:4-1.0:5-1.0:6-1.0:7-1.0:8-1.0:9-1.0:10-1.0:35347-2:35348-0:35349-28000.0:35350-1000.0:35351-500000.0:35352-500.0,18.96
0-1.0:1-1.0:2-1.0:3-1.0:4-1.0:5-1.0:6-1.0:7-1.0:8-1.0:9-1.0:10-1.0:35347-2:35348-0:35349-28000.0:35350-1000.0:35351-500000.0:35352-1000.0,18.89
0-1.0:1-1.0:2-1.0:3-1.0:4-1.0:5-1.0:6-1.0:7-1.0:8-1.0:9-1.0:10-1.0:35347-2:35348-0:35349-28000.0:35350-1000.0:35351-500000.0:35352-1500.0,17.76
0-1.0:1-1.0:2-1.0:3-1.0:4-1.0:5-1.0:6-1.0:7-1.0:8-1.0:9-1.0:10-1.0:35347-2:35348-0:35349-28000.0:35350-1000.0:35351-500000.0:35352-2500.0,14.66
0-1.0:1-1.0:2-1.0:3-1.0:4-1.0:5-1.0:6-1.0:7-1.0:8-1.0:9-1.0:10-1.0:35347-2:35348-0:35349-28000.0:35350-1000.0:35351-500000.0:35352-5000.0,12.84
0-1.0:1-1.0:2-1.0:3-1.0:4-1.0:5-1.0:6-1.0:7-1.0:8-1.0:9-1.0:10-1.0:35347-2:35348-0:35349-28000.0:35350-2000.0:35351-100000.0:35352-100.0,20.92
0-1.0:1-1.0:2-1.0:3-1.0:4-1.0:5-1.0:6-1.0:7-1.0:8-1.0:9-1.0:10-1.0:35347-2:35348-0:35349-28000.0:35350-2000.0:35351-100000.0:35352-150.0,20.09
0-1.0:1-1.0:2-1.0:3-1.0:4-1.0:5-1.0:6-1.0:7-1.0:8-1.0:9-1.0:10-1.0:35347-2:35348-0:35349-28000.0:35350-2000.0:35351-100000.0:35352-250.0,16.78
0-1.0:1-1.0:2-1.0:3-1.0:4-1.0:5-1.0:6-1.0:7-1.0:8-1.0:9-1.0:10-1.0:35347-2:35348-0:35349-28000.0:35350-2000.0:35351-100000.0:35352-500.0,15.46
0-1.0:1-1.0:2-1.0:3-1.0:4-1.0:5-1.0:6-1.0:7-1.0:8-1.0:9-1.0:10-1.0:35347-2:35348-0:35349-28000.0:35350-2000.0:35351-100000.0:35352-1500.0,16.08
0-1.0:1-1.0:2-1.0:3-1.0:4-1.0:5-1.0:6-1.0:7-1.0:8-1.0:9-1.0:10-1.0:35347-2:35348-0:35349-28000.0:35350-2000.0:35351-100000.0:35352-2500.0,11.16
0-1.0:1-1.0:2-1.0:3-1.0:4-1.0:5-1.0:6-1.0:7-1.0:8-1.0:9-1.0:10-1.0:35347-2:35348-0:35349-28000.0:35350-2000.0:35351-300000.0:35352-250.0,18.87
0-1.0:1-1.0:2-1.0:3-1.0:4-1.0:5-1.0:6-1.0:7-1.0:8-1.0:9-1.0:10-1.0:35347-2:35348-0:35349-28000.0:35350-2000.0:35351-300000.0:35352-500.0,17.55
0-1.0:1-1.0:2-1.0:3-1.0:4-1.0:5-1.0:6-1.0:7-1.0:8-1.0:9-1.0:10-1.0:35347-2:35348-0:35349-28000.0:35350-2000.0:35351-300000.0:35352-750.0,20.49
0-1.0:1-1.0:2-1.0:3-1.0:4-1.0:5-1.0:6-1.0:7-1.0:8-1.0:9-1.0:10-1.0:35347-2:35348-0:35349-28000.0:35350-2000.0:35351-300000.0:35352-1000.0,15.73
0-1.0:1-1.0:2-1.0:3-1.0:4-1.0:5-1.0:6-1.0:7-1.0:8-1.0:9-1.0:10-1.0:35347-2:35348-0:35349-28000.0:35350-2000.0:35351-300000.0:35352-1500.0,16.35
0-1.0:1-1.0:2-1.0:3-1.0:4-1.0:5-1.0:6-1.0:7-1.0:8-1.0:9-1.0:10-1.0:35347-2:35348-0:35349-28000.0:35350-2000.0:35351-300000.0:35352-2500.0,16.26
0-1.0:1-1.0:2-1.0:3-1.0:4-1.0:5-1.0:6-1.0:7-1.0:8-1.0:9-1.0:10-1.0:35347-2:35348-0:35349-28000.0:35350-2000.0:35351-300000.0:35352-5000.0,11.43
0-1.0:1-1.0:2-1.0:3-1.0:4-1.0:5-1.0:6-1.0:7-1.0:8-1.0:9-1.0:10-1.0:35347-2:35348-0:35349-28000.0:35350-2000.0:35351-500000.0:35352-100.0,30.39
0-1.0:1-1.0:2-1.0:3-1.0:4-1.0:5-1.0:6-1.0:7-1.0:8-1.0:9-1.0:10-1.0:35347-2:35348-0:35349-28000.0:35350-2000.0:35351-500000.0:35352-150.0,23.84
0-1.0:1-1.0:2-1.0:3-1.0:4-1.0:5-1.0:6-1.0:7-1.0:8-1.0:9-1.0:10-1.0:35347-2:35348-0:35349-28000.0:35350-2000.0:35351-500000.0:35352-500.0,19.21
0-1.0:1-1.0:2-1.0:3-1.0:4-1.0:5-1.0:6-1.0:7-1.0:8-1.0:9-1.0:10-1.0:35347-2:35348-0:35349-28000.0:35350-2000.0:35351-500000.0:35352-750.0,22.15
0-1.0:1-1.0:2-1.0:3-1.0:4-1.0:5-1.0:6-1.0:7-1.0:8-1.0:9-1.0:10-1.0:35347-2:35348-0:35349-28000.0:35350-2000.0:35351-500000.0:35352-1000.0,17.39
0-1.0:1-1.0:2-1.0:3-1.0:4-1.0:5-1.0:6-1.0:7-1.0:8-1.0:9-1.0:10-1.0:35347-2:35348-0:35349-28000.0:35350-2000.0:35351-500000.0:35352-1500.0,16.4
0-1.0:1-1.0:2-1.0:3-1.0:4-1.0:5-1.0:6-1.0:7-1.0:8-1.0:9-1.0:10-1.0:35347-2:35348-0:35349-28000.0:35350-2000.0:35351-500000.0:35352-2500.0,14.91
0-1.0:1-1.0:2-1.0:3-1.0:4-1.0:5-1.0:6-1.0:7-1.0:8-1.0:9-1.0:10-1.0:35347-2:35348-0:35349-28000.0:35350-2000.0:35351-500000.0:35352-5000.0,13.09
0-1.0:1-1.0:2-1.0:3-1.0:4-1.0:5-1.0:6-1.0:7-1.0:8-1.0:9-1.0:10-1.0:35347-2:35348-0:35349-32000.0:35350-1000.0:35351-100000.0:35352-100.0,21.68
0-1.0:1-1.0:2-1.0:3-1.0:4-1.0:5-1.0:6-1.0:7-1.0:8-1.0:9-1.0:10-1.0:35347-2:35348-0:35349-32000.0:35350-1000.0:35351-100000.0:35352-150.0,20.81
0-1.0:1-1.0:2-1.0:3-1.0:4-1.0:5-1.0:6-1.0:7-1.0:8-1.0:9-1.0:10-1.0:35347-2:35348-0:35349-32000.0:35350-1000.0:35351-100000.0:35352-250.0,17.34
0-1.0:1-1.0:2-1.0:3-1.0:4-1.0:5-1.0:6-1.0:7-1.0:8-1.0:9-1.0:10-1.0:35347-2:35348-0:35349-32000.0:35350-1000.0:35351-100000.0:35352-500.0,18.06
0-1.0:1-1.0:2-1.0:3-1.0:4-1.0:5-1.0:6-1.0:7-1.0:8-1.0:9-1.0:10-1.0:35347-2:35348-0:35349-32000.0:35350-1000.0:35351-100000.0:35352-750.0,19.08
0-1.0:1-1.0:2-1.0:3-1.0:4-1.0:5-1.0:6-1.0:7-1.0:8-1.0:9-1.0:10-1.0:35347-2:35348-0:35349-32000.0:35350-1000.0:35351-100000.0:35352-1500.0,13.01
0-1.0:1-1.0:2-1.0:3-1.0:4-1.0:5-1.0:6-1.0:7-1.0:8-1.0:9-1.0:10-1.0:35347-2:35348-0:35349-32000.0:35350-1000.0:35351-100000.0:35352-2500.0,11.45
0-1.0:1-1.0:2-1.0:3-1.0:4-1.0:5-1.0:6-1.0:7-1.0:8-1.0:9-1.0:10-1.0:35347-2:35348-0:35349-32000.0:35350-1000.0:35351-100000.0:35352-5000.0,10.83
0-1.0:1-1.0:2-1.0:3-1.0:4-1.0:5-1.0:6-1.0:7-1.0:8-1.0:9-1.0:10-1.0:35347-2:35348-0:35349-32000.0:35350-1000.0:35351-300000.0:35352-150.0,22.89
0-1.0:1-1.0:2-1.0:3-1.0:4-1.0:5-1.0:6-1.0:7-1.0:8-1.0:9-1.0:10-1.0:35347-2:35348-0:35349-32000.0:35350-1000.0:35351-300000.0:35352-250.0,19.43
0-1.0:1-1.0:2-1.0:3-1.0:4-1.0:5-1.0:6-1.0:7-1.0:8-1.0:9-1.0:10-1.0:35347-2:35348-0:35349-32000.0:35350-1000.0:35351-300000.0:35352-500.0,22.49
0-1.0:1-1.0:2-1.0:3-1.0:4-1.0:5-1.0:6-1.0:7-1.0:8-1.0:9-1.0:10-1.0:35347-2:35348-0:35349-32000.0:35350-1000.0:35351-300000.0:35352-750.0,17.0
0-1.0:1-1.0:2-1.0:3-1.0:4-1.0:5-1.0:6-1.0:7-1.0:8-1.0:9-1.0:10-1.0:35347-2:35348-0:35349-32000.0:35350-1000.0:35351-300000.0:35352-1000.0,17.98
0-1.0:1-1.0:2-1.0:3-1.0:4-1.0:5-1.0:6-1.0:7-1.0:8-1.0:9-1.0:10-1.0:35347-2:35348-0:35349-32000.0:35350-1000.0:35351-300000.0:35352-1500.0,18.72
0-1.0:1-1.0:2-1.0:3-1.0:4-1.0:5-1.0:6-1.0:7-1.0:8-1.0:9-1.0:10-1.0:35347-2:35348-0:35349-32000.0:35350-1000.0:35351-300000.0:35352-2500.0,16.72
0-1.0:1-1.0:2-1.0:3-1.0:4-1.0:5-1.0:6-1.0:7-1.0:8-1.0:9-1.0:10-1.0:35347-2:35348-0:35349-32000.0:35350-1000.0:35351-300000.0:35352-5000.0,14.28
0-1.0:1-1.0:2-1.0:3-1.0:4-1.0:5-1.0:6-1.0:7-1.0:8-1.0:9-1.0:10-1.0:35347-2:35348-0:35349-32000.0:35350-1000.0:35351-500000.0:35352-250.0,21.09
0-1.0:1-1.0:2-1.0:3-1.0:4-1.0:5-1.0:6-1.0:7-1.0:8-1.0:9-1.0:10-1.0:35347-2:35348-0:35349-32000.0:35350-1000.0:35351-500000.0:35352-500.0,19.7
0-1.0:1-1.0:2-1.0:3-1.0:4-1.0:5-1.0:6-1.0:7-1.0:8-1.0:9-1.0:10-1.0:35347-2:35348-0:35349-32000.0:35350-1000.0:35351-500000.0:35352-750.0,18.66
0-1.0:1-1.0:2-1.0:3-1.0:4-1.0:5-1.0:6-1.0:7-1.0:8-1.0:9-1.0:10-1.0:35347-2:35348-0:35349-32000.0:35350-1000.0:35351-500000.0:35352-1500.0,20.39
0-1.0:1-1.0:2-1.0:3-1.0:4-1.0:5-1.0:6-1.0:7-1.0:8-1.0:9-1.0:10-1.0:35347-2:35348-0:35349-32000.0:35350-1000.0:35351-500000.0:35352-2500.0,15.2
0-1.0:1-1.0:2-1.0:3-1.0:4-1.0:5-1.0:6-1.0:7-1.0:8-1.0:9-1.0:10-1.0:35347-2:35348-0:35349-32000.0:35350-1000.0:35351-500000.0:35352-5000.0,13.29
0-1.0:1-1.0:2-1.0:3-1.0:4-1.0:5-1.0:6-1.0:7-1.0:8-1.0:9-1.0:10-1.0:35347-2:35348-0:35349-32000.0:35350-2000.0:35351-100000.0:35352-150.0,21.06
0-1.0:1-1.0:2-1.0:3-1.0:4-1.0:5-1.0:6-1.0:7-1.0:8-1.0:9-1.0:10-1.0:35347-2:35348-0:35349-32000.0:35350-2000.0:35351-100000.0:35352-750.0,15.16
0-1.0:1-1.0:2-1.0:3-1.0:4-1.0:5-1.0:6-1.0:7-1.0:8-1.0:9-1.0:10-1.0:35347-2:35348-0:35349-32000.0:35350-2000.0:35351-100000.0:35352-1000.0,14.3
0-1.0:1-1.0:2-1.0:3-1.0:4-1.0:5-1.0:6-1.0:7-1.0:8-1.0:9-1.0:10-1.0:35347-2:35348-0:35349-32000.0:35350-2000.0:35351-100000.0:35352-1500.0,13.26
0-1.0:1-1.0:2-1.0:3-1.0:4-1.0:5-1.0:6-1.0:7-1.0:8-1.0:9-1.0:10-1.0:35347-2:35348-0:35349-32000.0:35350-2000.0:35351-100000.0:35352-2500.0,11.7
0-1.0:1-1.0:2-1.0:3-1.0:4-1.0:5-1.0:6-1.0:7-1.0:8-1.0:9-1.0:10-1.0:35347-2:35348-0:35349-32000.0:35350-2000.0:35351-100000.0:35352-5000.0,12.45
0-1.0:1-1.0:2-1.0:3-1.0:4-1.0:5-1.0:6-1.0:7-1.0:8-1.0:9-1.0:10-1.0:35347-2:35348-0:35349-32000.0:35350-2000.0:35351-300000.0:35352-100.0,26.87
0-1.0:1-1.0:2-1.0:3-1.0:4-1.0:5-1.0:6-1.0:7-1.0:8-1.0:9-1.0:10-1.0:35347-2:35348-0:35349-32000.0:35350-2000.0:35351-300000.0:35352-150.0,23.14
0-1.0:1-1.0:2-1.0:3-1.0:4-1.0:5-1.0:6-1.0:7-1.0:8-1.0:9-1.0:10-1.0:35347-2:35348-0:35349-32000.0:35350-2000.0:35351-300000.0:35352-250.0,19.68
0-1.0:1-1.0:2-1.0:3-1.0:4-1.0:5-1.0:6-1.0:7-1.0:8-1.0:9-1.0:10-1.0:35347-2:35348-0:35349-32000.0:35350-2000.0:35351-300000.0:35352-500.0,18.29
0-1.0:1-1.0:2-1.0:3-1.0:4-1.0:5-1.0:6-1.0:7-1.0:8-1.0:9-1.0:10-1.0:35347-2:35348-0:35349-32000.0:35350-2000.0:35351-300000.0:35352-750.0,17.25
0-1.0:1-1.0:2-1.0:3-1.0:4-1.0:5-1.0:6-1.0:7-1.0:8-1.0:9-1.0:10-1.0:35347-2:35348-0:35349-32000.0:35350-2000.0:35351-300000.0:35352-1000.0,16.38
0-1.0:1-1.0:2-1.0:3-1.0:4-1.0:5-1.0:6-1.0:7-1.0:8-1.0:9-1.0:10-1.0:35347-2:35348-0:35349-32000.0:35350-2000.0:35351-300000.0:35352-1500.0,15.34
0-1.0:1-1.0:2-1.0:3-1.0:4-1.0:5-1.0:6-1.0:7-1.0:8-1.0:9-1.0:10-1.0:35347-2:35348-0:35349-32000.0:35350-2000.0:35351-300000.0:35352-2500.0,13.78
0-1.0:1-1.0:2-1.0:3-1.0:4-1.0:5-1.0:6-1.0:7-1.0:8-1.0:9-1.0:10-1.0:35347-2:35348-0:35349-32000.0:35350-2000.0:35351-300000.0:35352-5000.0,11.87
0-1.0:1-1.0:2-1.0:3-1.0:4-1.0:5-1.0:6-1.0:7-1.0:8-1.0:9-1.0:10-1.0:35347-2:35348-0:35349-32000.0:35350-2000.0:35351-500000.0:35352-100.0,25.68
0-1.0:1-1.0:2-1.0:3-1.0:4-1.0:5-1.0:6-1.0:7-1.0:8-1.0:9-1.0:10-1.0:35347-2:35348-0:35349-32000.0:35350-2000.0:35351-500000.0:35352-250.0,21.34
0-1.0:1-1.0:2-1.0:3-1.0:4-1.0:5-1.0:6-1.0:7-1.0:8-1.0:9-1.0:10-1.0:35347-2:35348-0:35349-32000.0:35350-2000.0:35351-500000.0:35352-750.0,18.91
0-1.0:1-1.0:2-1.0:3-1.0:4-1.0:5-1.0:6-1.0:7-1.0:8-1.0:9-1.0:10-1.0:35347-2:35348-0:35349-32000.0:35350-2000.0:35351-500000.0:35352-1000.0,18.05
0-1.0:1-1.0:2-1.0:3-1.0:4-1.0:5-1.0:6-1.0:7-1.0:8-1.0:9-1.0:10-1.0:35347-2:35348-0:35349-32000.0:35350-2000.0:35351-500000.0:35352-1500.0,17.01
0-1.0:1-1.0:2-1.0:3-1.0:4-1.0:5-1.0:6-1.0:7-1.0:8-1.0:9-1.0:10-1.0:35347-2:35348-0:35349-32000.0:35350-2000.0:35351-500000.0:35352-2500.0,16.95
0-1.0:1-1.0:2-1.0:3-1.0:4-1.0:5-1.0:6-1.0:7-1.0:8-1.0:9-1.0:10-1.0:35347-2:35348-0:35349-32000.0:35350-2000.0:35351-500000.0:35352-5000.0,14.8
0-1.0:1-1.0:2-1.0:3-1.0:4-1.0:5-1.0:6-1.0:7-1.0:8-1.0:9-1.0:10-1.0:35347-2:35348-0:35349-35000.0:35350-1000.0:35351-100000.0:35352-100.0,22.43
0-1.0:1-1.0:2-1.0:3-1.0:4-1.0:5-1.0:6-1.0:7-1.0:8-1.0:9-1.0:10-1.0:35347-2:35348-0:35349-35000.0:35350-1000.0:35351-100000.0:35352-150.0,21.54
0-1.0:1-1.0:2-1.0:3-1.0:4-1.0:5-1.0:6-1.0:7-1.0:8-1.0:9-1.0:10-1.0:35347-2:35348-0:35349-35000.0:35350-1000.0:35351-100000.0:35352-250.0,17.95
0-1.0:1-1.0:2-1.0:3-1.0:4-1.0:5-1.0:6-1.0:7-1.0:8-1.0:9-1.0:10-1.0:35347-2:35348-0:35349-35000.0:35350-1000.0:35351-100000.0:35352-500.0,21.09
0-1.0:1-1.0:2-1.0:3-1.0:4-1.0:5-1.0:6-1.0:7-1.0:8-1.0:9-1.0:10-1.0:35347-2:35348-0:35349-35000.0:35350-1000.0:35351-100000.0:35352-1500.0,17.19
0-1.0:1-1.0:2-1.0:3-1.0:4-1.0:5-1.0:6-1.0:7-1.0:8-1.0:9-1.0:10-1.0:35347-2:35348-0:35349-35000.0:35350-1000.0:35351-300000.0:35352-250.0,25.0
0-1.0:1-1.0:2-1.0:3-1.0:4-1.0:5-1.0:6-1.0:7-1.0:8-1.0:9-1.0:10-1.0:35347-2:35348-0:35349-35000.0:35350-1000.0:35351-300000.0:35352-750.0,17.52
0-1.0:1-1.0:2-1.0:3-1.0:4-1.0:5-1.0:6-1.0:7-1.0:8-1.0:9-1.0:10-1.0:35347-2:35348-0:35349-35000.0:35350-1000.0:35351-300000.0:35352-1000.0,31.1
0-1.0:1-1.0:2-1.0:3-1.0:4-1.0:5-1.0:6-1.0:7-1.0:8-1.0:9-1.0:10-1.0:35347-2:35348-0:35349-35000.0:35350-2000.0:35351-100000.0:35352-1000.0,16.69
0-1.0:1-1.0:2-1.0:3-1.0:4-1.0:5-1.0:6-1.0:7-1.0:8-1.0:9-1.0:10-1.0:35347-2:35348-0:35349-35000.0:35350-2000.0:35351-100000.0:35352-1500.0,13.71
0-1.0:1-1.0:2-1.0:3-1.0:4-1.0:5-1.0:6-1.0:7-1.0:8-1.0:9-1.0:10-1.0:35347-2:35348-0:35349-35000.0:35350-2000.0:35351-100000.0:35352-2500.0,12.1
0-1.0:1-1.0:2-1.0:3-1.0:4-1.0:5-1.0:6-1.0:7-1.0:8-1.0:9-1.0:10-1.0:35347-2:35348-0:35349-35000.0:35350-2000.0:35351-100000.0:35352-5000.0,19.96
0-1.0:1-1.0:2-1.0:3-1.0:4-1.0:5-1.0:6-1.0:7-1.0:8-1.0:9-1.0:10-1.0:35347-2:35348-0:35349-35000.0:35350-2000.0:35351-300000.0:35352-150.0,23.87
0-1.0:1-1.0:2-1.0:3-1.0:4-1.0:5-1.0:6-1.0:7-1.0:8-1.0:9-1.0:10-1.0:35347-2:35348-0:35349-35000.0:35350-2000.0:35351-300000.0:35352-250.0,22.63
0-1.0:1-1.0:2-1.0:3-1.0:4-1.0:5-1.0:6-1.0:7-1.0:8-1.0:9-1.0:10-1.0:35347-2:35348-0:35349-35000.0:35350-2000.0:35351-300000.0:35352-500.0,23.42
0-1.0:1-1.0:2-1.0:3-1.0:4-1.0:5-1.0:6-1.0:7-1.0:8-1.0:9-1.0:10-1.0:35347-2:35348-0:35349-35000.0:35350-2000.0:35351-300000.0:35352-750.0,17.77
0-1.0:1-1.0:2-1.0:3-1.0:4-1.0:5-1.0:6-1.0:7-1.0:8-1.0:9-1.0:10-1.0:35347-2:35348-0:35349-35000.0:35350-2000.0:35351-300000.0:35352-1000.0,20.9
0-1.0:1-1.0:2-1.0:3-1.0:4-1.0:5-1.0:6-1.0:7-1.0:8-1.0:9-1.0:10-1.0:35347-2:35348-0:35349-35000.0:35350-2000.0:35351-300000.0:35352-1500.0,15.79
0-1.0:1-1.0:2-1.0:3-1.0:4-1.0:5-1.0:6-1.0:7-1.0:8-1.0:9-1.0:10-1.0:35347-2:35348-0:35349-35000.0:35350-2000.0:35351-300000.0:35352-2500.0,15.73
0-1.0:1-1.0:2-1.0:3-1.0:4-1.0:5-1.0:6-1.0:7-1.0:8-1.0:9-1.0:10-1.0:35347-2:35348-0:35349-35000.0:35350-2000.0:35351-500000.0:35352-100.0,29.37
0-1.0:1-1.0:2-1.0:3-1.0:4-1.0:5-1.0:6-1.0:7-1.0:8-1.0:9-1.0:10-1.0:35347-2:35348-0:35349-35000.0:35350-2000.0:35351-500000.0:35352-250.0,39.83
0-1.0:1-1.0:2-1.0:3-1.0:4-1.0:5-1.0:6-1.0:7-1.0:8-1.0:9-1.0:10-1.0:35347-2:35348-0:35349-35000.0:35350-2000.0:35351-500000.0:35352-750.0,19.43
0-1.0:1-1.0:2-1.0:3-1.0:4-1.0:5-1.0:6-1.0:7-1.0:8-1.0:9-1.0:10-1.0:35347-2:35348-0:35349-35000.0:35350-2000.0:35351-500000.0:35352-1000.0,18.54
0-1.0:1-1.0:2-1.0:3-1.0:4-1.0:5-1.0:6-1.0:7-1.0:8-1.0:9-1.0:10-1.0:35347-2:35348-0:35349-35000.0:35350-2000.0:35351-500000.0:35352-1500.0,30.87
0-1.0:1-1.0:2-1.0:3-1.0:4-1.0:5-1.0:6-1.0:7-1.0:8-1.0:9-1.0:10-1.0:35347-2:35348-0:35349-35000.0:35350-2000.0:35351-500000.0:35352-2500.0,19.13
0-1.0:1-1.0:2-1.0:3-1.0:4-1.0:5-1.0:6-1.0:7-1.0:8-1.0:9-1.0:10-1.0:35347-2:35348-0:35349-35000.0:35350-2000.0:35351-500000.0:35352-5000.0,16.61
0-1.0:1-1.0:2-1.0:3-1.0:4-1.0:5-1.0:6-1.0:7-1.0:8-1.0:9-1.0:10-1.0:35347-2:35348-0:35349-40000.0:35350-1000.0:35351-100000.0:35352-100.0,23.7
0-1.0:1-1.0:2-1.0:3-1.0:4-1.0:5-1.0:6-1.0:7-1.0:8-1.0:9-1.0:10-1.0:35347-2:35348-0:35349-40000.0:35350-1000.0:35351-100000.0:35352-150.0,28.96
0-1.0:1-1.0:2-1.0:3-1.0:4-1.0:5-1.0:6-1.0:7-1.0:8-1.0:9-1.0:10-1.0:35347-2:35348-0:35349-40000.0:35350-1000.0:35351-100000.0:35352-250.0,18.96
0-1.0:1-1.0:2-1.0:3-1.0:4-1.0:5-1.0:6-1.0:7-1.0:8-1.0:9-1.0:10-1.0:35347-2:35348-0:35349-40000.0:35350-1000.0:35351-100000.0:35352-500.0,17.44
0-1.0:1-1.0:2-1.0:3-1.0:4-1.0:5-1.0:6-1.0:7-1.0:8-1.0:9-1.0:10-1.0:35347-2:35348-0:35349-40000.0:35350-1000.0:35351-100000.0:35352-750.0,20.75
0-1.0:1-1.0:2-1.0:3-1.0:4-1.0:5-1.0:6-1.0:7-1.0:8-1.0:9-1.0:10-1.0:35347-2:35348-0:35349-40000.0:35350-1000.0:35351-100000.0:35352-1500.0,28.33
0-1.0:1-1.0:2-1.0:3-1.0:4-1.0:5-1.0:6-1.0:7-1.0:8-1.0:9-1.0:10-1.0:35347-2:35348-0:35349-40000.0:35350-1000.0:35351-100000.0:35352-5000.0,10.83
0-1.0:1-1.0:2-1.0:3-1.0:4-1.0:5-1.0:6-1.0:7-1.0:8-1.0:9-1.0:10-1.0:35347-2:35348-0:35349-40000.0:35350-1000.0:35351-300000.0:35352-100.0,32.25
0-1.0:1-1.0:2-1.0:3-1.0:4-1.0:5-1.0:6-1.0:7-1.0:8-1.0:9-1.0:10-1.0:35347-2:35348-0:35349-40000.0:35350-1000.0:35351-300000.0:35352-150.0,24.83
0-1.0:1-1.0:2-1.0:3-1.0:4-1.0:5-1.0:6-1.0:7-1.0:8-1.0:9-1.0:10-1.0:35347-2:35348-0:35349-40000.0:35350-1000.0:35351-300000.0:35352-250.0,21.04
0-1.0:1-1.0:2-1.0:3-1.0:4-1.0:5-1.0:6-1.0:7-1.0:8-1.0:9-1.0:10-1.0:35347-2:35348-0:35349-40000.0:35350-1000.0:35351-300000.0:35352-500.0,19.52
0-1.0:1-1.0:2-1.0:3-1.0:4-1.0:5-1.0:6-1.0:7-1.0:8-1.0:9-1.0:10-1.0:35347-2:35348-0:35349-40000.0:35350-1000.0:35351-300000.0:35352-750.0,18.39
0-1.0:1-1.0:2-1.0:3-1.0:4-1.0:5-1.0:6-1.0:7-1.0:8-1.0:9-1.0:10-1.0:35347-2:35348-0:35349-40000.0:35350-1000.0:35351-300000.0:35352-1000.0,17.44
0-1.0:1-1.0:2-1.0:3-1.0:4-1.0:5-1.0:6-1.0:7-1.0:8-1.0:9-1.0:10-1.0:35347-2:35348-0:35349-40000.0:35350-1000.0:35351-300000.0:35352-1500.0,16.3
0-1.0:1-1.0:2-1.0:3-1.0:4-1.0:5-1.0:6-1.0:7-1.0:8-1.0:9-1.0:10-1.0:35347-2:35348-0:35349-40000.0:35350-1000.0:35351-300000.0:35352-2500.0,18.01
0-1.0:1-1.0:2-1.0:3-1.0:4-1.0:5-1.0:6-1.0:7-1.0:8-1.0:9-1.0:10-1.0:35347-2:35348-0:35349-40000.0:35350-1000.0:35351-300000.0:35352-5000.0,12.51
0-1.0:1-1.0:2-1.0:3-1.0:4-1.0:5-1.0:6-1.0:7-1.0:8-1.0:9-1.0:10-1.0:35347-2:35348-0:35349-40000.0:35350-1000.0:35351-500000.0:35352-100.0,27.45
0-1.0:1-1.0:2-1.0:3-1.0:4-1.0:5-1.0:6-1.0:7-1.0:8-1.0:9-1.0:10-1.0:35347-2:35348-0:35349-40000.0:35350-1000.0:35351-500000.0:35352-250.0,22.71
0-1.0:1-1.0:2-1.0:3-1.0:4-1.0:5-1.0:6-1.0:7-1.0:8-1.0:9-1.0:10-1.0:35347-2:35348-0:35349-40000.0:35350-1000.0:35351-500000.0:35352-750.0,20.05
0-1.0:1-1.0:2-1.0:3-1.0:4-1.0:5-1.0:6-1.0:7-1.0:8-1.0:9-1.0:10-1.0:35347-2:35348-0:35349-40000.0:35350-1000.0:35351-500000.0:35352-1000.0,34.35
0-1.0:1-1.0:2-1.0:3-1.0:4-1.0:5-1.0:6-1.0:7-1.0:8-1.0:9-1.0:10-1.0:35347-2:35348-0:35349-40000.0:35350-1000.0:35351-500000.0:35352-1500.0,17.97
0-1.0:1-1.0:2-1.0:3-1.0:4-1.0:5-1.0:6-1.0:7-1.0:8-1.0:9-1.0:10-1.0:35347-2:35348-0:35349-40000.0:35350-1000.0:35351-500000.0:35352-2500.0,16.26
0-1.0:1-1.0:2-1.0:3-1.0:4-1.0:5-1.0:6-1.0:7-1.0:8-1.0:9-1.0:10-1.0:35347-2:35348-0:35349-40000.0:35350-1000.0:35351-500000.0:35352-5000.0,14.18
0-1.0:1-1.0:2-1.0:3-1.0:4-1.0:5-1.0:6-1.0:7-1.0:8-1.0:9-1.0:10-1.0:35347-2:35348-0:35349-40000.0:35350-2000.0:35351-100000.0:35352-250.0,24.38
0-1.0:1-1.0:2-1.0:3-1.0:4-1.0:5-1.0:6-1.0:7-1.0:8-1.0:9-1.0:10-1.0:35347-2:35348-0:35349-40000.0:35350-2000.0:35351-100000.0:35352-750.0,18.69
0-1.0:1-1.0:2-1.0:3-1.0:4-1.0:5-1.0:6-1.0:7-1.0:8-1.0:9-1.0:10-1.0:35347-2:35348-0:35349-40000.0:35350-2000.0:35351-100000.0:35352-1000.0,19.8
0-1.0:1-1.0:2-1.0:3-1.0:4-1.0:5-1.0:6-1.0:7-1.0:8-1.0:9-1.0:10-1.0:35347-2:35348-0:35349-40000.0:35350-2000.0:35351-100000.0:35352-1500.0,14.47
0-1.0:1-1.0:2-1.0:3-1.0:4-1.0:5-1.0:6-1.0:7-1.0:8-1.0:9-1.0:10-1.0:35347-2:35348-0:35349-40000.0:35350-2000.0:35351-100000.0:35352-2500.0,12.76
0-1.0:1-1.0:2-1.0:3-1.0:4-1.0:5-1.0:6-1.0:7-1.0:8-1.0:9-1.0:10-1.0:35347-2:35348-0:35349-40000.0:35350-2000.0:35351-100000.0:35352-5000.0,13.52
0-1.0:1-1.0:2-1.0:3-1.0:4-1.0:5-1.0:6-1.0:7-1.0:8-1.0:9-1.0:10-1.0:35347-2:35348-0:35349-40000.0:35350-2000.0:35351-300000.0:35352-150.0,31.29
0-1.0:1-1.0:2-1.0:3-1.0:4-1.0:5-1.0:6-1.0:7-1.0:8-1.0:9-1.0:10-1.0:35347-2:35348-0:35349-40000.0:35350-2000.0:35351-300000.0:35352-250.0,40.11
0-1.0:1-1.0:2-1.0:3-1.0:4-1.0:5-1.0:6-1.0:7-1.0:8-1.0:9-1.0:10-1.0:35347-2:35348-0:35349-40000.0:35350-2000.0:35351-300000.0:35352-500.0,24.54
0-1.0:1-1.0:2-1.0:3-1.0:4-1.0:5-1.0:6-1.0:7-1.0:8-1.0:9-1.0:10-1.0:35347-2:35348-0:35349-40000.0:35350-2000.0:35351-300000.0:35352-750.0,18.64
0-1.0:1-1.0:2-1.0:3-1.0:4-1.0:5-1.0:6-1.0:7-1.0:8-1.0:9-1.0:10-1.0:35347-2:35348-0:35349-40000.0:35350-2000.0:35351-300000.0:35352-1000.0,19.7
0-1.0:1-1.0:2-1.0:3-1.0:4-1.0:5-1.0:6-1.0:7-1.0:8-1.0:9-1.0:10-1.0:35347-2:35348-0:35349-40000.0:35350-2000.0:35351-300000.0:35352-1500.0,16.55
0-1.0:1-1.0:2-1.0:3-1.0:4-1.0:5-1.0:6-1.0:7-1.0:8-1.0:9-1.0:10-1.0:35347-2:35348-0:35349-40000.0:35350-2000.0:35351-300000.0:35352-2500.0,14.84
0-1.0:1-1.0:2-1.0:3-1.0:4-1.0:5-1.0:6-1.0:7-1.0:8-1.0:9-1.0:10-1.0:35347-2:35348-0:35349-40000.0:35350-2000.0:35351-300000.0:35352-5000.0,12.76
0-1.0:1-1.0:2-1.0:3-1.0:4-1.0:5-1.0:6-1.0:7-1.0:8-1.0:9-1.0:10-1.0:35347-2:35348-0:35349-40000.0:35350-2000.0:35351-500000.0:35352-100.0,27.7
0-1.0:1-1.0:2-1.0:3-1.0:4-1.0:5-1.0:6-1.0:7-1.0:8-1.0:9-1.0:10-1.0:35347-2:35348-0:35349-40000.0:35350-2000.0:35351-500000.0:35352-150.0,26.75
0-1.0:1-1.0:2-1.0:3-1.0:4-1.0:5-1.0:6-1.0:7-1.0:8-1.0:9-1.0:10-1.0:35347-2:35348-0:35349-40000.0:35350-2000.0:35351-500000.0:35352-250.0,22.96
0-1.0:1-1.0:2-1.0:3-1.0:4-1.0:5-1.0:6-1.0:7-1.0:8-1.0:9-1.0:10-1.0:35347-2:35348-0:35349-40000.0:35350-2000.0:35351-500000.0:35352-500.0,21.44
0-1.0:1-1.0:2-1.0:3-1.0:4-1.0:5-1.0:6-1.0:7-1.0:8-1.0:9-1.0:10-1.0:35347-2:35348-0:35349-40000.0:35350-2000.0:35351-500000.0:35352-1000.0,19.35
0-1.0:1-1.0:2-1.0:3-1.0:4-1.0:5-1.0:6-1.0:7-1.0:8-1.0:9-1.0:10-1.0:35347-2:35348-0:35349-40000.0:35350-2000.0:35351-500000.0:35352-2500.0,16.51
0-1.0:1-1.0:2-1.0:3-1.0:4-1.0:5-1.0:6-1.0:7-1.0:8-1.0:9-1.0:10-1.0:35347-2:35348-0:35349-40000.0:35350-2000.0:35351-500000.0:35352-5000.0,17.27
0-1.0:1-1.0:2-1.0:3-1.0:4-1.0:5-1.0:6-1.0:7-1.0:8-1.0:9-1.0:10-1.0:35347-2:35348-0:35349-50000.0:35350-1000.0:35351-100000.0:35352-100.0,26.13
0-1.0:1-1.0:2-1.0:3-1.0:4-1.0:5-1.0:6-1.0:7-1.0:8-1.0:9-1.0:10-1.0:35347-2:35348-0:35349-50000.0:35350-1000.0:35351-100000.0:35352-150.0,31.94
0-1.0:1-1.0:2-1.0:3-1.0:4-1.0:5-1.0:6-1.0:7-1.0:8-1.0:9-1.0:10-1.0:35347-2:35348-0:35349-50000.0:35350-1000.0:35351-100000.0:35352-250.0,20.91
0-1.0:1-1.0:2-1.0:3-1.0:4-1.0:5-1.0:6-1.0:7-1.0:8-1.0:9-1.0:10-1.0:35347-2:35348-0:35349-50000.0:35350-1000.0:35351-100000.0:35352-500.0,19.23
0-1.0:1-1.0:2-1.0:3-1.0:4-1.0:5-1.0:6-1.0:7-1.0:8-1.0:9-1.0:10-1.0:35347-2:35348-0:35349-50000.0:35350-1000.0:35351-100000.0:35352-750.0,22.89
0-1.0:1-1.0:2-1.0:3-1.0:4-1.0:5-1.0:6-1.0:7-1.0:8-1.0:9-1.0:10-1.0:35347-2:35348-0:35349-50000.0:35350-1000.0:35351-100000.0:35352-1500.0,15.68
0-1.0:1-1.0:2-1.0:3-1.0:4-1.0:5-1.0:6-1.0:7-1.0:8-1.0:9-1.0:10-1.0:35347-2:35348-0:35349-50000.0:35350-1000.0:35351-300000.0:35352-100.0,28.21
0-1.0:1-1.0:2-1.0:3-1.0:4-1.0:5-1.0:6-1.0:7-1.0:8-1.0:9-1.0:10-1.0:35347-2:35348-0:35349-50000.0:35350-1000.0:35351-300000.0:35352-250.0,22.99
0-1.0:1-1.0:2-1.0:3-1.0:4-1.0:5-1.0:6-1.0:7-1.0:8-1.0:9-1.0:10-1.0:35347-2:35348-0:35349-50000.0:35350-1000.0:35351-300000.0:35352-500.0,26.57
0-1.0:1-1.0:2-1.0:3-1.0:4-1.0:5-1.0:6-1.0:7-1.0:8-1.0:9-1.0:10-1.0:35347-2:35348-0:35349-50000.0:35350-1000.0:35351-300000.0:35352-1500.0,22.05
0-1.0:1-1.0:2-1.0:3-1.0:4-1.0:5-1.0:6-1.0:7-1.0:8-1.0:9-1.0:10-1.0:35347-2:35348-0:35349-50000.0:35350-1000.0:35351-300000.0:35352-2500.0,17.66
0-1.0:1-1.0:2-1.0:3-1.0:4-1.0:5-1.0:6-1.0:7-1.0:8-1.0:9-1.0:10-1.0:35347-2:35348-0:35349-50000.0:35350-1000.0:35351-300000.0:35352-5000.0,16.72
0-1.0:1-1.0:2-1.0:3-1.0:4-1.0:5-1.0:6-1.0:7-1.0:8-1.0:9-1.0:10-1.0:35347-2:35348-0:35349-50000.0:35350-1000.0:35351-500000.0:35352-100.0,55.76
0-1.0:1-1.0:2-1.0:3-1.0:4-1.0:5-1.0:6-1.0:7-1.0:8-1.0:9-1.0:10-1.0:35347-2:35348-0:35349-50000.0:35350-1000.0:35351-500000.0:35352-150.0,35.69
0-1.0:1-1.0:2-1.0:3-1.0:4-1.0:5-1.0:6-1.0:7-1.0:8-1.0:9-1.0:10-1.0:35347-2:35348-0:35349-50000.0:35350-1000.0:35351-500000.0:35352-250.0,27.34
0-1.0:1-1.0:2-1.0:3-1.0:4-1.0:5-1.0:6-1.0:7-1.0:8-1.0:9-1.0:10-1.0:35347-2:35348-0:35349-50000.0:35350-1000.0:35351-500000.0:35352-500.0,25.46
0-1.0:1-1.0:2-1.0:3-1.0:4-1.0:5-1.0:6-1.0:7-1.0:8-1.0:9-1.0:10-1.0:35347-2:35348-0:35349-50000.0:35350-1000.0:35351-500000.0:35352-750.0,21.73
0-1.0:1-1.0:2-1.0:3-1.0:4-1.0:5-1.0:6-1.0:7-1.0:8-1.0:9-1.0:10-1.0:35347-2:35348-0:35349-50000.0:35350-1000.0:35351-500000.0:35352-1000.0,37.45
0-1.0:1-1.0:2-1.0:3-1.0:4-1.0:5-1.0:6-1.0:7-1.0:8-1.0:9-1.0:10-1.0:35347-2:35348-0:35349-50000.0:35350-1000.0:35351-500000.0:35352-1500.0,23.71
0-1.0:1-1.0:2-1.0:3-1.0:4-1.0:5-1.0:6-1.0:7-1.0:8-1.0:9-1.0:10-1.0:35347-2:35348-0:35349-50000.0:35350-1000.0:35351-500000.0:35352-5000.0,15.25
0-1.0:1-1.0:2-1.0:3-1.0:4-1.0:5-1.0:6-1.0:7-1.0:8-1.0:9-1.0:10-1.0:35347-2:35348-0:35349-50000.0:35350-2000.0:35351-100000.0:35352-100.0,26.38
0-1.0:1-1.0:2-1.0:3-1.0:4-1.0:5-1.0:6-1.0:7-1.0:8-1.0:9-1.0:10-1.0:35347-2:35348-0:35349-50000.0:35350-2000.0:35351-100000.0:35352-150.0,25.33
0-1.0:1-1.0:2-1.0:3-1.0:4-1.0:5-1.0:6-1.0:7-1.0:8-1.0:9-1.0:10-1.0:35347-2:35348-0:35349-50000.0:35350-2000.0:35351-100000.0:35352-750.0,36.03
0-1.0:1-1.0:2-1.0:3-1.0:4-1.0:5-1.0:6-1.0:7-1.0:8-1.0:9-1.0:10-1.0:35347-2:35348-0:35349-50000.0:35350-2000.0:35351-100000.0:35352-1500.0,15.93
0-1.0:1-1.0:2-1.0:3-1.0:4-1.0:5-1.0:6-1.0:7-1.0:8-1.0:9-1.0:10-1.0:35347-2:35348-0:35349-50000.0:35350-2000.0:35351-100000.0:35352-2500.0,17.82
0-1.0:1-1.0:2-1.0:3-1.0:4-1.0:5-1.0:6-1.0:7-1.0:8-1.0:9-1.0:10-1.0:35347-2:35348-0:35349-50000.0:35350-2000.0:35351-100000.0:35352-5000.0,14.89
0-1.0:1-1.0:2-1.0:3-1.0:4-1.0:5-1.0:6-1.0:7-1.0:8-1.0:9-1.0:10-1.0:35347-2:35348-0:35349-50000.0:35350-2000.0:35351-300000.0:35352-100.0,28.46
0-1.0:1-1.0:2-1.0:3-1.0:4-1.0:5-1.0:6-1.0:7-1.0:8-1.0:9-1.0:10-1.0:35347-2:35348-0:35349-50000.0:35350-2000.0:35351-300000.0:35352-500.0,21.57
0-1.0:1-1.0:2-1.0:3-1.0:4-1.0:5-1.0:6-1.0:7-1.0:8-1.0:9-1.0:10-1.0:35347-2:35348-0:35349-50000.0:35350-2000.0:35351-300000.0:35352-2500.0,16.13
0-1.0:1-1.0:2-1.0:3-1.0:4-1.0:5-1.0:6-1.0:7-1.0:8-1.0:9-1.0:10-1.0:35347-2:35348-0:35349-50000.0:35350-2000.0:35351-300000.0:35352-5000.0,13.83
0-1.0:1-1.0:2-1.0:3-1.0:4-1.0:5-1.0:6-1.0:7-1.0:8-1.0:9-1.0:10-1.0:35347-2:35348-0:35349-50000.0:35350-2000.0:35351-500000.0:35352-150.0,29.08
0-1.0:1-1.0:2-1.0:3-1.0:4-1.0:5-1.0:6-1.0:7-1.0:8-1.0:9-1.0:10-1.0:35347-2:35348-0:35349-50000.0:35350-2000.0:35351-500000.0:35352-250.0,24.9
0-1.0:1-1.0:2-1.0:3-1.0:4-1.0:5-1.0:6-1.0:7-1.0:8-1.0:9-1.0:10-1.0:35347-2:35348-0:35349-50000.0:35350-2000.0:35351-500000.0:35352-500.0,23.23
0-1.0:1-1.0:2-1.0:3-1.0:4-1.0:5-1.0:6-1.0:7-1.0:8-1.0:9-1.0:10-1.0:35347-2:35348-0:35349-50000.0:35350-2000.0:35351-500000.0:35352-750.0,21.98
0-1.0:1-1.0:2-1.0:3-1.0:4-1.0:5-1.0:6-1.0:7-1.0:8-1.0:9-1.0:10-1.0:35347-2:35348-0:35349-50000.0:35350-2000.0:35351-500000.0:35352-1000.0,20.93
0-1.0:1-1.0:2-1.0:3-1.0:4-1.0:5-1.0:6-1.0:7-1.0:8-1.0:9-1.0:10-1.0:35347-2:35348-0:35349-50000.0:35350-2000.0:35351-500000.0:35352-1500.0,19.68
0-1.0:1-1.0:2-1.0:3-1.0:4-1.0:5-1.0:6-1.0:7-1.0:8-1.0:9-1.0:10-1.0:35347-2:35348-0:35349-50000.0:35350-2000.0:35351-500000.0:35352-2500.0,17.8
0-1.0:1-1.0:2-1.0:3-1.0:4-1.0:5-1.0:6-1.0:7-1.0:8-1.0:9-1.0:10-1.0:35347-2:35348-0:35349-50000.0:35350-2000.0:35351-500000.0:35352-5000.0,15.5
0-1.0:1-1.0:2-1.0:3-1.0:4-1.0:5-1.0:6-1.0:7-1.0:8-1.0:9-1.0:10-1.0:35347-2:35348-0:35349-60000.0:35350-1000.0:35351-100000.0:35352-100.0,36.13
0-1.0:1-1.0:2-1.0:3-1.0:4-1.0:5-1.0:6-1.0:7-1.0:8-1.0:9-1.0:10-1.0:35347-2:35348-0:35349-60000.0:35350-1000.0:35351-100000.0:35352-150.0,27.18
0-1.0:1-1.0:2-1.0:3-1.0:4-1.0:5-1.0:6-1.0:7-1.0:8-1.0:9-1.0:10-1.0:35347-2:35348-0:35349-60000.0:35350-1000.0:35351-100000.0:35352-250.0,22.65
0-1.0:1-1.0:2-1.0:3-1.0:4-1.0:5-1.0:6-1.0:7-1.0:8-1.0:9-1.0:10-1.0:35347-2:35348-0:35349-60000.0:35350-1000.0:35351-100000.0:35352-750.0,38.9
0-1.0:1-1.0:2-1.0:3-1.0:4-1.0:5-1.0:6-1.0:7-1.0:8-1.0:9-1.0:10-1.0:35347-2:35348-0:35349-60000.0:35350-1000.0:35351-100000.0:35352-1500.0,16.99
0-1.0:1-1.0:2-1.0:3-1.0:4-1.0:5-1.0:6-1.0:7-1.0:8-1.0:9-1.0:10-1.0:35347-2:35348-0:35349-60000.0:35350-1000.0:35351-100000.0:35352-5000.0,12.46
0-1.0:1-1.0:2-1.0:3-1.0:4-1.0:5-1.0:6-1.0:7-1.0:8-1.0:9-1.0:10-1.0:35347-2:35348-0:35349-60000.0:35350-1000.0:35351-300000.0:35352-100.0,30.4
0-1.0:1-1.0:2-1.0:3-1.0:4-1.0:5-1.0:6-1.0:7-1.0:8-1.0:9-1.0:10-1.0:35347-2:35348-0:35349-60000.0:35350-1000.0:35351-300000.0:35352-250.0,24.74
0-1.0:1-1.0:2-1.0:3-1.0:4-1.0:5-1.0:6-1.0:7-1.0:8-1.0:9-1.0:10-1.0:35347-2:35348-0:35349-60000.0:35350-1000.0:35351-300000.0:35352-750.0,21.57
0-1.0:1-1.0:2-1.0:3-1.0:4-1.0:5-1.0:6-1.0:7-1.0:8-1.0:9-1.0:10-1.0:35347-2:35348-0:35349-60000.0:35350-1000.0:35351-300000.0:35352-1000.0,38.73
0-1.0:1-1.0:2-1.0:3-1.0:4-1.0:5-1.0:6-1.0:7-1.0:8-1.0:9-1.0:10-1.0:35347-2:35348-0:35349-60000.0:35350-1000.0:35351-300000.0:35352-2500.0,17.03
0-1.0:1-1.0:2-1.0:3-1.0:4-1.0:5-1.0:6-1.0:7-1.0:8-1.0:9-1.0:10-1.0:35347-2:35348-0:35349-60000.0:35350-1000.0:35351-300000.0:35352-5000.0,17.98
0-1.0:1-1.0:2-1.0:3-1.0:4-1.0:5-1.0:6-1.0:7-1.0:8-1.0:9-1.0:10-1.0:35347-2:35348-0:35349-60000.0:35350-1000.0:35351-500000.0:35352-100.0,32.07
0-1.0:1-1.0:2-1.0:3-1.0:4-1.0:5-1.0:6-1.0:7-1.0:8-1.0:9-1.0:10-1.0:35347-2:35348-0:35349-60000.0:35350-1000.0:35351-500000.0:35352-150.0,30.93
0-1.0:1-1.0:2-1.0:3-1.0:4-1.0:5-1.0:6-1.0:7-1.0:8-1.0:9-1.0:10-1.0:35347-2:35348-0:35349-60000.0:35350-1000.0:35351-500000.0:35352-250.0,26.4
0-1.0:1-1.0:2-1.0:3-1.0:4-1.0:5-1.0:6-1.0:7-1.0:8-1.0:9-1.0:10-1.0:35347-2:35348-0:35349-60000.0:35350-1000.0:35351-500000.0:35352-500.0,24.59
0-1.0:1-1.0:2-1.0:3-1.0:4-1.0:5-1.0:6-1.0:7-1.0:8-1.0:9-1.0:10-1.0:35347-2:35348-0:35349-60000.0:35350-1000.0:35351-500000.0:35352-1000.0,22.1
0-1.0:1-1.0:2-1.0:3-1.0:4-1.0:5-1.0:6-1.0:7-1.0:8-1.0:9-1.0:10-1.0:35347-2:35348-0:35349-60000.0:35350-1000.0:35351-500000.0:35352-1500.0,25.43
0-1.0:1-1.0:2-1.0:3-1.0:4-1.0:5-1.0:6-1.0:7-1.0:8-1.0:9-1.0:10-1.0:35347-2:35348-0:35349-60000.0:35350-1000.0:35351-500000.0:35352-2500.0,18.7
0-1.0:1-1.0:2-1.0:3-1.0:4-1.0:5-1.0:6-1.0:7-1.0:8-1.0:9-1.0:10-1.0:35347-2:35348-0:35349-60000.0:35350-2000.0:35351-100000.0:35352-150.0,34.93
0-1.0:1-1.0:2-1.0:3-1.0:4-1.0:5-1.0:6-1.0:7-1.0:8-1.0:9-1.0:10-1.0:35347-2:35348-0:35349-60000.0:35350-2000.0:35351-100000.0:35352-250.0,22.9
0-1.0:1-1.0:2-1.0:3-1.0:4-1.0:5-1.0:6-1.0:7-1.0:8-1.0:9-1.0:10-1.0:35347-2:35348-0:35349-60000.0:35350-2000.0:35351-100000.0:35352-500.0,21.09
0-1.0:1-1.0:2-1.0:3-1.0:4-1.0:5-1.0:6-1.0:7-1.0:8-1.0:9-1.0:10-1.0:35347-2:35348-0:35349-60000.0:35350-2000.0:35351-100000.0:35352-1000.0,23.66
0-1.0:1-1.0:2-1.0:3-1.0:4-1.0:5-1.0:6-1.0:7-1.0:8-1.0:9-1.0:10-1.0:35347-2:35348-0:35349-60000.0:35350-2000.0:35351-100000.0:35352-2500.0,15.2
0-1.0:1-1.0:2-1.0:3-1.0:4-1.0:5-1.0:6-1.0:7-1.0:8-1.0:9-1.0:10-1.0:35347-2:35348-0:35349-60000.0:35350-2000.0:35351-100000.0:35352-5000.0,16.15
0-1.0:1-1.0:2-1.0:3-1.0:4-1.0:5-1.0:6-1.0:7-1.0:8-1.0:9-1.0:10-1.0:35347-2:35348-0:35349-60000.0:35350-2000.0:35351-300000.0:35352-100.0,30.65
0-1.0:1-1.0:2-1.0:3-1.0:4-1.0:5-1.0:6-1.0:7-1.0:8-1.0:9-1.0:10-1.0:35347-2:35348-0:35349-60000.0:35350-2000.0:35351-300000.0:35352-150.0,37.02
0-1.0:1-1.0:2-1.0:3-1.0:4-1.0:5-1.0:6-1.0:7-1.0:8-1.0:9-1.0:10-1.0:35347-2:35348-0:35349-60000.0:35350-2000.0:35351-300000.0:35352-250.0,31.24
0-1.0:1-1.0:2-1.0:3-1.0:4-1.0:5-1.0:6-1.0:7-1.0:8-1.0:9-1.0:10-1.0:35347-2:35348-0:35349-60000.0:35350-2000.0:35351-300000.0:35352-750.0,27.19
0-1.0:1-1.0:2-1.0:3-1.0:4-1.0:5-1.0:6-1.0:7-1.0:8-1.0:9-1.0:10-1.0:35347-2:35348-0:35349-60000.0:35350-2000.0:35351-300000.0:35352-1000.0,20.68
0-1.0:1-1.0:2-1.0:3-1.0:4-1.0:5-1.0:6-1.0:7-1.0:8-1.0:9-1.0:10-1.0:35347-2:35348-0:35349-60000.0:35350-2000.0:35351-300000.0:35352-2500.0,32.19
0-1.0:1-1.0:2-1.0:3-1.0:4-1.0:5-1.0:6-1.0:7-1.0:8-1.0:9-1.0:10-1.0:35347-2:35348-0:35349-60000.0:35350-2000.0:35351-500000.0:35352-100.0,36.1
0-1.0:1-1.0:2-1.0:3-1.0:4-1.0:5-1.0:6-1.0:7-1.0:8-1.0:9-1.0:10-1.0:35347-2:35348-0:35349-60000.0:35350-2000.0:35351-500000.0:35352-250.0,26.65
0-1.0:1-1.0:2-1.0:3-1.0:4-1.0:5-1.0:6-1.0:7-1.0:8-1.0:9-1.0:10-1.0:35347-2:35348-0:35349-60000.0:35350-2000.0:35351-500000.0:35352-500.0,24.84
0-1.0:1-1.0:2-1.0:3-1.0:4-1.0:5-1.0:6-1.0:7-1.0:8-1.0:9-1.0:10-1.0:35347-2:35348-0:35349-60000.0:35350-2000.0:35351-500000.0:35352-5000.0,19.9
0-1.0:1-1.0:2-1.0:3-1.0:4-1.0:5-1.0:6-1.0:7-1.0:8-1.0:9-1.0:10-1.0:35347-2:35348-0:35349-70000.0:35350-1000.0:35351-100000.0:35352-150.0,29.2
0-1.0:1-1.0:2-1.0:3-1.0:4-1.0:5-1.0:6-1.0:7-1.0:8-1.0:9-1.0:10-1.0:35347-2:35348-0:35349-70000.0:35350-1000.0:35351-100000.0:35352-250.0,31.12
0-1.0:1-1.0:2-1.0:3-1.0:4-1.0:5-1.0:6-1.0:7-1.0:8-1.0:9-1.0:10-1.0:35347-2:35348-0:35349-70000.0:35350-1000.0:35351-100000.0:35352-500.0,28.63
0-1.0:1-1.0:2-1.0:3-1.0:4-1.0:5-1.0:6-1.0:7-1.0:8-1.0:9-1.0:10-1.0:35347-2:35348-0:35349-70000.0:35350-1000.0:35351-100000.0:35352-750.0,20.93
0-1.0:1-1.0:2-1.0:3-1.0:4-1.0:5-1.0:6-1.0:7-1.0:8-1.0:9-1.0:10-1.0:35347-2:35348-0:35349-70000.0:35350-1000.0:35351-100000.0:35352-1500.0,18.25
0-1.0:1-1.0:2-1.0:3-1.0:4-1.0:5-1.0:6-1.0:7-1.0:8-1.0:9-1.0:10-1.0:35347-2:35348-0:35349-70000.0:35350-1000.0:35351-100000.0:35352-2500.0,16.06
0-1.0:1-1.0:2-1.0:3-1.0:4-1.0:5-1.0:6-1.0:7-1.0:8-1.0:9-1.0:10-1.0:35347-2:35348-0:35349-70000.0:35350-1000.0:35351-100000.0:35352-5000.0,13.38
0-1.0:1-1.0:2-1.0:3-1.0:4-1.0:5-1.0:6-1.0:7-1.0:8-1.0:9-1.0:10-1.0:35347-2:35348-0:35349-70000.0:35350-1000.0:35351-300000.0:35352-500.0,24.47
0-1.0:1-1.0:2-1.0:3-1.0:4-1.0:5-1.0:6-1.0:7-1.0:8-1.0:9-1.0:10-1.0:35347-2:35348-0:35349-70000.0:35350-1000.0:35351-300000.0:35352-1000.0,21.79
0-1.0:1-1.0:2-1.0:3-1.0:4-1.0:5-1.0:6-1.0:7-1.0:8-1.0:9-1.0:10-1.0:35347-2:35348-0:35349-70000.0:35350-1000.0:35351-500000.0:35352-250.0,28.08
0-1.0:1-1.0:2-1.0:3-1.0:4-1.0:5-1.0:6-1.0:7-1.0:8-1.0:9-1.0:10-1.0:35347-2:35348-0:35349-70000.0:35350-1000.0:35351-500000.0:35352-500.0,26.14
0-1.0:1-1.0:2-1.0:3-1.0:4-1.0:5-1.0:6-1.0:7-1.0:8-1.0:9-1.0:10-1.0:35347-2:35348-0:35349-70000.0:35350-1000.0:35351-500000.0:35352-750.0,24.68
0-1.0:1-1.0:2-1.0:3-1.0:4-1.0:5-1.0:6-1.0:7-1.0:8-1.0:9-1.0:10-1.0:35347-2:35348-0:35349-70000.0:35350-1000.0:35351-500000.0:35352-1000.0,23.46
0-1.0:1-1.0:2-1.0:3-1.0:4-1.0:5-1.0:6-1.0:7-1.0:8-1.0:9-1.0:10-1.0:35347-2:35348-0:35349-70000.0:35350-1000.0:35351-500000.0:35352-1500.0,22.0
0-1.0:1-1.0:2-1.0:3-1.0:4-1.0:5-1.0:6-1.0:7-1.0:8-1.0:9-1.0:10-1.0:35347-2:35348-0:35349-70000.0:35350-1000.0:35351-500000.0:35352-2500.0,19.81
0-1.0:1-1.0:2-1.0:3-1.0:4-1.0:5-1.0:6-1.0:7-1.0:8-1.0:9-1.0:10-1.0:35347-2:35348-0:35349-70000.0:35350-1000.0:35351-500000.0:35352-5000.0,17.13
0-1.0:1-1.0:2-1.0:3-1.0:4-1.0:5-1.0:6-1.0:7-1.0:8-1.0:9-1.0:10-1.0:35347-2:35348-0:35349-70000.0:35350-2000.0:35351-100000.0:35352-100.0,39.15
0-1.0:1-1.0:2-1.0:3-1.0:4-1.0:5-1.0:6-1.0:7-1.0:8-1.0:9-1.0:10-1.0:35347-2:35348-0:35349-70000.0:35350-2000.0:35351-100000.0:35352-150.0,37.6
0-1.0:1-1.0:2-1.0:3-1.0:4-1.0:5-1.0:6-1.0:7-1.0:8-1.0:9-1.0:10-1.0:35347-2:35348-0:35349-70000.0:35350-2000.0:35351-100000.0:35352-750.0,21.18
0-1.0:1-1.0:2-1.0:3-1.0:4-1.0:5-1.0:6-1.0:7-1.0:8-1.0:9-1.0:10-1.0:35347-2:35348-0:35349-70000.0:35350-2000.0:35351-100000.0:35352-1500.0,18.5
0-1.0:1-1.0:2-1.0:3-1.0:4-1.0:5-1.0:6-1.0:7-1.0:8-1.0:9-1.0:10-1.0:35347-2:35348-0:35349-70000.0:35350-2000.0:35351-100000.0:35352-5000.0,15.44
0-1.0:1-1.0:2-1.0:3-1.0:4-1.0:5-1.0:6-1.0:7-1.0:8-1.0:9-1.0:10-1.0:35347-2:35348-0:35349-70000.0:35350-2000.0:35351-300000.0:35352-100.0,32.75
0-1.0:1-1.0:2-1.0:3-1.0:4-1.0:5-1.0:6-1.0:7-1.0:8-1.0:9-1.0:10-1.0:35347-2:35348-0:35349-70000.0:35350-2000.0:35351-300000.0:35352-150.0,31.53
0-1.0:1-1.0:2-1.0:3-1.0:4-1.0:5-1.0:6-1.0:7-1.0:8-1.0:9-1.0:10-1.0:35347-2:35348-0:35349-70000.0:35350-2000.0:35351-300000.0:35352-500.0,24.72
0-1.0:1-1.0:2-1.0:3-1.0:4-1.0:5-1.0:6-1.0:7-1.0:8-1.0:9-1.0:10-1.0:35347-2:35348-0:35349-70000.0:35350-2000.0:35351-300000.0:35352-750.0,23.26
0-1.0:1-1.0:2-1.0:3-1.0:4-1.0:5-1.0:6-1.0:7-1.0:8-1.0:9-1.0:10-1.0:35347-2:35348-0:35349-70000.0:35350-2000.0:35351-300000.0:35352-1000.0,27.54
0-1.0:1-1.0:2-1.0:3-1.0:4-1.0:5-1.0:6-1.0:7-1.0:8-1.0:9-1.0:10-1.0:35347-2:35348-0:35349-70000.0:35350-2000.0:35351-300000.0:35352-2500.0,18.39
0-1.0:1-1.0:2-1.0:3-1.0:4-1.0:5-1.0:6-1.0:7-1.0:8-1.0:9-1.0:10-1.0:35347-2:35348-0:35349-70000.0:35350-2000.0:35351-500000.0:35352-100.0,34.42
0-1.0:1-1.0:2-1.0:3-1.0:4-1.0:5-1.0:6-1.0:7-1.0:8-1.0:9-1.0:10-1.0:35347-2:35348-0:35349-70000.0:35350-2000.0:35351-500000.0:35352-150.0,33.2
0-1.0:1-1.0:2-1.0:3-1.0:4-1.0:5-1.0:6-1.0:7-1.0:8-1.0:9-1.0:10-1.0:35347-2:35348-0:35349-70000.0:35350-2000.0:35351-500000.0:35352-250.0,28.33
0-1.0:1-1.0:2-1.0:3-1.0:4-1.0:5-1.0:6-1.0:7-1.0:8-1.0:9-1.0:10-1.0:35347-2:35348-0:35349-70000.0:35350-2000.0:35351-500000.0:35352-1000.0,29.21
0-1.0:1-1.0:2-1.0:3-1.0:4-1.0:5-1.0:6-1.0:7-1.0:8-1.0:9-1.0:10-1.0:35347-2:35348-0:35349-70000.0:35350-2000.0:35351-500000.0:35352-1500.0,22.25
0-1.0:1-1.0:2-1.0:3-1.0:4-1.0:5-1.0:6-1.0:7-1.0:8-1.0:9-1.0:10-1.0:35347-2:35348-0:35349-80000.0:35350-1000.0:35351-100000.0:35352-100.0,32.52
0-1.0:1-1.0:2-1.0:3-1.0:4-1.0:5-1.0:6-1.0:7-1.0:8-1.0:9-1.0:10-1.0:35347-2:35348-0:35349-80000.0:35350-1000.0:35351-100000.0:35352-150.0,39.85
0-1.0:1-1.0:2-1.0:3-1.0:4-1.0:5-1.0:6-1.0:7-1.0:8-1.0:9-1.0:10-1.0:35347-2:35348-0:35349-80000.0:35350-1000.0:35351-100000.0:35352-250.0,33.21
0-1.0:1-1.0:2-1.0:3-1.0:4-1.0:5-1.0:6-1.0:7-1.0:8-1.0:9-1.0:10-1.0:35347-2:35348-0:35349-80000.0:35350-1000.0:35351-100000.0:35352-500.0,23.93
0-1.0:1-1.0:2-1.0:3-1.0:4-1.0:5-1.0:6-1.0:7-1.0:8-1.0:9-1.0:10-1.0:35347-2:35348-0:35349-80000.0:35350-1000.0:35351-100000.0:35352-1500.0,19.51
0-1.0:1-1.0:2-1.0:3-1.0:4-1.0:5-1.0:6-1.0:7-1.0:8-1.0:9-1.0:10-1.0:35347-2:35348-0:35349-80000.0:35350-1000.0:35351-100000.0:35352-2500.0,19.39
0-1.0:1-1.0:2-1.0:3-1.0:4-1.0:5-1.0:6-1.0:7-1.0:8-1.0:9-1.0:10-1.0:35347-2:35348-0:35349-80000.0:35350-1000.0:35351-100000.0:35352-5000.0,14.31
0-1.0:1-1.0:2-1.0:3-1.0:4-1.0:5-1.0:6-1.0:7-1.0:8-1.0:9-1.0:10-1.0:35347-2:35348-0:35349-80000.0:35350-1000.0:35351-300000.0:35352-100.0,34.6
0-1.0:1-1.0:2-1.0:3-1.0:4-1.0:5-1.0:6-1.0:7-1.0:8-1.0:9-1.0:10-1.0:35347-2:35348-0:35349-80000.0:35350-1000.0:35351-300000.0:35352-150.0,33.3
0-1.0:1-1.0:2-1.0:3-1.0:4-1.0:5-1.0:6-1.0:7-1.0:8-1.0:9-1.0:10-1.0:35347-2:35348-0:35349-80000.0:35350-1000.0:35351-300000.0:35352-250.0,28.1
0-1.0:1-1.0:2-1.0:3-1.0:4-1.0:5-1.0:6-1.0:7-1.0:8-1.0:9-1.0:10-1.0:35347-2:35348-0:35349-80000.0:35350-1000.0:35351-300000.0:35352-500.0,26.02
0-1.0:1-1.0:2-1.0:3-1.0:4-1.0:5-1.0:6-1.0:7-1.0:8-1.0:9-1.0:10-1.0:35347-2:35348-0:35349-80000.0:35350-1000.0:35351-300000.0:35352-1500.0,21.59
0-1.0:1-1.0:2-1.0:3-1.0:4-1.0:5-1.0:6-1.0:7-1.0:8-1.0:9-1.0:10-1.0:35347-2:35348-0:35349-80000.0:35350-1000.0:35351-300000.0:35352-5000.0,16.39
0-1.0:1-1.0:2-1.0:3-1.0:4-1.0:5-1.0:6-1.0:7-1.0:8-1.0:9-1.0:10-1.0:35347-2:35348-0:35349-80000.0:35350-1000.0:35351-500000.0:35352-100.0,45.26
0-1.0:1-1.0:2-1.0:3-1.0:4-1.0:5-1.0:6-1.0:7-1.0:8-1.0:9-1.0:10-1.0:35347-2:35348-0:35349-80000.0:35350-1000.0:35351-500000.0:35352-250.0,29.76
0-1.0:1-1.0:2-1.0:3-1.0:4-1.0:5-1.0:6-1.0:7-1.0:8-1.0:9-1.0:10-1.0:35347-2:35348-0:35349-80000.0:35350-1000.0:35351-500000.0:35352-500.0,27.68
0-1.0:1-1.0:2-1.0:3-1.0:4-1.0:5-1.0:6-1.0:7-1.0:8-1.0:9-1.0:10-1.0:35347-2:35348-0:35349-80000.0:35350-1000.0:35351-500000.0:35352-750.0,29.01
0-1.0:1-1.0:2-1.0:3-1.0:4-1.0:5-1.0:6-1.0:7-1.0:8-1.0:9-1.0:10-1.0:35347-2:35348-0:35349-80000.0:35350-1000.0:35351-500000.0:35352-5000.0,18.06
0-1.0:1-1.0:2-1.0:3-1.0:4-1.0:5-1.0:6-1.0:7-1.0:8-1.0:9-1.0:10-1.0:35347-2:35348-0:35349-80000.0:35350-2000.0:35351-100000.0:35352-100.0,32.77
0-1.0:1-1.0:2-1.0:3-1.0:4-1.0:5-1.0:6-1.0:7-1.0:8-1.0:9-1.0:10-1.0:35347-2:35348-0:35349-80000.0:35350-2000.0:35351-100000.0:35352-150.0,35.5
0-1.0:1-1.0:2-1.0:3-1.0:4-1.0:5-1.0:6-1.0:7-1.0:8-1.0:9-1.0:10-1.0:35347-2:35348-0:35349-80000.0:35350-2000.0:35351-100000.0:35352-250.0,26.26
0-1.0:1-1.0:2-1.0:3-1.0:4-1.0:5-1.0:6-1.0:7-1.0:8-1.0:9-1.0:10-1.0:35347-2:35348-0:35349-80000.0:35350-2000.0:35351-100000.0:35352-750.0,25.51
0-1.0:1-1.0:2-1.0:3-1.0:4-1.0:5-1.0:6-1.0:7-1.0:8-1.0:9-1.0:10-1.0:35347-2:35348-0:35349-80000.0:35350-2000.0:35351-100000.0:35352-1500.0,39.17
0-1.0:1-1.0:2-1.0:3-1.0:4-1.0:5-1.0:6-1.0:7-1.0:8-1.0:9-1.0:10-1.0:35347-2:35348-0:35349-80000.0:35350-2000.0:35351-100000.0:35352-2500.0,17.42
0-1.0:1-1.0:2-1.0:3-1.0:4-1.0:5-1.0:6-1.0:7-1.0:8-1.0:9-1.0:10-1.0:35347-2:35348-0:35349-80000.0:35350-2000.0:35351-100000.0:35352-5000.0,18.51
0-1.0:1-1.0:2-1.0:3-1.0:4-1.0:5-1.0:6-1.0:7-1.0:8-1.0:9-1.0:10-1.0:35347-2:35348-0:35349-80000.0:35350-2000.0:35351-300000.0:35352-1000.0,23.4
0-1.0:1-1.0:2-1.0:3-1.0:4-1.0:5-1.0:6-1.0:7-1.0:8-1.0:9-1.0:10-1.0:35347-2:35348-0:35349-80000.0:35350-2000.0:35351-300000.0:35352-5000.0,16.64
0-1.0:1-1.0:2-1.0:3-1.0:4-1.0:5-1.0:6-1.0:7-1.0:8-1.0:9-1.0:10-1.0:35347-2:35348-0:35349-80000.0:35350-2000.0:35351-500000.0:35352-100.0,36.52
0-1.0:1-1.0:2-1.0:3-1.0:4-1.0:5-1.0:6-1.0:7-1.0:8-1.0:9-1.0:10-1.0:35347-2:35348-0:35349-80000.0:35350-2000.0:35351-500000.0:35352-150.0,35.22
0-1.0:1-1.0:2-1.0:3-1.0:4-1.0:5-1.0:6-1.0:7-1.0:8-1.0:9-1.0:10-1.0:35347-2:35348-0:35349-80000.0:35350-2000.0:35351-500000.0:35352-750.0,32.56
0-1.0:1-1.0:2-1.0:3-1.0:4-1.0:5-1.0:6-1.0:7-1.0:8-1.0:9-1.0:10-1.0:35347-2:35348-0:35349-80000.0:35350-2000.0:35351-500000.0:35352-1500.0,28.9
0-1.0:1-1.0:2-1.0:3-1.0:4-1.0:5-1.0:6-1.0:7-1.0:8-1.0:9-1.0:10-1.0:35347-2:35348-0:35349-80000.0:35350-2000.0:35351-500000.0:35352-2500.0,21.17
0-1.0:1-1.0:2-1.0:3-1.0:4-1.0:5-1.0:6-1.0:7-1.0:8-1.0:9-1.0:10-1.0:35347-2:35348-0:35349-80000.0:35350-2000.0:35351-500000.0:35352-5000.0,18.31
0-1.0:1-1.0:2-1.0:3-1.0:4-1.0:5-1.0:6-1.0:7-1.0:8-1.0:9-1.0:10-1.0:35347-2:35348-0:35349-90000.0:35350-1000.0:35351-100000.0:35352-100.0,34.37
0-1.0:1-1.0:2-1.0:3-1.0:4-1.0:5-1.0:6-1.0:7-1.0:8-1.0:9-1.0:10-1.0:35347-2:35348-0:35349-90000.0:35350-1000.0:35351-100000.0:35352-150.0,32.99
0-1.0:1-1.0:2-1.0:3-1.0:4-1.0:5-1.0:6-1.0:7-1.0:8-1.0:9-1.0:10-1.0:35347-2:35348-0:35349-90000.0:35350-1000.0:35351-100000.0:35352-250.0,27.49
0-1.0:1-1.0:2-1.0:3-1.0:4-1.0:5-1.0:6-1.0:7-1.0:8-1.0:9-1.0:10-1.0:35347-2:35348-0:35349-90000.0:35350-1000.0:35351-100000.0:35352-750.0,30.23
0-1.0:1-1.0:2-1.0:3-1.0:4-1.0:5-1.0:6-1.0:7-1.0:8-1.0:9-1.0:10-1.0:35347-2:35348-0:35349-90000.0:35350-1000.0:35351-100000.0:35352-5000.0,15.12
0-1.0:1-1.0:2-1.0:3-1.0:4-1.0:5-1.0:6-1.0:7-1.0:8-1.0:9-1.0:10-1.0:35347-2:35348-0:35349-90000.0:35350-1000.0:35351-300000.0:35352-100.0,46.03
0-1.0:1-1.0:2-1.0:3-1.0:4-1.0:5-1.0:6-1.0:7-1.0:8-1.0:9-1.0:10-1.0:35347-2:35348-0:35349-90000.0:35350-1000.0:35351-300000.0:35352-150.0,35.08
0-1.0:1-1.0:2-1.0:3-1.0:4-1.0:5-1.0:6-1.0:7-1.0:8-1.0:9-1.0:10-1.0:35347-2:35348-0:35349-90000.0:35350-1000.0:35351-300000.0:35352-250.0,33.27
0-1.0:1-1.0:2-1.0:3-1.0:4-1.0:5-1.0:6-1.0:7-1.0:8-1.0:9-1.0:10-1.0:35347-2:35348-0:35349-90000.0:35350-1000.0:35351-300000.0:35352-500.0,30.78
0-1.0:1-1.0:2-1.0:3-1.0:4-1.0:5-1.0:6-1.0:7-1.0:8-1.0:9-1.0:10-1.0:35347-2:35348-0:35349-90000.0:35350-1000.0:35351-300000.0:35352-1000.0,24.35
0-1.0:1-1.0:2-1.0:3-1.0:4-1.0:5-1.0:6-1.0:7-1.0:8-1.0:9-1.0:10-1.0:35347-2:35348-0:35349-90000.0:35350-1000.0:35351-300000.0:35352-1500.0,43.32
0-1.0:1-1.0:2-1.0:3-1.0:4-1.0:5-1.0:6-1.0:7-1.0:8-1.0:9-1.0:10-1.0:35347-2:35348-0:35349-90000.0:35350-1000.0:35351-300000.0:35352-2500.0,20.23
0-1.0:1-1.0:2-1.0:3-1.0:4-1.0:5-1.0:6-1.0:7-1.0:8-1.0:9-1.0:10-1.0:35347-2:35348-0:35349-90000.0:35350-1000.0:35351-500000.0:35352-100.0,38.12
0-1.0:1-1.0:2-1.0:3-1.0:4-1.0:5-1.0:6-1.0:7-1.0:8-1.0:9-1.0:10-1.0:35347-2:35348-0:35349-90000.0:35350-1000.0:35351-500000.0:35352-250.0,31.24
0-1.0:1-1.0:2-1.0:3-1.0:4-1.0:5-1.0:6-1.0:7-1.0:8-1.0:9-1.0:10-1.0:35347-2:35348-0:35349-90000.0:35350-1000.0:35351-500000.0:35352-500.0,29.04
0-1.0:1-1.0:2-1.0:3-1.0:4-1.0:5-1.0:6-1.0:7-1.0:8-1.0:9-1.0:10-1.0:35347-2:35348-0:35349-90000.0:35350-1000.0:35351-500000.0:35352-5000.0,18.87
0-1.0:1-1.0:2-1.0:3-1.0:4-1.0:5-1.0:6-1.0:7-1.0:8-1.0:9-1.0:10-1.0:35347-2:35348-0:35349-90000.0:35350-2000.0:35351-100000.0:35352-100.0,44.19
0-1.0:1-1.0:2-1.0:3-1.0:4-1.0:5-1.0:6-1.0:7-1.0:8-1.0:9-1.0:10-1.0:35347-2:35348-0:35349-90000.0:35350-2000.0:35351-100000.0:35352-150.0,42.44
0-1.0:1-1.0:2-1.0:3-1.0:4-1.0:5-1.0:6-1.0:7-1.0:8-1.0:9-1.0:10-1.0:35347-2:35348-0:35349-90000.0:35350-2000.0:35351-100000.0:35352-250.0,27.74
0-1.0:1-1.0:2-1.0:3-1.0:4-1.0:5-1.0:6-1.0:7-1.0:8-1.0:9-1.0:10-1.0:35347-2:35348-0:35349-90000.0:35350-2000.0:35351-100000.0:35352-500.0,25.54
0-1.0:1-1.0:2-1.0:3-1.0:4-1.0:5-1.0:6-1.0:7-1.0:8-1.0:9-1.0:10-1.0:35347-2:35348-0:35349-90000.0:35350-2000.0:35351-100000.0:35352-750.0,27.07
0-1.0:1-1.0:2-1.0:3-1.0:4-1.0:5-1.0:6-1.0:7-1.0:8-1.0:9-1.0:10-1.0:35347-2:35348-0:35349-90000.0:35350-2000.0:35351-100000.0:35352-1000.0,22.52
0-1.0:1-1.0:2-1.0:3-1.0:4-1.0:5-1.0:6-1.0:7-1.0:8-1.0:9-1.0:10-1.0:35347-2:35348-0:35349-90000.0:35350-2000.0:35351-100000.0:35352-1500.0,20.87
0-1.0:1-1.0:2-1.0:3-1.0:4-1.0:5-1.0:6-1.0:7-1.0:8-1.0:9-1.0:10-1.0:35347-2:35348-0:35349-90000.0:35350-2000.0:35351-100000.0:35352-2500.0,23.45
0-1.0:1-1.0:2-1.0:3-1.0:4-1.0:5-1.0:6-1.0:7-1.0:8-1.0:9-1.0:10-1.0:35347-2:35348-0:35349-90000.0:35350-2000.0:35351-100000.0:35352-5000.0,15.37
0-1.0:1-1.0:2-1.0:3-1.0:4-1.0:5-1.0:6-1.0:7-1.0:8-1.0:9-1.0:10-1.0:35347-2:35348-0:35349-90000.0:35350-2000.0:35351-300000.0:35352-100.0,36.7
0-1.0:1-1.0:2-1.0:3-1.0:4-1.0:5-1.0:6-1.0:7-1.0:8-1.0:9-1.0:10-1.0:35347-2:35348-0:35349-90000.0:35350-2000.0:35351-300000.0:35352-250.0,37.49
0-1.0:1-1.0:2-1.0:3-1.0:4-1.0:5-1.0:6-1.0:7-1.0:8-1.0:9-1.0:10-1.0:35347-2:35348-0:35349-90000.0:35350-2000.0:35351-300000.0:35352-500.0,27.63
0-1.0:1-1.0:2-1.0:3-1.0:4-1.0:5-1.0:6-1.0:7-1.0:8-1.0:9-1.0:10-1.0:35347-2:35348-0:35349-90000.0:35350-2000.0:35351-300000.0:35352-750.0,22.27
0-1.0:1-1.0:2-1.0:3-1.0:4-1.0:5-1.0:6-1.0:7-1.0:8-1.0:9-1.0:10-1.0:35347-2:35348-0:35349-90000.0:35350-2000.0:35351-300000.0:35352-1000.0,22.27
0-1.0:1-1.0:2-1.0:3-1.0:4-1.0:5-1.0:6-1.0:7-1.0:8-1.0:9-1.0:10-1.0:35347-2:35348-0:35349-90000.0:35350-2000.0:35351-300000.0:35352-1500.0,22.27
0-1.0:1-1.0:2-1.0:3-1.0:4-1.0:5-1.0:6-1.0:7-1.0:8-1.0:9-1.0:10-1.0:35347-2:35348-0:35349-90000.0:35350-2000.0:35351-300000.0:35352-2500.0,22.27
0-1.0:1-1.0:2-1.0:3-1.0:4-1.0:5-1.0:6-1.0:7-1.0:8-1.0:9-1.0:10-1.0:35347-2:35348-0:35349-90000.0:35350-2000.0:35351-500000.0:35352-150.0,28.48
0-1.0:1-1.0:2-1.0:3-1.0:4-1.0:5-1.0:6-1.0:7-1.0:8-1.0:9-1.0:10-1.0:35347-2:35348-0:35349-90000.0:35350-2000.0:35351-500000.0:35352-750.0,44.54
0-1.0:1-1.0:2-1.0:3-1.0:4-1.0:5-1.0:6-1.0:7-1.0:8-1.0:9-1.0:10-1.0:35347-2:35348-0:35349-90000.0:35350-2000.0:35351-500000.0:35352-1000.0,22.27
0-1.0:1-1.0:2-1.0:3-1.0:4-1.0:5-1.0:6-1.0:7-1.0:8-1.0:9-1.0:10-1.0:35347-2:35348-0:35349-90000.0:35350-2000.0:35351-500000.0:35352-1500.0,22.27
0-1.0:1-1.0:2-1.0:3-1.0:4-1.0:5-1.0:6-1.0:7-1.0:8-1.0:9-1.0:10-1.0:35347-2:35348-0:35349-90000.0:35350-2000.0:35351-500000.0:35352-2500.0,22.27
0-1.0:1-1.0:2-1.0:3-1.0:4-1.0:5-1.0:6-1.0:7-1.0:8-1.0:9-1.0:10-1.0:35347-2:35348-0:35349-90000.0:35350-2000.0:35351-500000.0:35352-5000.0,22.27
0-1.0:1-1.0:2-1.0:3-1.0:4-1.0:5-1.0:6-1.0:7-1.0:8-1.0:9-1.0:10-1.0:35347-2:35348-0:35349-100000.0:35350-1000.0:35351-100000.0:35352-100.0,23.41
0-1.0:1-1.0:2-1.0:3-1.0:4-1.0:5-1.0:6-1.0:7-1.0:8-1.0:9-1.0:10-1.0:35347-2:35348-0:35349-100000.0:35350-1000.0:35351-100000.0:35352-150.0,23.41
0-1.0:1-1.0:2-1.0:3-1.0:4-1.0:5-1.0:6-1.0:7-1.0:8-1.0:9-1.0:10-1.0:35347-2:35348-0:35349-100000.0:35350-1000.0:35351-100000.0:35352-250.0,23.41
0-1.0:1-1.0:2-1.0:3-1.0:4-1.0:5-1.0:6-1.0:7-1.0:8-1.0:9-1.0:10-1.0:35347-2:35348-0:35349-100000.0:35350-1000.0:35351-100000.0:35352-750.0,23.41
0-1.0:1-1.0:2-1.0:3-1.0:4-1.0:5-1.0:6-1.0:7-1.0:8-1.0:9-1.0:10-1.0:35347-2:35348-0:35349-100000.0:35350-1000.0:35351-100000.0:35352-2500.0,29.95
0-1.0:1-1.0:2-1.0:3-1.0:4-1.0:5-1.0:6-1.0:7-1.0:8-1.0:9-1.0:10-1.0:35347-2:35348-0:35349-100000.0:35350-1000.0:35351-300000.0:35352-100.0,23.41
0-1.0:1-1.0:2-1.0:3-1.0:4-1.0:5-1.0:6-1.0:7-1.0:8-1.0:9-1.0:10-1.0:35347-2:35348-0:35349-100000.0:35350-1000.0:35351-300000.0:35352-150.0,23.41
0-1.0:1-1.0:2-1.0:3-1.0:4-1.0:5-1.0:6-1.0:7-1.0:8-1.0:9-1.0:10-1.0:35347-2:35348-0:35349-100000.0:35350-1000.0:35351-300000.0:35352-250.0,26.52
0-1.0:1-1.0:2-1.0:3-1.0:4-1.0:5-1.0:6-1.0:7-1.0:8-1.0:9-1.0:10-1.0:35347-2:35348-0:35349-100000.0:35350-1000.0:35351-300000.0:35352-750.0,26.52
0-1.0:1-1.0:2-1.0:3-1.0:4-1.0:5-1.0:6-1.0:7-1.0:8-1.0:9-1.0:10-1.0:35347-2:35348-0:35349-100000.0:35350-1000.0:35351-300000.0:35352-1000.0,29.95
0-1.0:1-1.0:2-1.0:3-1.0:4-1.0:5-1.0:6-1.0:7-1.0:8-1.0:9-1.0:10-1.0:35347-2:35348-0:35349-100000.0:35350-1000.0:35351-300000.0:35352-1500.0,23.41
0-1.0:1-1.0:2-1.0:3-1.0:4-1.0:5-1.0:6-1.0:7-1.0:8-1.0:9-1.0:10-1.0:35347-2:35348-0:35349-100000.0:35350-1000.0:35351-500000.0:35352-100.0,29.95
0-1.0:1-1.0:2-1.0:3-1.0:4-1.0:5-1.0:6-1.0:7-1.0:8-1.0:9-1.0:10-1.0:35347-2:35348-0:35349-100000.0:35350-1000.0:35351-500000.0:35352-150.0,23.41
0-1.0:1-1.0:2-1.0:3-1.0:4-1.0:5-1.0:6-1.0:7-1.0:8-1.0:9-1.0:10-1.0:35347-2:35348-0:35349-100000.0:35350-1000.0:35351-500000.0:35352-500.0,23.41
0-1.0:1-1.0:2-1.0:3-1.0:4-1.0:5-1.0:6-1.0:7-1.0:8-1.0:9-1.0:10-1.0:35347-2:35348-0:35349-100000.0:35350-1000.0:35351-500000.0:35352-750.0,23.41
0-1.0:1-1.0:2-1.0:3-1.0:4-1.0:5-1.0:6-1.0:7-1.0:8-1.0:9-1.0:10-1.0:35347-2:35348-0:35349-100000.0:35350-1000.0:35351-500000.0:35352-1000.0,23.41
0-1.0:1-1.0:2-1.0:3-1.0:4-1.0:5-1.0:6-1.0:7-1.0:8-1.0:9-1.0:10-1.0:35347-2:35348-0:35349-100000.0:35350-1000.0:35351-500000.0:35352-1500.0,29.95
0-1.0:1-1.0:2-1.0:3-1.0:4-1.0:5-1.0:6-1.0:7-1.0:8-1.0:9-1.0:10-1.0:35347-2:35348-0:35349-100000.0:35350-1000.0:35351-500000.0:35352-2500.0,46.88
0-1.0:1-1.0:2-1.0:3-1.0:4-1.0:5-1.0:6-1.0:7-1.0:8-1.0:9-1.0:10-1.0:35347-2:35348-0:35349-100000.0:35350-1000.0:35351-500000.0:35352-5000.0,23.41
0-1.0:1-1.0:2-1.0:3-1.0:4-1.0:5-1.0:6-1.0:7-1.0:8-1.0:9-1.0:10-1.0:35347-2:35348-0:35349-100000.0:35350-2000.0:35351-100000.0:35352-150.0,23.41
0-1.0:1-1.0:2-1.0:3-1.0:4-1.0:5-1.0:6-1.0:7-1.0:8-1.0:9-1.0:10-1.0:35347-2:35348-0:35349-100000.0:35350-2000.0:35351-100000.0:35352-250.0,46.88
0-1.0:1-1.0:2-1.0:3-1.0:4-1.0:5-1.0:6-1.0:7-1.0:8-1.0:9-1.0:10-1.0:35347-2:35348-0:35349-100000.0:35350-2000.0:35351-100000.0:35352-750.0,23.41
0-1.0:1-1.0:2-1.0:3-1.0:4-1.0:5-1.0:6-1.0:7-1.0:8-1.0:9-1.0:10-1.0:35347-2:35348-0:35349-100000.0:35350-2000.0:35351-100000.0:35352-1000.0,29.95
0-1.0:1-1.0:2-1.0:3-1.0:4-1.0:5-1.0:6-1.0:7-1.0:8-1.0:9-1.0:10-1.0:35347-2:35348-0:35349-100000.0:35350-2000.0:35351-100000.0:35352-1500.0,29.95
0-1.0:1-1.0:2-1.0:3-1.0:4-1.0:5-1.0:6-1.0:7-1.0:8-1.0:9-1.0:10-1.0:35347-2:35348-0:35349-100000.0:35350-2000.0:35351-100000.0:35352-2500.0,23.41
0-1.0:1-1.0:2-1.0:3-1.0:4-1.0:5-1.0:6-1.0:7-1.0:8-1.0:9-1.0:10-1.0:35347-2:35348-0:35349-100000.0:35350-2000.0:35351-300000.0:35352-100.0,29.95
0-1.0:1-1.0:2-1.0:3-1.0:4-1.0:5-1.0:6-1.0:7-1.0:8-1.0:9-1.0:10-1.0:35347-2:35348-0:35349-100000.0:35350-2000.0:35351-300000.0:35352-150.0,23.41
0-1.0:1-1.0:2-1.0:3-1.0:4-1.0:5-1.0:6-1.0:7-1.0:8-1.0:9-1.0:10-1.0:35347-2:35348-0:35349-100000.0:35350-2000.0:35351-300000.0:35352-250.0,23.41
0-1.0:1-1.0:2-1.0:3-1.0:4-1.0:5-1.0:6-1.0:7-1.0:8-1.0:9-1.0:10-1.0:35347-2:35348-0:35349-100000.0:35350-2000.0:35351-300000.0:35352-750.0,23.41
0-1.0:1-1.0:2-1.0:3-1.0:4-1.0:5-1.0:6-1.0:7-1.0:8-1.0:9-1.0:10-1.0:35347-2:35348-0:35349-100000.0:35350-2000.0:35351-300000.0:35352-1000.0,29.95
0-1.0:1-1.0:2-1.0:3-1.0:4-1.0:5-1.0:6-1.0:7-1.0:8-1.0:9-1.0:10-1.0:35347-2:35348-0:35349-100000.0:35350-2000.0:35351-300000.0:35352-1500.0,23.41
0-1.0:1-1.0:2-1.0:3-1.0:4-1.0:5-1.0:6-1.0:7-1.0:8-1.0:9-1.0:10-1.0:35347-2:35348-0:35349-100000.0:35350-2000.0:35351-300000.0:35352-2500.0,23.41
0-1.0:1-1.0:2-1.0:3-1.0:4-1.0:5-1.0:6-1.0:7-1.0:8-1.0:9-1.0:10-1.0:35347-2:35348-0:35349-100000.0:35350-2000.0:35351-300000.0:35352-5000.0,23.41
0-1.0:1-1.0:2-1.0:3-1.0:4-1.0:5-1.0:6-1.0:7-1.0:8-1.0:9-1.0:10-1.0:35347-2:35348-0:35349-100000.0:35350-2000.0:35351-500000.0:35352-100.0,23.41
0-1.0:1-1.0:2-1.0:3-1.0:4-1.0:5-1.0:6-1.0:7-1.0:8-1.0:9-1.0:10-1.0:35347-2:35348-0:35349-100000.0:35350-2000.0:35351-500000.0:35352-150.0,23.41
0-1.0:1-1.0:2-1.0:3-1.0:4-1.0:5-1.0:6-1.0:7-1.0:8-1.0:9-1.0:10-1.0:35347-2:35348-0:35349-100000.0:35350-2000.0:35351-500000.0:35352-500.0,26.52
0-1.0:1-1.0:2-1.0:3-1.0:4-1.0:5-1.0:6-1.0:7-1.0:8-1.0:9-1.0:10-1.0:35347-2:35348-0:35349-100000.0:35350-2000.0:35351-500000.0:35352-1000.0,29.95
0-1.0:1-1.0:2-1.0:3-1.0:4-1.0:5-1.0:6-1.0:7-1.0:8-1.0:9-1.0:10-1.0:35347-2:35348-0:35349-100000.0:35350-2000.0:35351-500000.0:35352-1500.0,23.41
0-1.0:1-1.0:2-1.0:3-1.0:4-1.0:5-1.0:6-1.0:7-1.0:8-1.0:9-1.0:10-1.0:35347-2:35348-0:35349-100000.0:35350-2000.0:35351-500000.0:35352-5000.0,29.95
0-1.0:1-1.0:2-1.0:3-1.0:4-1.0:5-1.0:6-1.0:7-1.0:8-1.0:9-1.0:10-1.0:35347-5:35348-0:35349-4000.0:35350-1000.0:35351-100000.0:35352-100.0,12.96
0-1.0:1-1.0:2-1.0:3-1.0:4-1.0:5-1.0:6-1.0:7-1.0:8-1.0:9-1.0:10-1.0:35347-5:35348-0:35349-4000.0:35350-1000.0:35351-100000.0:35352-150.0,20.26
0-1.0:1-1.0:2-1.0:3-1.0:4-1.0:5-1.0:6-1.0:7-1.0:8-1.0:9-1.0:10-1.0:35347-5:35348-0:35349-4000.0:35350-1000.0:35351-100000.0:35352-250.0,10.83
0-1.0:1-1.0:2-1.0:3-1.0:4-1.0:5-1.0:6-1.0:7-1.0:8-1.0:9-1.0:10-1.0:35347-5:35348-0:35349-4000.0:35350-1000.0:35351-100000.0:35352-500.0,10.83
0-1.0:1-1.0:2-1.0:3-1.0:4-1.0:5-1.0:6-1.0:7-1.0:8-1.0:9-1.0:10-1.0:35347-5:35348-0:35349-4000.0:35350-1000.0:35351-100000.0:35352-750.0,12.96
0-1.0:1-1.0:2-1.0:3-1.0:4-1.0:5-1.0:6-1.0:7-1.0:8-1.0:9-1.0:10-1.0:35347-5:35348-0:35349-4000.0:35350-1000.0:35351-100000.0:35352-1000.0,10.83
0-1.0:1-1.0:2-1.0:3-1.0:4-1.0:5-1.0:6-1.0:7-1.0:8-1.0:9-1.0:10-1.0:35347-5:35348-0:35349-4000.0:35350-1000.0:35351-100000.0:35352-5000.0,10.83
0-1.0:1-1.0:2-1.0:3-1.0:4-1.0:5-1.0:6-1.0:7-1.0:8-1.0:9-1.0:10-1.0:35347-5:35348-0:35349-4000.0:35350-1000.0:35351-300000.0:35352-100.0,12.96
0-1.0:1-1.0:2-1.0:3-1.0:4-1.0:5-1.0:6-1.0:7-1.0:8-1.0:9-1.0:10-1.0:35347-5:35348-0:35349-4000.0:35350-1000.0:35351-300000.0:35352-150.0,10.83
0-1.0:1-1.0:2-1.0:3-1.0:4-1.0:5-1.0:6-1.0:7-1.0:8-1.0:9-1.0:10-1.0:35347-5:35348-0:35349-4000.0:35350-1000.0:35351-300000.0:35352-500.0,12.96
0-1.0:1-1.0:2-1.0:3-1.0:4-1.0:5-1.0:6-1.0:7-1.0:8-1.0:9-1.0:10-1.0:35347-5:35348-0:35349-4000.0:35350-1000.0:35351-300000.0:35352-750.0,10.83
0-1.0:1-1.0:2-1.0:3-1.0:4-1.0:5-1.0:6-1.0:7-1.0:8-1.0:9-1.0:10-1.0:35347-5:35348-0:35349-4000.0:35350-1000.0:35351-300000.0:35352-1000.0,10.83
0-1.0:1-1.0:2-1.0:3-1.0:4-1.0:5-1.0:6-1.0:7-1.0:8-1.0:9-1.0:10-1.0:35347-5:35348-0:35349-4000.0:35350-1000.0:35351-300000.0:35352-1500.0,10.83
0-1.0:1-1.0:2-1.0:3-1.0:4-1.0:5-1.0:6-1.0:7-1.0:8-1.0:9-1.0:10-1.0:35347-5:35348-0:35349-4000.0:35350-1000.0:35351-300000.0:35352-5000.0,10.83
0-1.0:1-1.0:2-1.0:3-1.0:4-1.0:5-1.0:6-1.0:7-1.0:8-1.0:9-1.0:10-1.0:35347-5:35348-0:35349-4000.0:35350-1000.0:35351-500000.0:35352-100.0,12.96
0-1.0:1-1.0:2-1.0:3-1.0:4-1.0:5-1.0:6-1.0:7-1.0:8-1.0:9-1.0:10-1.0:35347-5:35348-0:35349-4000.0:35350-1000.0:35351-500000.0:35352-150.0,12.96
0-1.0:1-1.0:2-1.0:3-1.0:4-1.0:5-1.0:6-1.0:7-1.0:8-1.0:9-1.0:10-1.0:35347-5:35348-0:35349-4000.0:35350-1000.0:35351-500000.0:35352-250.0,10.83
0-1.0:1-1.0:2-1.0:3-1.0:4-1.0:5-1.0:6-1.0:7-1.0:8-1.0:9-1.0:10-1.0:35347-5:35348-0:35349-4000.0:35350-1000.0:35351-500000.0:35352-750.0,12.96
0-1.0:1-1.0:2-1.0:3-1.0:4-1.0:5-1.0:6-1.0:7-1.0:8-1.0:9-1.0:10-1.0:35347-5:35348-0:35349-4000.0:35350-1000.0:35351-500000.0:35352-2500.0,12.96
0-1.0:1-1.0:2-1.0:3-1.0:4-1.0:5-1.0:6-1.0:7-1.0:8-1.0:9-1.0:10-1.0:35347-5:35348-0:35349-4000.0:35350-1000.0:35351-500000.0:35352-5000.0,10.83
0-1.0:1-1.0:2-1.0:3-1.0:4-1.0:5-1.0:6-1.0:7-1.0:8-1.0:9-1.0:10-1.0:35347-5:35348-0:35349-4000.0:35350-2000.0:35351-100000.0:35352-100.0,10.83
0-1.0:1-1.0:2-1.0:3-1.0:4-1.0:5-1.0:6-1.0:7-1.0:8-1.0:9-1.0:10-1.0:35347-5:35348-0:35349-4000.0:35350-2000.0:35351-100000.0:35352-150.0,10.83
0-1.0:1-1.0:2-1.0:3-1.0:4-1.0:5-1.0:6-1.0:7-1.0:8-1.0:9-1.0:10-1.0:35347-5:35348-0:35349-4000.0:35350-2000.0:35351-100000.0:35352-250.0,11.47
0-1.0:1-1.0:2-1.0:3-1.0:4-1.0:5-1.0:6-1.0:7-1.0:8-1.0:9-1.0:10-1.0:35347-5:35348-0:35349-4000.0:35350-2000.0:35351-100000.0:35352-500.0,12.96
0-1.0:1-1.0:2-1.0:3-1.0:4-1.0:5-1.0:6-1.0:7-1.0:8-1.0:9-1.0:10-1.0:35347-5:35348-0:35349-4000.0:35350-2000.0:35351-100000.0:35352-1000.0,10.83
0-1.0:1-1.0:2-1.0:3-1.0:4-1.0:5-1.0:6-1.0:7-1.0:8-1.0:9-1.0:10-1.0:35347-5:35348-0:35349-4000.0:35350-2000.0:35351-100000.0:35352-1500.0,10.83
0-1.0:1-1.0:2-1.0:3-1.0:4-1.0:5-1.0:6-1.0:7-1.0:8-1.0:9-1.0:10-1.0:35347-5:35348-0:35349-4000.0:35350-2000.0:35351-100000.0:35352-5000.0,10.83
0-1.0:1-1.0:2-1.0:3-1.0:4-1.0:5-1.0:6-1.0:7-1.0:8-1.0:9-1.0:10-1.0:35347-5:35348-0:35349-4000.0:35350-2000.0:35351-300000.0:35352-100.0,10.83
0-1.0:1-1.0:2-1.0:3-1.0:4-1.0:5-1.0:6-1.0:7-1.0:8-1.0:9-1.0:10-1.0:35347-5:35348-0:35349-4000.0:35350-2000.0:35351-300000.0:35352-150.0,10.83
0-1.0:1-1.0:2-1.0:3-1.0:4-1.0:5-1.0:6-1.0:7-1.0:8-1.0:9-1.0:10-1.0:35347-5:35348-0:35349-4000.0:35350-2000.0:35351-300000.0:35352-250.0,11.47
0-1.0:1-1.0:2-1.0:3-1.0:4-1.0:5-1.0:6-1.0:7-1.0:8-1.0:9-1.0:10-1.0:35347-5:35348-0:35349-4000.0:35350-2000.0:35351-300000.0:35352-500.0,12.96
0-1.0:1-1.0:2-1.0:3-1.0:4-1.0:5-1.0:6-1.0:7-1.0:8-1.0:9-1.0:10-1.0:35347-5:35348-0:35349-4000.0:35350-2000.0:35351-300000.0:35352-1000.0,11.47
0-1.0:1-1.0:2-1.0:3-1.0:4-1.0:5-1.0:6-1.0:7-1.0:8-1.0:9-1.0:10-1.0:35347-5:35348-0:35349-4000.0:35350-2000.0:35351-300000.0:35352-1500.0,10.83
0-1.0:1-1.0:2-1.0:3-1.0:4-1.0:5-1.0:6-1.0:7-1.0:8-1.0:9-1.0:10-1.0:35347-5:35348-0:35349-4000.0:35350-2000.0:35351-300000.0:35352-2500.0,12.96
0-1.0:1-1.0:2-1.0:3-1.0:4-1.0:5-1.0:6-1.0:7-1.0:8-1.0:9-1.0:10-1.0:35347-5:35348-0:35349-4000.0:35350-2000.0:35351-500000.0:35352-100.0,12.96
0-1.0:1-1.0:2-1.0:3-1.0:4-1.0:5-1.0:6-1.0:7-1.0:8-1.0:9-1.0:10-1.0:35347-5:35348-0:35349-4000.0:35350-2000.0:35351-500000.0:35352-150.0,10.83
0-1.0:1-1.0:2-1.0:3-1.0:4-1.0:5-1.0:6-1.0:7-1.0:8-1.0:9-1.0:10-1.0:35347-5:35348-0:35349-4000.0:35350-2000.0:35351-500000.0:35352-250.0,10.83
0-1.0:1-1.0:2-1.0:3-1.0:4-1.0:5-1.0:6-1.0:7-1.0:8-1.0:9-1.0:10-1.0:35347-5:35348-0:35349-4000.0:35350-2000.0:35351-500000.0:35352-500.0,10.83
0-1.0:1-1.0:2-1.0:3-1.0:4-1.0:5-1.0:6-1.0:7-1.0:8-1.0:9-1.0:10-1.0:35347-5:35348-0:35349-4000.0:35350-2000.0:35351-500000.0:35352-750.0,10.83
0-1.0:1-1.0:2-1.0:3-1.0:4-1.0:5-1.0:6-1.0:7-1.0:8-1.0:9-1.0:10-1.0:35347-5:35348-0:35349-4000.0:35350-2000.0:35351-500000.0:35352-2500.0,10.83
0-1.0:1-1.0:2-1.0:3-1.0:4-1.0:5-1.0:6-1.0:7-1.0:8-1.0:9-1.0:10-1.0:35347-5:35348-0:35349-4000.0:35350-2000.0:35351-500000.0:35352-5000.0,10.83
0-1.0:1-1.0:2-1.0:3-1.0:4-1.0:5-1.0:6-1.0:7-1.0:8-1.0:9-1.0:10-1.0:35347-5:35348-0:35349-8000.0:35350-1000.0:35351-100000.0:35352-100.0,12.96
0-1.0:1-1.0:2-1.0:3-1.0:4-1.0:5-1.0:6-1.0:7-1.0:8-1.0:9-1.0:10-1.0:35347-5:35348-0:35349-8000.0:35350-1000.0:35351-100000.0:35352-150.0,10.83
0-1.0:1-1.0:2-1.0:3-1.0:4-1.0:5-1.0:6-1.0:7-1.0:8-1.0:9-1.0:10-1.0:35347-5:35348-0:35349-8000.0:35350-1000.0:35351-100000.0:35352-250.0,10.83
0-1.0:1-1.0:2-1.0:3-1.0:4-1.0:5-1.0:6-1.0:7-1.0:8-1.0:9-1.0:10-1.0:35347-5:35348-0:35349-8000.0:35350-1000.0:35351-100000.0:35352-500.0,10.83
0-1.0:1-1.0:2-1.0:3-1.0:4-1.0:5-1.0:6-1.0:7-1.0:8-1.0:9-1.0:10-1.0:35347-5:35348-0:35349-8000.0:35350-1000.0:35351-100000.0:35352-750.0,10.83
0-1.0:1-1.0:2-1.0:3-1.0:4-1.0:5-1.0:6-1.0:7-1.0:8-1.0:9-1.0:10-1.0:35347-5:35348-0:35349-8000.0:35350-1000.0:35351-100000.0:35352-1000.0,10.83
0-1.0:1-1.0:2-1.0:3-1.0:4-1.0:5-1.0:6-1.0:7-1.0:8-1.0:9-1.0:10-1.0:35347-5:35348-0:35349-8000.0:35350-1000.0:35351-100000.0:35352-1500.0,10.83
0-1.0:1-1.0:2-1.0:3-1.0:4-1.0:5-1.0:6-1.0:7-1.0:8-1.0:9-1.0:10-1.0:35347-5:35348-0:35349-8000.0:35350-1000.0:35351-100000.0:35352-2500.0,10.83
0-1.0:1-1.0:2-1.0:3-1.0:4-1.0:5-1.0:6-1.0:7-1.0:8-1.0:9-1.0:10-1.0:35347-5:35348-0:35349-8000.0:35350-1000.0:35351-100000.0:35352-5000.0,10.83
0-1.0:1-1.0:2-1.0:3-1.0:4-1.0:5-1.0:6-1.0:7-1.0:8-1.0:9-1.0:10-1.0:35347-5:35348-0:35349-8000.0:35350-1000.0:35351-300000.0:35352-100.0,10.83
0-1.0:1-1.0:2-1.0:3-1.0:4-1.0:5-1.0:6-1.0:7-1.0:8-1.0:9-1.0:10-1.0:35347-5:35348-0:35349-8000.0:35350-1000.0:35351-300000.0:35352-150.0,12.96
0-1.0:1-1.0:2-1.0:3-1.0:4-1.0:5-1.0:6-1.0:7-1.0:8-1.0:9-1.0:10-1.0:35347-5:35348-0:35349-8000.0:35350-1000.0:35351-300000.0:35352-500.0,10.83
0-1.0:1-1.0:2-1.0:3-1.0:4-1.0:5-1.0:6-1.0:7-1.0:8-1.0:9-1.0:10-1.0:35347-5:35348-0:35349-8000.0:35350-1000.0:35351-300000.0:35352-750.0,10.83
0-1.0:1-1.0:2-1.0:3-1.0:4-1.0:5-1.0:6-1.0:7-1.0:8-1.0:9-1.0:10-1.0:35347-5:35348-0:35349-8000.0:35350-1000.0:35351-300000.0:35352-1000.0,10.83
0-1.0:1-1.0:2-1.0:3-1.0:4-1.0:5-1.0:6-1.0:7-1.0:8-1.0:9-1.0:10-1.0:35347-5:35348-0:35349-8000.0:35350-1000.0:35351-300000.0:35352-1500.0,12.96
0-1.0:1-1.0:2-1.0:3-1.0:4-1.0:5-1.0:6-1.0:7-1.0:8-1.0:9-1.0:10-1.0:35347-5:35348-0:35349-24000.0:35350-1000.0:35351-100000.0:35352-250.0,14.28
0-1.0:1-1.0:2-1.0:3-1.0:4-1.0:5-1.0:6-1.0:7-1.0:8-1.0:9-1.0:10-1.0:35347-5:35348-0:35349-24000.0:35350-1000.0:35351-100000.0:35352-500.0,13.14
0-1.0:1-1.0:2-1.0:3-1.0:4-1.0:5-1.0:6-1.0:7-1.0:8-1.0:9-1.0:10-1.0:35347-5:35348-0:35349-24000.0:35350-1000.0:35351-100000.0:35352-750.0,15.66
0-1.0:1-1.0:2-1.0:3-1.0:4-1.0:5-1.0:6-1.0:7-1.0:8-1.0:9-1.0:10-1.0:35347-5:35348-0:35349-24000.0:35350-1000.0:35351-100000.0:35352-1500.0,10.83
0-1.0:1-1.0:2-1.0:3-1.0:4-1.0:5-1.0:6-1.0:7-1.0:8-1.0:9-1.0:10-1.0:35347-5:35348-0:35349-24000.0:35350-1000.0:35351-100000.0:35352-2500.0,10.83
0-1.0:1-1.0:2-1.0:3-1.0:4-1.0:5-1.0:6-1.0:7-1.0:8-1.0:9-1.0:10-1.0:35347-5:35348-0:35349-24000.0:35350-1000.0:35351-100000.0:35352-5000.0,10.83
0-1.0:1-1.0:2-1.0:3-1.0:4-1.0:5-1.0:6-1.0:7-1.0:8-1.0:9-1.0:10-1.0:35347-5:35348-0:35349-24000.0:35350-1000.0:35351-300000.0:35352-100.0,24.85
0-1.0:1-1.0:2-1.0:3-1.0:4-1.0:5-1.0:6-1.0:7-1.0:8-1.0:9-1.0:10-1.0:35347-5:35348-0:35349-24000.0:35350-1000.0:35351-300000.0:35352-150.0,19.23
0-1.0:1-1.0:2-1.0:3-1.0:4-1.0:5-1.0:6-1.0:7-1.0:8-1.0:9-1.0:10-1.0:35347-5:35348-0:35349-24000.0:35350-1000.0:35351-300000.0:35352-250.0,16.37
0-1.0:1-1.0:2-1.0:3-1.0:4-1.0:5-1.0:6-1.0:7-1.0:8-1.0:9-1.0:10-1.0:35347-5:35348-0:35349-24000.0:35350-1000.0:35351-300000.0:35352-500.0,15.23
0-1.0:1-1.0:2-1.0:3-1.0:4-1.0:5-1.0:6-1.0:7-1.0:8-1.0:9-1.0:10-1.0:35347-5:35348-0:35349-24000.0:35350-1000.0:35351-300000.0:35352-750.0,14.37
0-1.0:1-1.0:2-1.0:3-1.0:4-1.0:5-1.0:6-1.0:7-1.0:8-1.0:9-1.0:10-1.0:35347-5:35348-0:35349-24000.0:35350-1000.0:35351-300000.0:35352-1000.0,13.65
0-1.0:1-1.0:2-1.0:3-1.0:4-1.0:5-1.0:6-1.0:7-1.0:8-1.0:9-1.0:10-1.0:35347-5:35348-0:35349-24000.0:35350-1000.0:35351-300000.0:35352-1500.0,12.8
0-1.0:1-1.0:2-1.0:3-1.0:4-1.0:5-1.0:6-1.0:7-1.0:8-1.0:9-1.0:10-1.0:35347-5:35348-0:35349-24000.0:35350-1000.0:35351-300000.0:35352-2500.0,14.1
0-1.0:1-1.0:2-1.0:3-1.0:4-1.0:5-1.0:6-1.0:7-1.0:8-1.0:9-1.0:10-1.0:35347-5:35348-0:35349-24000.0:35350-1000.0:35351-300000.0:35352-5000.0,10.99
0-1.0:1-1.0:2-1.0:3-1.0:4-1.0:5-1.0:6-1.0:7-1.0:8-1.0:9-1.0:10-1.0:35347-5:35348-0:35349-24000.0:35350-1000.0:35351-500000.0:35352-100.0,23.98
0-1.0:1-1.0:2-1.0:3-1.0:4-1.0:5-1.0:6-1.0:7-1.0:8-1.0:9-1.0:10-1.0:35347-5:35348-0:35349-24000.0:35350-1000.0:35351-500000.0:35352-150.0,25.6
0-1.0:1-1.0:2-1.0:3-1.0:4-1.0:5-1.0:6-1.0:7-1.0:8-1.0:9-1.0:10-1.0:35347-5:35348-0:35349-24000.0:35350-1000.0:35351-500000.0:35352-250.0,18.03
0-1.0:1-1.0:2-1.0:3-1.0:4-1.0:5-1.0:6-1.0:7-1.0:8-1.0:9-1.0:10-1.0:35347-5:35348-0:35349-24000.0:35350-1000.0:35351-500000.0:35352-500.0,16.89
0-1.0:1-1.0:2-1.0:3-1.0:4-1.0:5-1.0:6-1.0:7-1.0:8-1.0:9-1.0:10-1.0:35347-5:35348-0:35349-24000.0:35350-1000.0:35351-500000.0:35352-750.0,19.41
0-1.0:1-1.0:2-1.0:3-1.0:4-1.0:5-1.0:6-1.0:7-1.0:8-1.0:9-1.0:10-1.0:35347-5:35348-0:35349-24000.0:35350-1000.0:35351-500000.0:35352-1000.0,15.32
0-1.0:1-1.0:2-1.0:3-1.0:4-1.0:5-1.0:6-1.0:7-1.0:8-1.0:9-1.0:10-1.0:35347-5:35348-0:35349-24000.0:35350-1000.0:35351-500000.0:35352-1500.0,17.41
0-1.0:1-1.0:2-1.0:3-1.0:4-1.0:5-1.0:6-1.0:7-1.0:8-1.0:9-1.0:10-1.0:35347-5:35348-0:35349-24000.0:35350-1000.0:35351-500000.0:35352-2500.0,13.18
0-1.0:1-1.0:2-1.0:3-1.0:4-1.0:5-1.0:6-1.0:7-1.0:8-1.0:9-1.0:10-1.0:35347-5:35348-0:35349-24000.0:35350-1000.0:35351-500000.0:35352-5000.0,12.65
0-1.0:1-1.0:2-1.0:3-1.0:4-1.0:5-1.0:6-1.0:7-1.0:8-1.0:9-1.0:10-1.0:35347-5:35348-0:35349-24000.0:35350-2000.0:35351-100000.0:35352-100.0,18.11
0-1.0:1-1.0:2-1.0:3-1.0:4-1.0:5-1.0:6-1.0:7-1.0:8-1.0:9-1.0:10-1.0:35347-5:35348-0:35349-24000.0:35350-2000.0:35351-100000.0:35352-150.0,17.39
0-1.0:1-1.0:2-1.0:3-1.0:4-1.0:5-1.0:6-1.0:7-1.0:8-1.0:9-1.0:10-1.0:35347-5:35348-0:35349-24000.0:35350-2000.0:35351-100000.0:35352-250.0,14.53
0-1.0:1-1.0:2-1.0:3-1.0:4-1.0:5-1.0:6-1.0:7-1.0:8-1.0:9-1.0:10-1.0:35347-5:35348-0:35349-24000.0:35350-2000.0:35351-100000.0:35352-500.0,13.39
0-1.0:1-1.0:2-1.0:3-1.0:4-1.0:5-1.0:6-1.0:7-1.0:8-1.0:9-1.0:10-1.0:35347-5:35348-0:35349-24000.0:35350-2000.0:35351-100000.0:35352-750.0,12.53
0-1.0:1-1.0:2-1.0:3-1.0:4-1.0:5-1.0:6-1.0:7-1.0:8-1.0:9-1.0:10-1.0:35347-5:35348-0:35349-24000.0:35350-2000.0:35351-100000.0:35352-1000.0,11.82
0-1.0:1-1.0:2-1.0:3-1.0:4-1.0:5-1.0:6-1.0:7-1.0:8-1.0:9-1.0:10-1.0:35347-5:35348-0:35349-24000.0:35350-2000.0:35351-100000.0:35352-1500.0,13.91
0-1.0:1-1.0:2-1.0:3-1.0:4-1.0:5-1.0:6-1.0:7-1.0:8-1.0:9-1.0:10-1.0:35347-5:35348-0:35349-24000.0:35350-2000.0:35351-100000.0:35352-2500.0,10.83
0-1.0:1-1.0:2-1.0:3-1.0:4-1.0:5-1.0:6-1.0:7-1.0:8-1.0:9-1.0:10-1.0:35347-5:35348-0:35349-24000.0:35350-2000.0:35351-100000.0:35352-5000.0,10.83
0-1.0:1-1.0:2-1.0:3-1.0:4-1.0:5-1.0:6-1.0:7-1.0:8-1.0:9-1.0:10-1.0:35347-5:35348-0:35349-24000.0:35350-2000.0:35351-300000.0:35352-100.0,20.19
0-1.0:1-1.0:2-1.0:3-1.0:4-1.0:5-1.0:6-1.0:7-1.0:8-1.0:9-1.0:10-1.0:35347-5:35348-0:35349-24000.0:35350-2000.0:35351-300000.0:35352-150.0,21.76
0-1.0:1-1.0:2-1.0:3-1.0:4-1.0:5-1.0:6-1.0:7-1.0:8-1.0:9-1.0:10-1.0:35347-5:35348-0:35349-24000.0:35350-2000.0:35351-300000.0:35352-250.0,16.62
0-1.0:1-1.0:2-1.0:3-1.0:4-1.0:5-1.0:6-1.0:7-1.0:8-1.0:9-1.0:10-1.0:35347-5:35348-0:35349-24000.0:35350-2000.0:35351-300000.0:35352-500.0,15.48
0-1.0:1-1.0:2-1.0:3-1.0:4-1.0:5-1.0:6-1.0:7-1.0:8-1.0:9-1.0:10-1.0:35347-5:35348-0:35349-24000.0:35350-2000.0:35351-300000.0:35352-750.0,14.62
0-1.0:1-1.0:2-1.0:3-1.0:4-1.0:5-1.0:6-1.0:7-1.0:8-1.0:9-1.0:10-1.0:35347-5:35348-0:35349-24000.0:35350-2000.0:35351-300000.0:35352-1000.0,25.48
0-1.0:1-1.0:2-1.0:3-1.0:4-1.0:5-1.0:6-1.0:7-1.0:8-1.0:9-1.0:10-1.0:35347-5:35348-0:35349-24000.0:35350-2000.0:35351-300000.0:35352-1500.0,13.05
0-1.0:1-1.0:2-1.0:3-1.0:4-1.0:5-1.0:6-1.0:7-1.0:8-1.0:9-1.0:10-1.0:35347-5:35348-0:35349-24000.0:35350-2000.0:35351-300000.0:35352-2500.0,11.76
0-1.0:1-1.0:2-1.0:3-1.0:4-1.0:5-1.0:6-1.0:7-1.0:8-1.0:9-1.0:10-1.0:35347-5:35348-0:35349-24000.0:35350-2000.0:35351-300000.0:35352-5000.0,10.83
0-1.0:1-1.0:2-1.0:3-1.0:4-1.0:5-1.0:6-1.0:7-1.0:8-1.0:9-1.0:10-1.0:35347-5:35348-0:35349-24000.0:35350-2000.0:35351-500000.0:35352-100.0,26.76
0-1.0:1-1.0:2-1.0:3-1.0:4-1.0:5-1.0:6-1.0:7-1.0:8-1.0:9-1.0:10-1.0:35347-5:35348-0:35349-24000.0:35350-2000.0:35351-500000.0:35352-150.0,25.85
0-1.0:1-1.0:2-1.0:3-1.0:4-1.0:5-1.0:6-1.0:7-1.0:8-1.0:9-1.0:10-1.0:35347-5:35348-0:35349-24000.0:35350-2000.0:35351-500000.0:35352-250.0,18.28
0-1.0:1-1.0:2-1.0:3-1.0:4-1.0:5-1.0:6-1.0:7-1.0:8-1.0:9-1.0:10-1.0:35347-5:35348-0:35349-24000.0:35350-2000.0:35351-500000.0:35352-500.0,20.75
0-1.0:1-1.0:2-1.0:3-1.0:4-1.0:5-1.0:6-1.0:7-1.0:8-1.0:9-1.0:10-1.0:35347-5:35348-0:35349-24000.0:35350-2000.0:35351-500000.0:35352-750.0,19.66
0-1.0:1-1.0:2-1.0:3-1.0:4-1.0:5-1.0:6-1.0:7-1.0:8-1.0:9-1.0:10-1.0:35347-5:35348-0:35349-24000.0:35350-2000.0:35351-500000.0:35352-1000.0,15.57
0-1.0:1-1.0:2-1.0:3-1.0:4-1.0:5-1.0:6-1.0:7-1.0:8-1.0:9-1.0:10-1.0:35347-5:35348-0:35349-24000.0:35350-2000.0:35351-500000.0:35352-1500.0,17.66
0-1.0:1-1.0:2-1.0:3-1.0:4-1.0:5-1.0:6-1.0:7-1.0:8-1.0:9-1.0:10-1.0:35347-5:35348-0:35349-24000.0:35350-2000.0:35351-500000.0:35352-2500.0,13.43
0-1.0:1-1.0:2-1.0:3-1.0:4-1.0:5-1.0:6-1.0:7-1.0:8-1.0:9-1.0:10-1.0:35347-5:35348-0:35349-24000.0:35350-2000.0:35351-500000.0:35352-5000.0,11.86
0-1.0:1-1.0:2-1.0:3-1.0:4-1.0:5-1.0:6-1.0:7-1.0:8-1.0:9-1.0:10-1.0:35347-5:35348-0:35349-28000.0:35350-1000.0:35351-100000.0:35352-100.0,21.31
0-1.0:1-1.0:2-1.0:3-1.0:4-1.0:5-1.0:6-1.0:7-1.0:8-1.0:9-1.0:10-1.0:35347-5:35348-0:35349-28000.0:35350-1000.0:35351-100000.0:35352-150.0,18.1
0-1.0:1-1.0:2-1.0:3-1.0:4-1.0:5-1.0:6-1.0:7-1.0:8-1.0:9-1.0:10-1.0:35347-5:35348-0:35349-28000.0:35350-1000.0:35351-100000.0:35352-250.0,15.08
0-1.0:1-1.0:2-1.0:3-1.0:4-1.0:5-1.0:6-1.0:7-1.0:8-1.0:9-1.0:10-1.0:35347-5:35348-0:35349-28000.0:35350-1000.0:35351-100000.0:35352-500.0,13.88
0-1.0:1-1.0:2-1.0:3-1.0:4-1.0:5-1.0:6-1.0:7-1.0:8-1.0:9-1.0:10-1.0:35347-5:35348-0:35349-28000.0:35350-1000.0:35351-100000.0:35352-750.0,12.97
0-1.0:1-1.0:2-1.0:3-1.0:4-1.0:5-1.0:6-1.0:7-1.0:8-1.0:9-1.0:10-1.0:35347-5:35348-0:35349-28000.0:35350-1000.0:35351-100000.0:35352-1500.0,14.44
0-1.0:1-1.0:2-1.0:3-1.0:4-1.0:5-1.0:6-1.0:7-1.0:8-1.0:9-1.0:10-1.0:35347-5:35348-0:35349-28000.0:35350-1000.0:35351-100000.0:35352-2500.0,12.71
0-1.0:1-1.0:2-1.0:3-1.0:4-1.0:5-1.0:6-1.0:7-1.0:8-1.0:9-1.0:10-1.0:35347-5:35348-0:35349-28000.0:35350-1000.0:35351-100000.0:35352-5000.0,10.83
0-1.0:1-1.0:2-1.0:3-1.0:4-1.0:5-1.0:6-1.0:7-1.0:8-1.0:9-1.0:10-1.0:35347-5:35348-0:35349-28000.0:35350-1000.0:35351-300000.0:35352-100.0,20.94
0-1.0:1-1.0:2-1.0:3-1.0:4-1.0:5-1.0:6-1.0:7-1.0:8-1.0:9-1.0:10-1.0:35347-5:35348-0:35349-28000.0:35350-1000.0:35351-300000.0:35352-150.0,20.18
0-1.0:1-1.0:2-1.0:3-1.0:4-1.0:5-1.0:6-1.0:7-1.0:8-1.0:9-1.0:10-1.0:35347-5:35348-0:35349-28000.0:35350-1000.0:35351-300000.0:35352-250.0,21.33
0-1.0:1-1.0:2-1.0:3-1.0:4-1.0:5-1.0:6-1.0:7-1.0:8-1.0:9-1.0:10-1.0:35347-5:35348-0:35349-28000.0:35350-1000.0:35351-300000.0:35352-500.0,15.96
0-1.0:1-1.0:2-1.0:3-1.0:4-1.0:5-1.0:6-1.0:7-1.0:8-1.0:9-1.0:10-1.0:35347-5:35348-0:35349-28000.0:35350-1000.0:35351-300000.0:35352-750.0,18.64
0-1.0:1-1.0:2-1.0:3-1.0:4-1.0:5-1.0:6-1.0:7-1.0:8-1.0:9-1.0:10-1.0:35347-5:35348-0:35349-28000.0:35350-1000.0:35351-300000.0:35352-1000.0,14.3
0-1.0:1-1.0:2-1.0:3-1.0:4-1.0:5-1.0:6-1.0:7-1.0:8-1.0:9-1.0:10-1.0:35347-5:35348-0:35349-28000.0:35350-1000.0:35351-300000.0:35352-1500.0,13.4
0-1.0:1-1.0:2-1.0:3-1.0:4-1.0:5-1.0:6-1.0:7-1.0:8-1.0:9-1.0:10-1.0:35347-5:35348-0:35349-28000.0:35350-1000.0:35351-300000.0:35352-2500.0,14.79
0-1.0:1-1.0:2-1.0:3-1.0:4-1.0:5-1.0:6-1.0:7-1.0:8-1.0:9-1.0:10-1.0:35347-5:35348-0:35349-28000.0:35350-1000.0:35351-300000.0:35352-5000.0,10.83
0-1.0:1-1.0:2-1.0:3-1.0:4-1.0:5-1.0:6-1.0:7-1.0:8-1.0:9-1.0:10-1.0:35347-5:35348-0:35349-28000.0:35350-1000.0:35351-500000.0:35352-100.0,41.3
0-1.0:1-1.0:2-1.0:3-1.0:4-1.0:5-1.0:6-1.0:7-1.0:8-1.0:9-1.0:10-1.0:35347-5:35348-0:35349-28000.0:35350-1000.0:35351-500000.0:35352-150.0,24.2
0-1.0:1-1.0:2-1.0:3-1.0:4-1.0:5-1.0:6-1.0:7-1.0:8-1.0:9-1.0:10-1.0:35347-5:35348-0:35349-28000.0:35350-1000.0:35351-500000.0:35352-250.0,20.8
0-1.0:1-1.0:2-1.0:3-1.0:4-1.0:5-1.0:6-1.0:7-1.0:8-1.0:9-1.0:10-1.0:35347-5:35348-0:35349-28000.0:35350-1000.0:35351-500000.0:35352-500.0,17.63
0-1.0:1-1.0:2-1.0:3-1.0:4-1.0:5-1.0:6-1.0:7-1.0:8-1.0:9-1.0:10-1.0:35347-5:35348-0:35349-28000.0:35350-1000.0:35351-500000.0:35352-750.0,16.72
0-1.0:1-1.0:2-1.0:3-1.0:4-1.0:5-1.0:6-1.0:7-1.0:8-1.0:9-1.0:10-1.0:35347-5:35348-0:35349-28000.0:35350-1000.0:35351-500000.0:35352-1000.0,15.97
0-1.0:1-1.0:2-1.0:3-1.0:4-1.0:5-1.0:6-1.0:7-1.0:8-1.0:9-1.0:10-1.0:35347-5:35348-0:35349-28000.0:35350-1000.0:35351-500000.0:35352-1500.0,15.06
0-1.0:1-1.0:2-1.0:3-1.0:4-1.0:5-1.0:6-1.0:7-1.0:8-1.0:9-1.0:10-1.0:35347-5:35348-0:35349-28000.0:35350-1000.0:35351-500000.0:35352-2500.0,23.58
0-1.0:1-1.0:2-1.0:3-1.0:4-1.0:5-1.0:6-1.0:7-1.0:8-1.0:9-1.0:10-1.0:35347-5:35348-0:35349-28000.0:35350-1000.0:35351-500000.0:35352-5000.0,13.12
0-1.0:1-1.0:2-1.0:3-1.0:4-1.0:5-1.0:6-1.0:7-1.0:8-1.0:9-1.0:10-1.0:35347-5:35348-0:35349-28000.0:35350-2000.0:35351-100000.0:35352-100.0,24.31
0-1.0:1-1.0:2-1.0:3-1.0:4-1.0:5-1.0:6-1.0:7-1.0:8-1.0:9-1.0:10-1.0:35347-5:35348-0:35349-28000.0:35350-2000.0:35351-100000.0:35352-150.0,18.35
0-1.0:1-1.0:2-1.0:3-1.0:4-1.0:5-1.0:6-1.0:7-1.0:8-1.0:9-1.0:10-1.0:35347-5:35348-0:35349-28000.0:35350-2000.0:35351-100000.0:35352-250.0,19.5
0-1.0:1-1.0:2-1.0:3-1.0:4-1.0:5-1.0:6-1.0:7-1.0:8-1.0:9-1.0:10-1.0:35347-5:35348-0:35349-28000.0:35350-2000.0:35351-100000.0:35352-500.0,17.96
0-1.0:1-1.0:2-1.0:3-1.0:4-1.0:5-1.0:6-1.0:7-1.0:8-1.0:9-1.0:10-1.0:35347-5:35348-0:35349-28000.0:35350-2000.0:35351-100000.0:35352-750.0,13.22
0-1.0:1-1.0:2-1.0:3-1.0:4-1.0:5-1.0:6-1.0:7-1.0:8-1.0:9-1.0:10-1.0:35347-5:35348-0:35349-28000.0:35350-2000.0:35351-100000.0:35352-1000.0,15.84
0-1.0:1-1.0:2-1.0:3-1.0:4-1.0:5-1.0:6-1.0:7-1.0:8-1.0:9-1.0:10-1.0:35347-5:35348-0:35349-28000.0:35350-2000.0:35351-100000.0:35352-1500.0,11.56
0-1.0:1-1.0:2-1.0:3-1.0:4-1.0:5-1.0:6-1.0:7-1.0:8-1.0:9-1.0:10-1.0:35347-5:35348-0:35349-28000.0:35350-2000.0:35351-100000.0:35352-2500.0,10.83
0-1.0:1-1.0:2-1.0:3-1.0:4-1.0:5-1.0:6-1.0:7-1.0:8-1.0:9-1.0:10-1.0:35347-5:35348-0:35349-28000.0:35350-2000.0:35351-100000.0:35352-5000.0,10.83
0-1.0:1-1.0:2-1.0:3-1.0:4-1.0:5-1.0:6-1.0:7-1.0:8-1.0:9-1.0:10-1.0:35347-5:35348-0:35349-28000.0:35350-2000.0:35351-300000.0:35352-100.0,21.19
0-1.0:1-1.0:2-1.0:3-1.0:4-1.0:5-1.0:6-1.0:7-1.0:8-1.0:9-1.0:10-1.0:35347-5:35348-0:35349-28000.0:35350-2000.0:35351-300000.0:35352-150.0,20.43
0-1.0:1-1.0:2-1.0:3-1.0:4-1.0:5-1.0:6-1.0:7-1.0:8-1.0:9-1.0:10-1.0:35347-5:35348-0:35349-28000.0:35350-2000.0:35351-300000.0:35352-250.0,21.58
0-1.0:1-1.0:2-1.0:3-1.0:4-1.0:5-1.0:6-1.0:7-1.0:8-1.0:9-1.0:10-1.0:35347-5:35348-0:35349-28000.0:35350-2000.0:35351-300000.0:35352-500.0,16.21
0-1.0:1-1.0:2-1.0:3-1.0:4-1.0:5-1.0:6-1.0:7-1.0:8-1.0:9-1.0:10-1.0:35347-5:35348-0:35349-28000.0:35350-2000.0:35351-300000.0:35352-750.0,15.31
0-1.0:1-1.0:2-1.0:3-1.0:4-1.0:5-1.0:6-1.0:7-1.0:8-1.0:9-1.0:10-1.0:35347-5:35348-0:35349-28000.0:35350-2000.0:35351-300000.0:35352-1000.0,14.55
0-1.0:1-1.0:2-1.0:3-1.0:4-1.0:5-1.0:6-1.0:7-1.0:8-1.0:9-1.0:10-1.0:35347-5:35348-0:35349-28000.0:35350-2000.0:35351-300000.0:35352-2500.0,12.29
0-1.0:1-1.0:2-1.0:3-1.0:4-1.0:5-1.0:6-1.0:7-1.0:8-1.0:9-1.0:10-1.0:35347-5:35348-0:35349-28000.0:35350-2000.0:35351-300000.0:35352-5000.0,10.83
0-1.0:1-1.0:2-1.0:3-1.0:4-1.0:5-1.0:6-1.0:7-1.0:8-1.0:9-1.0:10-1.0:35347-5:35348-0:35349-28000.0:35350-2000.0:35351-500000.0:35352-100.0,28.06
0-1.0:1-1.0:2-1.0:3-1.0:4-1.0:5-1.0:6-1.0:7-1.0:8-1.0:9-1.0:10-1.0:35347-5:35348-0:35349-28000.0:35350-2000.0:35351-500000.0:35352-150.0,22.1
0-1.0:1-1.0:2-1.0:3-1.0:4-1.0:5-1.0:6-1.0:7-1.0:8-1.0:9-1.0:10-1.0:35347-5:35348-0:35349-28000.0:35350-2000.0:35351-500000.0:35352-250.0,19.08
0-1.0:1-1.0:2-1.0:3-1.0:4-1.0:5-1.0:6-1.0:7-1.0:8-1.0:9-1.0:10-1.0:35347-5:35348-0:35349-28000.0:35350-2000.0:35351-500000.0:35352-500.0,17.88
0-1.0:1-1.0:2-1.0:3-1.0:4-1.0:5-1.0:6-1.0:7-1.0:8-1.0:9-1.0:10-1.0:35347-5:35348-0:35349-28000.0:35350-2000.0:35351-500000.0:35352-750.0,16.97
0-1.0:1-1.0:2-1.0:3-1.0:4-1.0:5-1.0:6-1.0:7-1.0:8-1.0:9-1.0:10-1.0:35347-5:35348-0:35349-28000.0:35350-2000.0:35351-500000.0:35352-1000.0,19.59
0-1.0:1-1.0:2-1.0:3-1.0:4-1.0:5-1.0:6-1.0:7-1.0:8-1.0:9-1.0:10-1.0:35347-5:35348-0:35349-28000.0:35350-2000.0:35351-500000.0:35352-1500.0,15.31
0-1.0:1-1.0:2-1.0:3-1.0:4-1.0:5-1.0:6-1.0:7-1.0:8-1.0:9-1.0:10-1.0:35347-5:35348-0:35349-28000.0:35350-2000.0:35351-500000.0:35352-2500.0,13.96
0-1.0:1-1.0:2-1.0:3-1.0:4-1.0:5-1.0:6-1.0:7-1.0:8-1.0:9-1.0:10-1.0:35347-5:35348-0:35349-28000.0:35350-2000.0:35351-500000.0:35352-5000.0,12.3
0-1.0:1-1.0:2-1.0:3-1.0:4-1.0:5-1.0:6-1.0:7-1.0:8-1.0:9-1.0:10-1.0:35347-5:35348-0:35349-32000.0:35350-1000.0:35351-100000.0:35352-100.0,19.77
0-1.0:1-1.0:2-1.0:3-1.0:4-1.0:5-1.0:6-1.0:7-1.0:8-1.0:9-1.0:10-1.0:35347-5:35348-0:35349-32000.0:35350-1000.0:35351-100000.0:35352-150.0,18.98
0-1.0:1-1.0:2-1.0:3-1.0:4-1.0:5-1.0:6-1.0:7-1.0:8-1.0:9-1.0:10-1.0:35347-5:35348-0:35349-32000.0:35350-1000.0:35351-100000.0:35352-250.0,20.23
0-1.0:1-1.0:2-1.0:3-1.0:4-1.0:5-1.0:6-1.0:7-1.0:8-1.0:9-1.0:10-1.0:35347-5:35348-0:35349-32000.0:35350-1000.0:35351-100000.0:35352-500.0,14.55
0-1.0:1-1.0:2-1.0:3-1.0:4-1.0:5-1.0:6-1.0:7-1.0:8-1.0:9-1.0:10-1.0:35347-5:35348-0:35349-32000.0:35350-1000.0:35351-100000.0:35352-750.0,27.15
0-1.0:1-1.0:2-1.0:3-1.0:4-1.0:5-1.0:6-1.0:7-1.0:8-1.0:9-1.0:10-1.0:35347-5:35348-0:35349-32000.0:35350-1000.0:35351-100000.0:35352-1500.0,11.86
0-1.0:1-1.0:2-1.0:3-1.0:4-1.0:5-1.0:6-1.0:7-1.0:8-1.0:9-1.0:10-1.0:35347-5:35348-0:35349-32000.0:35350-1000.0:35351-100000.0:35352-2500.0,11.82
0-1.0:1-1.0:2-1.0:3-1.0:4-1.0:5-1.0:6-1.0:7-1.0:8-1.0:9-1.0:10-1.0:35347-5:35348-0:35349-32000.0:35350-1000.0:35351-100000.0:35352-5000.0,10.83
0-1.0:1-1.0:2-1.0:3-1.0:4-1.0:5-1.0:6-1.0:7-1.0:8-1.0:9-1.0:10-1.0:35347-5:35348-0:35349-32000.0:35350-1000.0:35351-300000.0:35352-100.0,21.86
0-1.0:1-1.0:2-1.0:3-1.0:4-1.0:5-1.0:6-1.0:7-1.0:8-1.0:9-1.0:10-1.0:35347-5:35348-0:35349-32000.0:35350-1000.0:35351-300000.0:35352-150.0,39.97
0-1.0:1-1.0:2-1.0:3-1.0:4-1.0:5-1.0:6-1.0:7-1.0:8-1.0:9-1.0:10-1.0:35347-5:35348-0:35349-32000.0:35350-1000.0:35351-300000.0:35352-250.0,17.9
0-1.0:1-1.0:2-1.0:3-1.0:4-1.0:5-1.0:6-1.0:7-1.0:8-1.0:9-1.0:10-1.0:35347-5:35348-0:35349-32000.0:35350-1000.0:35351-300000.0:35352-500.0,16.64
0-1.0:1-1.0:2-1.0:3-1.0:4-1.0:5-1.0:6-1.0:7-1.0:8-1.0:9-1.0:10-1.0:35347-5:35348-0:35349-32000.0:35350-1000.0:35351-300000.0:35352-750.0,17.48
0-1.0:1-1.0:2-1.0:3-1.0:4-1.0:5-1.0:6-1.0:7-1.0:8-1.0:9-1.0:10-1.0:35347-5:35348-0:35349-32000.0:35350-1000.0:35351-300000.0:35352-1000.0,14.9
0-1.0:1-1.0:2-1.0:3-1.0:4-1.0:5-1.0:6-1.0:7-1.0:8-1.0:9-1.0:10-1.0:35347-5:35348-0:35349-32000.0:35350-1000.0:35351-300000.0:35352-1500.0,17.26
0-1.0:1-1.0:2-1.0:3-1.0:4-1.0:5-1.0:6-1.0:7-1.0:8-1.0:9-1.0:10-1.0:35347-5:35348-0:35349-32000.0:35350-1000.0:35351-300000.0:35352-2500.0,22.92
0-1.0:1-1.0:2-1.0:3-1.0:4-1.0:5-1.0:6-1.0:7-1.0:8-1.0:9-1.0:10-1.0:35347-5:35348-0:35349-32000.0:35350-1000.0:35351-300000.0:35352-5000.0,13.21
0-1.0:1-1.0:2-1.0:3-1.0:4-1.0:5-1.0:6-1.0:7-1.0:8-1.0:9-1.0:10-1.0:35347-5:35348-0:35349-32000.0:35350-1000.0:35351-500000.0:35352-100.0,23.52
0-1.0:1-1.0:2-1.0:3-1.0:4-1.0:5-1.0:6-1.0:7-1.0:8-1.0:9-1.0:10-1.0:35347-5:35348-0:35349-32000.0:35350-1000.0:35351-500000.0:35352-150.0,22.73
0-1.0:1-1.0:2-1.0:3-1.0:4-1.0:5-1.0:6-1.0:7-1.0:8-1.0:9-1.0:10-1.0:35347-5:35348-0:35349-32000.0:35350-1000.0:35351-500000.0:35352-250.0,19.57
0-1.0:1-1.0:2-1.0:3-1.0:4-1.0:5-1.0:6-1.0:7-1.0:8-1.0:9-1.0:10-1.0:35347-5:35348-0:35349-32000.0:35350-1000.0:35351-500000.0:35352-500.0,18.3
0-1.0:1-1.0:2-1.0:3-1.0:4-1.0:5-1.0:6-1.0:7-1.0:8-1.0:9-1.0:10-1.0:35347-5:35348-0:35349-32000.0:35350-1000.0:35351-500000.0:35352-750.0,17.35
0-1.0:1-1.0:2-1.0:3-1.0:4-1.0:5-1.0:6-1.0:7-1.0:8-1.0:9-1.0:10-1.0:35347-5:35348-0:35349-32000.0:35350-1000.0:35351-500000.0:35352-2500.0,24.59
0-1.0:1-1.0:2-1.0:3-1.0:4-1.0:5-1.0:6-1.0:7-1.0:8-1.0:9-1.0:10-1.0:35347-5:35348-0:35349-32000.0:35350-1000.0:35351-500000.0:35352-5000.0,12.45
0-1.0:1-1.0:2-1.0:3-1.0:4-1.0:5-1.0:6-1.0:7-1.0:8-1.0:9-1.0:10-1.0:35347-5:35348-0:35349-32000.0:35350-2000.0:35351-100000.0:35352-100.0,20.02
0-1.0:1-1.0:2-1.0:3-1.0:4-1.0:5-1.0:6-1.0:7-1.0:8-1.0:9-1.0:10-1.0:35347-5:35348-0:35349-32000.0:35350-2000.0:35351-100000.0:35352-150.0,19.23
0-1.0:1-1.0:2-1.0:3-1.0:4-1.0:5-1.0:6-1.0:7-1.0:8-1.0:9-1.0:10-1.0:35347-5:35348-0:35349-32000.0:35350-2000.0:35351-100000.0:35352-250.0,16.07
0-1.0:1-1.0:2-1.0:3-1.0:4-1.0:5-1.0:6-1.0:7-1.0:8-1.0:9-1.0:10-1.0:35347-5:35348-0:35349-32000.0:35350-2000.0:35351-100000.0:35352-500.0,14.8
0-1.0:1-1.0:2-1.0:3-1.0:4-1.0:5-1.0:6-1.0:7-1.0:8-1.0:9-1.0:10-1.0:35347-5:35348-0:35349-32000.0:35350-2000.0:35351-100000.0:35352-750.0,13.85
0-1.0:1-1.0:2-1.0:3-1.0:4-1.0:5-1.0:6-1.0:7-1.0:8-1.0:9-1.0:10-1.0:35347-5:35348-0:35349-32000.0:35350-2000.0:35351-100000.0:35352-1000.0,13.06
0-1.0:1-1.0:2-1.0:3-1.0:4-1.0:5-1.0:6-1.0:7-1.0:8-1.0:9-1.0:10-1.0:35347-5:35348-0:35349-32000.0:35350-2000.0:35351-100000.0:35352-5000.0,11.38
0-1.0:1-1.0:2-1.0:3-1.0:4-1.0:5-1.0:6-1.0:7-1.0:8-1.0:9-1.0:10-1.0:35347-5:35348-0:35349-32000.0:35350-2000.0:35351-300000.0:35352-250.0,18.15
0-1.0:1-1.0:2-1.0:3-1.0:4-1.0:5-1.0:6-1.0:7-1.0:8-1.0:9-1.0:10-1.0:35347-5:35348-0:35349-32000.0:35350-2000.0:35351-300000.0:35352-750.0,15.94
0-1.0:1-1.0:2-1.0:3-1.0:4-1.0:5-1.0:6-1.0:7-1.0:8-1.0:9-1.0:10-1.0:35347-5:35348-0:35349-32000.0:35350-2000.0:35351-300000.0:35352-1000.0,27.91
0-1.0:1-1.0:2-1.0:3-1.0:4-1.0:5-1.0:6-1.0:7-1.0:8-1.0:9-1.0:10-1.0:35347-5:35348-0:35349-32000.0:35350-2000.0:35351-300000.0:35352-2500.0,12.77
0-1.0:1-1.0:2-1.0:3-1.0:4-1.0:5-1.0:6-1.0:7-1.0:8-1.0:9-1.0:10-1.0:35347-5:35348-0:35349-32000.0:35350-2000.0:35351-500000.0:35352-250.0,19.82
0-1.0:1-1.0:2-1.0:3-1.0:4-1.0:5-1.0:6-1.0:7-1.0:8-1.0:9-1.0:10-1.0:35347-5:35348-0:35349-32000.0:35350-2000.0:35351-500000.0:35352-750.0,17.6
0-1.0:1-1.0:2-1.0:3-1.0:4-1.0:5-1.0:6-1.0:7-1.0:8-1.0:9-1.0:10-1.0:35347-5:35348-0:35349-32000.0:35350-2000.0:35351-500000.0:35352-1500.0,15.86
0-1.0:1-1.0:2-1.0:3-1.0:4-1.0:5-1.0:6-1.0:7-1.0:8-1.0:9-1.0:10-1.0:35347-5:35348-0:35349-32000.0:35350-2000.0:35351-500000.0:35352-2500.0,14.44
0-1.0:1-1.0:2-1.0:3-1.0:4-1.0:5-1.0:6-1.0:7-1.0:8-1.0:9-1.0:10-1.0:35347-5:35348-0:35349-35000.0:35350-1000.0:35351-100000.0:35352-100.0,20.46
0-1.0:1-1.0:2-1.0:3-1.0:4-1.0:5-1.0:6-1.0:7-1.0:8-1.0:9-1.0:10-1.0:35347-5:35348-0:35349-35000.0:35350-1000.0:35351-100000.0:35352-150.0,19.64
0-1.0:1-1.0:2-1.0:3-1.0:4-1.0:5-1.0:6-1.0:7-1.0:8-1.0:9-1.0:10-1.0:35347-5:35348-0:35349-35000.0:35350-1000.0:35351-100000.0:35352-250.0,16.37
0-1.0:1-1.0:2-1.0:3-1.0:4-1.0:5-1.0:6-1.0:7-1.0:8-1.0:9-1.0:10-1.0:35347-5:35348-0:35349-35000.0:35350-1000.0:35351-100000.0:35352-500.0,15.06
0-1.0:1-1.0:2-1.0:3-1.0:4-1.0:5-1.0:6-1.0:7-1.0:8-1.0:9-1.0:10-1.0:35347-5:35348-0:35349-35000.0:35350-1000.0:35351-100000.0:35352-750.0,17.98
0-1.0:1-1.0:2-1.0:3-1.0:4-1.0:5-1.0:6-1.0:7-1.0:8-1.0:9-1.0:10-1.0:35347-5:35348-0:35349-35000.0:35350-1000.0:35351-100000.0:35352-1500.0,12.28
0-1.0:1-1.0:2-1.0:3-1.0:4-1.0:5-1.0:6-1.0:7-1.0:8-1.0:9-1.0:10-1.0:35347-5:35348-0:35349-35000.0:35350-1000.0:35351-100000.0:35352-2500.0,13.8
0-1.0:1-1.0:2-1.0:3-1.0:4-1.0:5-1.0:6-1.0:7-1.0:8-1.0:9-1.0:10-1.0:35347-5:35348-0:35349-35000.0:35350-1000.0:35351-100000.0:35352-5000.0,10.83
0-1.0:1-1.0:2-1.0:3-1.0:4-1.0:5-1.0:6-1.0:7-1.0:8-1.0:9-1.0:10-1.0:35347-5:35348-0:35349-35000.0:35350-1000.0:35351-300000.0:35352-100.0,22.55
0-1.0:1-1.0:2-1.0:3-1.0:4-1.0:5-1.0:6-1.0:7-1.0:8-1.0:9-1.0:10-1.0:35347-5:35348-0:35349-35000.0:35350-1000.0:35351-300000.0:35352-150.0,27.17
0-1.0:1-1.0:2-1.0:3-1.0:4-1.0:5-1.0:6-1.0:7-1.0:8-1.0:9-1.0:10-1.0:35347-5:35348-0:35349-35000.0:35350-1000.0:35351-300000.0:35352-250.0,20.6
0-1.0:1-1.0:2-1.0:3-1.0:4-1.0:5-1.0:6-1.0:7-1.0:8-1.0:9-1.0:10-1.0:35347-5:35348-0:35349-35000.0:35350-1000.0:35351-300000.0:35352-500.0,17.14
0-1.0:1-1.0:2-1.0:3-1.0:4-1.0:5-1.0:6-1.0:7-1.0:8-1.0:9-1.0:10-1.0:35347-5:35348-0:35349-35000.0:35350-1000.0:35351-300000.0:35352-750.0,16.16
0-1.0:1-1.0:2-1.0:3-1.0:4-1.0:5-1.0:6-1.0:7-1.0:8-1.0:9-1.0:10-1.0:35347-5:35348-0:35349-35000.0:35350-1000.0:35351-300000.0:35352-1000.0,19.02
0-1.0:1-1.0:2-1.0:3-1.0:4-1.0:5-1.0:6-1.0:7-1.0:8-1.0:9-1.0:10-1.0:35347-5:35348-0:35349-35000.0:35350-1000.0:35351-300000.0:35352-1500.0,14.36
0-1.0:1-1.0:2-1.0:3-1.0:4-1.0:5-1.0:6-1.0:7-1.0:8-1.0:9-1.0:10-1.0:35347-5:35348-0:35349-35000.0:35350-1000.0:35351-300000.0:35352-2500.0,15.88
0-1.0:1-1.0:2-1.0:3-1.0:4-1.0:5-1.0:6-1.0:7-1.0:8-1.0:9-1.0:10-1.0:35347-5:35348-0:35349-35000.0:35350-1000.0:35351-300000.0:35352-5000.0,13.58
0-1.0:1-1.0:2-1.0:3-1.0:4-1.0:5-1.0:6-1.0:7-1.0:8-1.0:9-1.0:10-1.0:35347-5:35348-0:35349-35000.0:35350-1000.0:35351-500000.0:35352-100.0,24.21
0-1.0:1-1.0:2-1.0:3-1.0:4-1.0:5-1.0:6-1.0:7-1.0:8-1.0:9-1.0:10-1.0:35347-5:35348-0:35349-35000.0:35350-1000.0:35351-500000.0:35352-150.0,23.39
0-1.0:1-1.0:2-1.0:3-1.0:4-1.0:5-1.0:6-1.0:7-1.0:8-1.0:9-1.0:10-1.0:35347-5:35348-0:35349-35000.0:35350-1000.0:35351-500000.0:35352-750.0,17.83
0-1.0:1-1.0:2-1.0:3-1.0:4-1.0:5-1.0:6-1.0:7-1.0:8-1.0:9-1.0:10-1.0:35347-5:35348-0:35349-35000.0:35350-1000.0:35351-500000.0:35352-1000.0,17.01
0-1.0:1-1.0:2-1.0:3-1.0:4-1.0:5-1.0:6-1.0:7-1.0:8-1.0:9-1.0:10-1.0:35347-5:35348-0:35349-35000.0:35350-1000.0:35351-500000.0:35352-1500.0,17.64
0-1.0:1-1.0:2-1.0:3-1.0:4-1.0:5-1.0:6-1.0:7-1.0:8-1.0:9-1.0:10-1.0:35347-5:35348-0:35349-35000.0:35350-1000.0:35351-500000.0:35352-5000.0,15.25
0-1.0:1-1.0:2-1.0:3-1.0:4-1.0:5-1.0:6-1.0:7-1.0:8-1.0:9-1.0:10-1.0:35347-5:35348-0:35349-35000.0:35350-2000.0:35351-100000.0:35352-100.0,26.38
0-1.0:1-1.0:2-1.0:3-1.0:4-1.0:5-1.0:6-1.0:7-1.0:8-1.0:9-1.0:10-1.0:35347-5:35348-0:35349-35000.0:35350-2000.0:35351-100000.0:35352-150.0,19.89
0-1.0:1-1.0:2-1.0:3-1.0:4-1.0:5-1.0:6-1.0:7-1.0:8-1.0:9-1.0:10-1.0:35347-5:35348-0:35349-35000.0:35350-2000.0:35351-100000.0:35352-500.0,15.31
0-1.0:1-1.0:2-1.0:3-1.0:4-1.0:5-1.0:6-1.0:7-1.0:8-1.0:9-1.0:10-1.0:35347-5:35348-0:35349-35000.0:35350-2000.0:35351-100000.0:35352-750.0,18.23
0-1.0:1-1.0:2-1.0:3-1.0:4-1.0:5-1.0:6-1.0:7-1.0:8-1.0:9-1.0:10-1.0:35347-5:35348-0:35349-35000.0:35350-2000.0:35351-100000.0:35352-1500.0,12.53
0-1.0:1-1.0:2-1.0:3-1.0:4-1.0:5-1.0:6-1.0:7-1.0:8-1.0:9-1.0:10-1.0:35347-5:35348-0:35349-35000.0:35350-2000.0:35351-100000.0:35352-2500.0,11.05
0-1.0:1-1.0:2-1.0:3-1.0:4-1.0:5-1.0:6-1.0:7-1.0:8-1.0:9-1.0:10-1.0:35347-5:35348-0:35349-35000.0:35350-2000.0:35351-100000.0:35352-5000.0,11.75
0-1.0:1-1.0:2-1.0:3-1.0:4-1.0:5-1.0:6-1.0:7-1.0:8-1.0:9-1.0:10-1.0:35347-5:35348-0:35349-35000.0:35350-2000.0:35351-300000.0:35352-100.0,28.47
0-1.0:1-1.0:2-1.0:3-1.0:4-1.0:5-1.0:6-1.0:7-1.0:8-1.0:9-1.0:10-1.0:35347-5:35348-0:35349-35000.0:35350-2000.0:35351-300000.0:35352-250.0,18.7
0-1.0:1-1.0:2-1.0:3-1.0:4-1.0:5-1.0:6-1.0:7-1.0:8-1.0:9-1.0:10-1.0:35347-5:35348-0:35349-35000.0:35350-2000.0:35351-300000.0:35352-1500.0,14.61
0-1.0:1-1.0:2-1.0:3-1.0:4-1.0:5-1.0:6-1.0:7-1.0:8-1.0:9-1.0:10-1.0:35347-5:35348-0:35349-35000.0:35350-2000.0:35351-300000.0:35352-2500.0,13.14
0-1.0:1-1.0:2-1.0:3-1.0:4-1.0:5-1.0:6-1.0:7-1.0:8-1.0:9-1.0:10-1.0:35347-5:35348-0:35349-35000.0:35350-2000.0:35351-300000.0:35352-5000.0,11.34
0-1.0:1-1.0:2-1.0:3-1.0:4-1.0:5-1.0:6-1.0:7-1.0:8-1.0:9-1.0:10-1.0:35347-5:35348-0:35349-35000.0:35350-2000.0:35351-500000.0:35352-100.0,30.13
0-1.0:1-1.0:2-1.0:3-1.0:4-1.0:5-1.0:6-1.0:7-1.0:8-1.0:9-1.0:10-1.0:35347-5:35348-0:35349-35000.0:35350-2000.0:35351-500000.0:35352-500.0,19.06
0-1.0:1-1.0:2-1.0:3-1.0:4-1.0:5-1.0:6-1.0:7-1.0:8-1.0:9-1.0:10-1.0:35347-5:35348-0:35349-35000.0:35350-2000.0:35351-500000.0:35352-750.0,32.1
0-1.0:1-1.0:2-1.0:3-1.0:4-1.0:5-1.0:6-1.0:7-1.0:8-1.0:9-1.0:10-1.0:35347-5:35348-0:35349-35000.0:35350-2000.0:35351-500000.0:35352-1000.0,20.93
0-1.0:1-1.0:2-1.0:3-1.0:4-1.0:5-1.0:6-1.0:7-1.0:8-1.0:9-1.0:10-1.0:35347-5:35348-0:35349-35000.0:35350-2000.0:35351-500000.0:35352-1500.0,16.28
0-1.0:1-1.0:2-1.0:3-1.0:4-1.0:5-1.0:6-1.0:7-1.0:8-1.0:9-1.0:10-1.0:35347-5:35348-0:35349-35000.0:35350-2000.0:35351-500000.0:35352-5000.0,21.97
0-1.0:1-1.0:2-1.0:3-1.0:4-1.0:5-1.0:6-1.0:7-1.0:8-1.0:9-1.0:10-1.0:35347-5:35348-0:35349-40000.0:35350-1000.0:35351-100000.0:35352-100.0,21.61
0-1.0:1-1.0:2-1.0:3-1.0:4-1.0:5-1.0:6-1.0:7-1.0:8-1.0:9-1.0:10-1.0:35347-5:35348-0:35349-40000.0:35350-1000.0:35351-100000.0:35352-150.0,20.75
0-1.0:1-1.0:2-1.0:3-1.0:4-1.0:5-1.0:6-1.0:7-1.0:8-1.0:9-1.0:10-1.0:35347-5:35348-0:35349-40000.0:35350-1000.0:35351-100000.0:35352-250.0,17.29
0-1.0:1-1.0:2-1.0:3-1.0:4-1.0:5-1.0:6-1.0:7-1.0:8-1.0:9-1.0:10-1.0:35347-5:35348-0:35349-40000.0:35350-1000.0:35351-100000.0:35352-500.0,20.25
0-1.0:1-1.0:2-1.0:3-1.0:4-1.0:5-1.0:6-1.0:7-1.0:8-1.0:9-1.0:10-1.0:35347-5:35348-0:35349-40000.0:35350-1000.0:35351-100000.0:35352-2500.0,11.41
0-1.0:1-1.0:2-1.0:3-1.0:4-1.0:5-1.0:6-1.0:7-1.0:8-1.0:9-1.0:10-1.0:35347-5:35348-0:35349-40000.0:35350-1000.0:35351-100000.0:35352-5000.0,10.83
0-1.0:1-1.0:2-1.0:3-1.0:4-1.0:5-1.0:6-1.0:7-1.0:8-1.0:9-1.0:10-1.0:35347-5:35348-0:35349-40000.0:35350-1000.0:35351-300000.0:35352-150.0,22.83
0-1.0:1-1.0:2-1.0:3-1.0:4-1.0:5-1.0:6-1.0:7-1.0:8-1.0:9-1.0:10-1.0:35347-5:35348-0:35349-40000.0:35350-1000.0:35351-300000.0:35352-250.0,36.54
0-1.0:1-1.0:2-1.0:3-1.0:4-1.0:5-1.0:6-1.0:7-1.0:8-1.0:9-1.0:10-1.0:35347-5:35348-0:35349-40000.0:35350-1000.0:35351-300000.0:35352-500.0,22.33
0-1.0:1-1.0:2-1.0:3-1.0:4-1.0:5-1.0:6-1.0:7-1.0:8-1.0:9-1.0:10-1.0:35347-5:35348-0:35349-40000.0:35350-1000.0:35351-300000.0:35352-750.0,21.01
0-1.0:1-1.0:2-1.0:3-1.0:4-1.0:5-1.0:6-1.0:7-1.0:8-1.0:9-1.0:10-1.0:35347-5:35348-0:35349-40000.0:35350-1000.0:35351-300000.0:35352-1000.0,16.09
0-1.0:1-1.0:2-1.0:3-1.0:4-1.0:5-1.0:6-1.0:7-1.0:8-1.0:9-1.0:10-1.0:35347-5:35348-0:35349-40000.0:35350-1000.0:35351-300000.0:35352-1500.0,18.59
0-1.0:1-1.0:2-1.0:3-1.0:4-1.0:5-1.0:6-1.0:7-1.0:8-1.0:9-1.0:10-1.0:35347-5:35348-0:35349-40000.0:35350-1000.0:35351-300000.0:35352-5000.0,11.59
0-1.0:1-1.0:2-1.0:3-1.0:4-1.0:5-1.0:6-1.0:7-1.0:8-1.0:9-1.0:10-1.0:35347-5:35348-0:35349-40000.0:35350-1000.0:35351-500000.0:35352-150.0,24.5
0-1.0:1-1.0:2-1.0:3-1.0:4-1.0:5-1.0:6-1.0:7-1.0:8-1.0:9-1.0:10-1.0:35347-5:35348-0:35349-40000.0:35350-1000.0:35351-500000.0:35352-1000.0,21.58
0-1.0:1-1.0:2-1.0:3-1.0:4-1.0:5-1.0:6-1.0:7-1.0:8-1.0:9-1.0:10-1.0:35347-5:35348-0:35349-40000.0:35350-1000.0:35351-500000.0:35352-1500.0,16.72
0-1.0:1-1.0:2-1.0:3-1.0:4-1.0:5-1.0:6-1.0:7-1.0:8-1.0:9-1.0:10-1.0:35347-5:35348-0:35349-40000.0:35350-1000.0:35351-500000.0:35352-2500.0,18.28
0-1.0:1-1.0:2-1.0:3-1.0:4-1.0:5-1.0:6-1.0:7-1.0:8-1.0:9-1.0:10-1.0:35347-5:35348-0:35349-40000.0:35350-1000.0:35351-500000.0:35352-5000.0,13.26
0-1.0:1-1.0:2-1.0:3-1.0:4-1.0:5-1.0:6-1.0:7-1.0:8-1.0:9-1.0:10-1.0:35347-5:35348-0:35349-40000.0:35350-2000.0:35351-100000.0:35352-150.0,21.0
0-1.0:1-1.0:2-1.0:3-1.0:4-1.0:5-1.0:6-1.0:7-1.0:8-1.0:9-1.0:10-1.0:35347-5:35348-0:35349-40000.0:35350-2000.0:35351-100000.0:35352-250.0,17.54
0-1.0:1-1.0:2-1.0:3-1.0:4-1.0:5-1.0:6-1.0:7-1.0:8-1.0:9-1.0:10-1.0:35347-5:35348-0:35349-40000.0:35350-2000.0:35351-100000.0:35352-500.0,18.24
0-1.0:1-1.0:2-1.0:3-1.0:4-1.0:5-1.0:6-1.0:7-1.0:8-1.0:9-1.0:10-1.0:35347-5:35348-0:35349-40000.0:35350-2000.0:35351-100000.0:35352-1000.0,16.09
0-1.0:1-1.0:2-1.0:3-1.0:4-1.0:5-1.0:6-1.0:7-1.0:8-1.0:9-1.0:10-1.0:35347-5:35348-0:35349-40000.0:35350-2000.0:35351-100000.0:35352-1500.0,26.09
0-1.0:1-1.0:2-1.0:3-1.0:4-1.0:5-1.0:6-1.0:7-1.0:8-1.0:9-1.0:10-1.0:35347-5:35348-0:35349-40000.0:35350-2000.0:35351-100000.0:35352-5000.0,10.83
0-1.0:1-1.0:2-1.0:3-1.0:4-1.0:5-1.0:6-1.0:7-1.0:8-1.0:9-1.0:10-1.0:35347-5:35348-0:35349-40000.0:35350-2000.0:35351-300000.0:35352-100.0,23.94
0-1.0:1-1.0:2-1.0:3-1.0:4-1.0:5-1.0:6-1.0:7-1.0:8-1.0:9-1.0:10-1.0:35347-5:35348-0:35349-40000.0:35350-2000.0:35351-300000.0:35352-500.0,18.24
0-1.0:1-1.0:2-1.0:3-1.0:4-1.0:5-1.0:6-1.0:7-1.0:8-1.0:9-1.0:10-1.0:35347-5:35348-0:35349-40000.0:35350-2000.0:35351-300000.0:35352-1000.0,16.34
0-1.0:1-1.0:2-1.0:3-1.0:4-1.0:5-1.0:6-1.0:7-1.0:8-1.0:9-1.0:10-1.0:35347-5:35348-0:35349-40000.0:35350-2000.0:35351-300000.0:35352-2500.0,16.86
0-1.0:1-1.0:2-1.0:3-1.0:4-1.0:5-1.0:6-1.0:7-1.0:8-1.0:9-1.0:10-1.0:35347-5:35348-0:35349-40000.0:35350-2000.0:35351-300000.0:35352-5000.0,11.84
0-1.0:1-1.0:2-1.0:3-1.0:4-1.0:5-1.0:6-1.0:7-1.0:8-1.0:9-1.0:10-1.0:35347-5:35348-0:35349-40000.0:35350-2000.0:35351-500000.0:35352-100.0,25.61
0-1.0:1-1.0:2-1.0:3-1.0:4-1.0:5-1.0:6-1.0:7-1.0:8-1.0:9-1.0:10-1.0:35347-5:35348-0:35349-40000.0:35350-2000.0:35351-500000.0:35352-250.0,26.01
0-1.0:1-1.0:2-1.0:3-1.0:4-1.0:5-1.0:6-1.0:7-1.0:8-1.0:9-1.0:10-1.0:35347-5:35348-0:35349-40000.0:35350-2000.0:35351-500000.0:35352-500.0,24.25
0-1.0:1-1.0:2-1.0:3-1.0:4-1.0:5-1.0:6-1.0:7-1.0:8-1.0:9-1.0:10-1.0:35347-5:35348-0:35349-40000.0:35350-2000.0:35351-500000.0:35352-750.0,22.93
0-1.0:1-1.0:2-1.0:3-1.0:4-1.0:5-1.0:6-1.0:7-1.0:8-1.0:9-1.0:10-1.0:35347-5:35348-0:35349-40000.0:35350-2000.0:35351-500000.0:35352-1000.0,19.84
0-1.0:1-1.0:2-1.0:3-1.0:4-1.0:5-1.0:6-1.0:7-1.0:8-1.0:9-1.0:10-1.0:35347-5:35348-0:35349-40000.0:35350-2000.0:35351-500000.0:35352-1500.0,16.97
0-1.0:1-1.0:2-1.0:3-1.0:4-1.0:5-1.0:6-1.0:7-1.0:8-1.0:9-1.0:10-1.0:35347-5:35348-0:35349-40000.0:35350-2000.0:35351-500000.0:35352-2500.0,15.41
0-1.0:1-1.0:2-1.0:3-1.0:4-1.0:5-1.0:6-1.0:7-1.0:8-1.0:9-1.0:10-1.0:35347-5:35348-0:35349-40000.0:35350-2000.0:35351-500000.0:35352-5000.0,16.11
0-1.0:1-1.0:2-1.0:3-1.0:4-1.0:5-1.0:6-1.0:7-1.0:8-1.0:9-1.0:10-1.0:35347-5:35348-0:35349-50000.0:35350-1000.0:35351-100000.0:35352-100.0,23.83
0-1.0:1-1.0:2-1.0:3-1.0:4-1.0:5-1.0:6-1.0:7-1.0:8-1.0:9-1.0:10-1.0:35347-5:35348-0:35349-50000.0:35350-1000.0:35351-100000.0:35352-250.0,19.07
0-1.0:1-1.0:2-1.0:3-1.0:4-1.0:5-1.0:6-1.0:7-1.0:8-1.0:9-1.0:10-1.0:35347-5:35348-0:35349-50000.0:35350-1000.0:35351-100000.0:35352-500.0,17.54
0-1.0:1-1.0:2-1.0:3-1.0:4-1.0:5-1.0:6-1.0:7-1.0:8-1.0:9-1.0:10-1.0:35347-5:35348-0:35349-50000.0:35350-1000.0:35351-100000.0:35352-1500.0,14.3
0-1.0:1-1.0:2-1.0:3-1.0:4-1.0:5-1.0:6-1.0:7-1.0:8-1.0:9-1.0:10-1.0:35347-5:35348-0:35349-50000.0:35350-1000.0:35351-100000.0:35352-2500.0,12.58
0-1.0:1-1.0:2-1.0:3-1.0:4-1.0:5-1.0:6-1.0:7-1.0:8-1.0:9-1.0:10-1.0:35347-5:35348-0:35349-50000.0:35350-1000.0:35351-100000.0:35352-5000.0,10.83
0-1.0:1-1.0:2-1.0:3-1.0:4-1.0:5-1.0:6-1.0:7-1.0:8-1.0:9-1.0:10-1.0:35347-5:35348-0:35349-50000.0:35350-1000.0:35351-300000.0:35352-100.0,25.92
0-1.0:1-1.0:2-1.0:3-1.0:4-1.0:5-1.0:6-1.0:7-1.0:8-1.0:9-1.0:10-1.0:35347-5:35348-0:35349-50000.0:35350-1000.0:35351-300000.0:35352-150.0,31.22
0-1.0:1-1.0:2-1.0:3-1.0:4-1.0:5-1.0:6-1.0:7-1.0:8-1.0:9-1.0:10-1.0:35347-5:35348-0:35349-50000.0:35350-1000.0:35351-300000.0:35352-250.0,21.15
0-1.0:1-1.0:2-1.0:3-1.0:4-1.0:5-1.0:6-1.0:7-1.0:8-1.0:9-1.0:10-1.0:35347-5:35348-0:35349-50000.0:35350-1000.0:35351-300000.0:35352-750.0,20.59
0-1.0:1-1.0:2-1.0:3-1.0:4-1.0:5-1.0:6-1.0:7-1.0:8-1.0:9-1.0:10-1.0:35347-5:35348-0:35349-50000.0:35350-1000.0:35351-300000.0:35352-1000.0,17.53
0-1.0:1-1.0:2-1.0:3-1.0:4-1.0:5-1.0:6-1.0:7-1.0:8-1.0:9-1.0:10-1.0:35347-5:35348-0:35349-50000.0:35350-1000.0:35351-300000.0:35352-2500.0,18.11
0-1.0:1-1.0:2-1.0:3-1.0:4-1.0:5-1.0:6-1.0:7-1.0:8-1.0:9-1.0:10-1.0:35347-5:35348-0:35349-50000.0:35350-1000.0:35351-300000.0:35352-5000.0,15.44
0-1.0:1-1.0:2-1.0:3-1.0:4-1.0:5-1.0:6-1.0:7-1.0:8-1.0:9-1.0:10-1.0:35347-5:35348-0:35349-50000.0:35350-1000.0:35351-500000.0:35352-100.0,30.65
0-1.0:1-1.0:2-1.0:3-1.0:4-1.0:5-1.0:6-1.0:7-1.0:8-1.0:9-1.0:10-1.0:35347-5:35348-0:35349-50000.0:35350-1000.0:35351-500000.0:35352-150.0,49.29
0-1.0:1-1.0:2-1.0:3-1.0:4-1.0:5-1.0:6-1.0:7-1.0:8-1.0:9-1.0:10-1.0:35347-5:35348-0:35349-50000.0:35350-1000.0:35351-500000.0:35352-250.0,22.82
0-1.0:1-1.0:2-1.0:3-1.0:4-1.0:5-1.0:6-1.0:7-1.0:8-1.0:9-1.0:10-1.0:35347-5:35348-0:35349-50000.0:35350-1000.0:35351-500000.0:35352-500.0,26.09
0-1.0:1-1.0:2-1.0:3-1.0:4-1.0:5-1.0:6-1.0:7-1.0:8-1.0:9-1.0:10-1.0:35347-5:35348-0:35349-50000.0:35350-1000.0:35351-500000.0:35352-750.0,24.63
0-1.0:1-1.0:2-1.0:3-1.0:4-1.0:5-1.0:6-1.0:7-1.0:8-1.0:9-1.0:10-1.0:35347-5:35348-0:35349-50000.0:35350-1000.0:35351-500000.0:35352-1000.0,21.18
0-1.0:1-1.0:2-1.0:3-1.0:4-1.0:5-1.0:6-1.0:7-1.0:8-1.0:9-1.0:10-1.0:35347-5:35348-0:35349-50000.0:35350-1000.0:35351-500000.0:35352-1500.0,32.21
0-1.0:1-1.0:2-1.0:3-1.0:4-1.0:5-1.0:6-1.0:7-1.0:8-1.0:9-1.0:10-1.0:35347-5:35348-0:35349-50000.0:35350-1000.0:35351-500000.0:35352-2500.0,16.33
0-1.0:1-1.0:2-1.0:3-1.0:4-1.0:5-1.0:6-1.0:7-1.0:8-1.0:9-1.0:10-1.0:35347-5:35348-0:35349-50000.0:35350-1000.0:35351-500000.0:35352-5000.0,14.24
0-1.0:1-1.0:2-1.0:3-1.0:4-1.0:5-1.0:6-1.0:7-1.0:8-1.0:9-1.0:10-1.0:35347-5:35348-0:35349-50000.0:35350-2000.0:35351-100000.0:35352-150.0,23.13
0-1.0:1-1.0:2-1.0:3-1.0:4-1.0:5-1.0:6-1.0:7-1.0:8-1.0:9-1.0:10-1.0:35347-5:35348-0:35349-50000.0:35350-2000.0:35351-100000.0:35352-250.0,19.32
0-1.0:1-1.0:2-1.0:3-1.0:4-1.0:5-1.0:6-1.0:7-1.0:8-1.0:9-1.0:10-1.0:35347-5:35348-0:35349-50000.0:35350-2000.0:35351-100000.0:35352-500.0,20.05
0-1.0:1-1.0:2-1.0:3-1.0:4-1.0:5-1.0:6-1.0:7-1.0:8-1.0:9-1.0:10-1.0:35347-5:35348-0:35349-50000.0:35350-2000.0:35351-100000.0:35352-750.0,32.89
0-1.0:1-1.0:2-1.0:3-1.0:4-1.0:5-1.0:6-1.0:7-1.0:8-1.0:9-1.0:10-1.0:35347-5:35348-0:35349-50000.0:35350-2000.0:35351-100000.0:35352-1000.0,15.69
0-1.0:1-1.0:2-1.0:3-1.0:4-1.0:5-1.0:6-1.0:7-1.0:8-1.0:9-1.0:10-1.0:35347-5:35348-0:35349-50000.0:35350-2000.0:35351-100000.0:35352-1500.0,14.55
0-1.0:1-1.0:2-1.0:3-1.0:4-1.0:5-1.0:6-1.0:7-1.0:8-1.0:9-1.0:10-1.0:35347-5:35348-0:35349-50000.0:35350-2000.0:35351-100000.0:35352-2500.0,12.83
0-1.0:1-1.0:2-1.0:3-1.0:4-1.0:5-1.0:6-1.0:7-1.0:8-1.0:9-1.0:10-1.0:35347-5:35348-0:35349-50000.0:35350-2000.0:35351-100000.0:35352-5000.0,10.83
0-1.0:1-1.0:2-1.0:3-1.0:4-1.0:5-1.0:6-1.0:7-1.0:8-1.0:9-1.0:10-1.0:35347-5:35348-0:35349-50000.0:35350-2000.0:35351-300000.0:35352-150.0,25.21
0-1.0:1-1.0:2-1.0:3-1.0:4-1.0:5-1.0:6-1.0:7-1.0:8-1.0:9-1.0:10-1.0:35347-5:35348-0:35349-50000.0:35350-2000.0:35351-300000.0:35352-250.0,21.4
0-1.0:1-1.0:2-1.0:3-1.0:4-1.0:5-1.0:6-1.0:7-1.0:8-1.0:9-1.0:10-1.0:35347-5:35348-0:35349-50000.0:35350-2000.0:35351-300000.0:35352-500.0,19.88
0-1.0:1-1.0:2-1.0:3-1.0:4-1.0:5-1.0:6-1.0:7-1.0:8-1.0:9-1.0:10-1.0:35347-5:35348-0:35349-50000.0:35350-2000.0:35351-300000.0:35352-750.0,18.73
0-1.0:1-1.0:2-1.0:3-1.0:4-1.0:5-1.0:6-1.0:7-1.0:8-1.0:9-1.0:10-1.0:35347-5:35348-0:35349-50000.0:35350-2000.0:35351-300000.0:35352-1500.0,20.54
0-1.0:1-1.0:2-1.0:3-1.0:4-1.0:5-1.0:6-1.0:7-1.0:8-1.0:9-1.0:10-1.0:35347-5:35348-0:35349-50000.0:35350-2000.0:35351-300000.0:35352-2500.0,18.36
0-1.0:1-1.0:2-1.0:3-1.0:4-1.0:5-1.0:6-1.0:7-1.0:8-1.0:9-1.0:10-1.0:35347-5:35348-0:35349-50000.0:35350-2000.0:35351-300000.0:35352-5000.0,12.82
0-1.0:1-1.0:2-1.0:3-1.0:4-1.0:5-1.0:6-1.0:7-1.0:8-1.0:9-1.0:10-1.0:35347-5:35348-0:35349-50000.0:35350-2000.0:35351-500000.0:35352-250.0,23.07
0-1.0:1-1.0:2-1.0:3-1.0:4-1.0:5-1.0:6-1.0:7-1.0:8-1.0:9-1.0:10-1.0:35347-5:35348-0:35349-50000.0:35350-2000.0:35351-500000.0:35352-750.0,22.51
0-1.0:1-1.0:2-1.0:3-1.0:4-1.0:5-1.0:6-1.0:7-1.0:8-1.0:9-1.0:10-1.0:35347-5:35348-0:35349-50000.0:35350-2000.0:35351-500000.0:35352-1000.0,19.44
0-1.0:1-1.0:2-1.0:3-1.0:4-1.0:5-1.0:6-1.0:7-1.0:8-1.0:9-1.0:10-1.0:35347-5:35348-0:35349-50000.0:35350-2000.0:35351-500000.0:35352-1500.0,22.21
0-1.0:1-1.0:2-1.0:3-1.0:4-1.0:5-1.0:6-1.0:7-1.0:8-1.0:9-1.0:10-1.0:35347-5:35348-0:35349-50000.0:35350-2000.0:35351-500000.0:35352-2500.0,20.02
0-1.0:1-1.0:2-1.0:3-1.0:4-1.0:5-1.0:6-1.0:7-1.0:8-1.0:9-1.0:10-1.0:35347-5:35348-0:35349-50000.0:35350-2000.0:35351-500000.0:35352-5000.0,14.49
0-1.0:1-1.0:2-1.0:3-1.0:4-1.0:5-1.0:6-1.0:7-1.0:8-1.0:9-1.0:10-1.0:35347-5:35348-0:35349-60000.0:35350-1000.0:35351-100000.0:35352-100.0,25.83
0-1.0:1-1.0:2-1.0:3-1.0:4-1.0:5-1.0:6-1.0:7-1.0:8-1.0:9-1.0:10-1.0:35347-5:35348-0:35349-60000.0:35350-1000.0:35351-100000.0:35352-150.0,49.51
0-1.0:1-1.0:2-1.0:3-1.0:4-1.0:5-1.0:6-1.0:7-1.0:8-1.0:9-1.0:10-1.0:35347-5:35348-0:35349-60000.0:35350-1000.0:35351-100000.0:35352-750.0,17.77
0-1.0:1-1.0:2-1.0:3-1.0:4-1.0:5-1.0:6-1.0:7-1.0:8-1.0:9-1.0:10-1.0:35347-5:35348-0:35349-60000.0:35350-1000.0:35351-100000.0:35352-1500.0,19.77
0-1.0:1-1.0:2-1.0:3-1.0:4-1.0:5-1.0:6-1.0:7-1.0:8-1.0:9-1.0:10-1.0:35347-5:35348-0:35349-60000.0:35350-1000.0:35351-100000.0:35352-2500.0,13.64
0-1.0:1-1.0:2-1.0:3-1.0:4-1.0:5-1.0:6-1.0:7-1.0:8-1.0:9-1.0:10-1.0:35347-5:35348-0:35349-60000.0:35350-1000.0:35351-100000.0:35352-5000.0,11.36
0-1.0:1-1.0:2-1.0:3-1.0:4-1.0:5-1.0:6-1.0:7-1.0:8-1.0:9-1.0:10-1.0:35347-5:35348-0:35349-60000.0:35350-1000.0:35351-300000.0:35352-100.0,31.36
0-1.0:1-1.0:2-1.0:3-1.0:4-1.0:5-1.0:6-1.0:7-1.0:8-1.0:9-1.0:10-1.0:35347-5:35348-0:35349-60000.0:35350-1000.0:35351-300000.0:35352-150.0,26.88
0-1.0:1-1.0:2-1.0:3-1.0:4-1.0:5-1.0:6-1.0:7-1.0:8-1.0:9-1.0:10-1.0:35347-5:35348-0:35349-60000.0:35350-1000.0:35351-300000.0:35352-250.0,25.5
0-1.0:1-1.0:2-1.0:3-1.0:4-1.0:5-1.0:6-1.0:7-1.0:8-1.0:9-1.0:10-1.0:35347-5:35348-0:35349-60000.0:35350-1000.0:35351-300000.0:35352-750.0,19.85
0-1.0:1-1.0:2-1.0:3-1.0:4-1.0:5-1.0:6-1.0:7-1.0:8-1.0:9-1.0:10-1.0:35347-5:35348-0:35349-60000.0:35350-1000.0:35351-300000.0:35352-1500.0,21.86
0-1.0:1-1.0:2-1.0:3-1.0:4-1.0:5-1.0:6-1.0:7-1.0:8-1.0:9-1.0:10-1.0:35347-5:35348-0:35349-60000.0:35350-1000.0:35351-500000.0:35352-150.0,31.86
0-1.0:1-1.0:2-1.0:3-1.0:4-1.0:5-1.0:6-1.0:7-1.0:8-1.0:9-1.0:10-1.0:35347-5:35348-0:35349-60000.0:35350-1000.0:35351-500000.0:35352-500.0,22.76
0-1.0:1-1.0:2-1.0:3-1.0:4-1.0:5-1.0:6-1.0:7-1.0:8-1.0:9-1.0:10-1.0:35347-5:35348-0:35349-60000.0:35350-1000.0:35351-500000.0:35352-750.0,26.42
0-1.0:1-1.0:2-1.0:3-1.0:4-1.0:5-1.0:6-1.0:7-1.0:8-1.0:9-1.0:10-1.0:35347-5:35348-0:35349-60000.0:35350-1000.0:35351-500000.0:35352-1000.0,25.11
0-1.0:1-1.0:2-1.0:3-1.0:4-1.0:5-1.0:6-1.0:7-1.0:8-1.0:9-1.0:10-1.0:35347-5:35348-0:35349-60000.0:35350-1000.0:35351-500000.0:35352-5000.0,15.11
0-1.0:1-1.0:2-1.0:3-1.0:4-1.0:5-1.0:6-1.0:7-1.0:8-1.0:9-1.0:10-1.0:35347-5:35348-0:35349-60000.0:35350-2000.0:35351-500000.0:35352-250.0,30.36
0-1.0:1-1.0:2-1.0:3-1.0:4-1.0:5-1.0:6-1.0:7-1.0:8-1.0:9-1.0:10-1.0:35347-5:35348-0:35349-60000.0:35350-2000.0:35351-500000.0:35352-500.0,28.25
0-1.0:1-1.0:2-1.0:3-1.0:4-1.0:5-1.0:6-1.0:7-1.0:8-1.0:9-1.0:10-1.0:35347-5:35348-0:35349-60000.0:35350-2000.0:35351-500000.0:35352-1500.0,19.5
0-1.0:1-1.0:2-1.0:3-1.0:4-1.0:5-1.0:6-1.0:7-1.0:8-1.0:9-1.0:10-1.0:35347-5:35348-0:35349-60000.0:35350-2000.0:35351-500000.0:35352-2500.0,17.64
0-1.0:1-1.0:2-1.0:3-1.0:4-1.0:5-1.0:6-1.0:7-1.0:8-1.0:9-1.0:10-1.0:35347-5:35348-0:35349-60000.0:35350-2000.0:35351-500000.0:35352-5000.0,18.5
0-1.0:1-1.0:2-1.0:3-1.0:4-1.0:5-1.0:6-1.0:7-1.0:8-1.0:9-1.0:10-1.0:35347-5:35348-0:35349-70000.0:35350-1000.0:35351-100000.0:35352-100.0,27.74
0-1.0:1-1.0:2-1.0:3-1.0:4-1.0:5-1.0:6-1.0:7-1.0:8-1.0:9-1.0:10-1.0:35347-5:35348-0:35349-70000.0:35350-1000.0:35351-100000.0:35352-250.0,22.19
0-1.0:1-1.0:2-1.0:3-1.0:4-1.0:5-1.0:6-1.0:7-1.0:8-1.0:9-1.0:10-1.0:35347-5:35348-0:35349-70000.0:35350-1000.0:35351-100000.0:35352-500.0,20.42
0-1.0:1-1.0:2-1.0:3-1.0:4-1.0:5-1.0:6-1.0:7-1.0:8-1.0:9-1.0:10-1.0:35347-5:35348-0:35349-70000.0:35350-1000.0:35351-100000.0:35352-750.0,38.23
0-1.0:1-1.0:2-1.0:3-1.0:4-1.0:5-1.0:6-1.0:7-1.0:8-1.0:9-1.0:10-1.0:35347-5:35348-0:35349-70000.0:35350-1000.0:35351-100000.0:35352-1500.0,16.65
0-1.0:1-1.0:2-1.0:3-1.0:4-1.0:5-1.0:6-1.0:7-1.0:8-1.0:9-1.0:10-1.0:35347-5:35348-0:35349-70000.0:35350-1000.0:35351-100000.0:35352-2500.0,18.74
0-1.0:1-1.0:2-1.0:3-1.0:4-1.0:5-1.0:6-1.0:7-1.0:8-1.0:9-1.0:10-1.0:35347-5:35348-0:35349-70000.0:35350-1000.0:35351-100000.0:35352-5000.0,15.61
0-1.0:1-1.0:2-1.0:3-1.0:4-1.0:5-1.0:6-1.0:7-1.0:8-1.0:9-1.0:10-1.0:35347-5:35348-0:35349-70000.0:35350-1000.0:35351-300000.0:35352-100.0,29.83
0-1.0:1-1.0:2-1.0:3-1.0:4-1.0:5-1.0:6-1.0:7-1.0:8-1.0:9-1.0:10-1.0:35347-5:35348-0:35349-70000.0:35350-1000.0:35351-300000.0:35352-150.0,28.72
0-1.0:1-1.0:2-1.0:3-1.0:4-1.0:5-1.0:6-1.0:7-1.0:8-1.0:9-1.0:10-1.0:35347-5:35348-0:35349-70000.0:35350-1000.0:35351-300000.0:35352-750.0,21.17
0-1.0:1-1.0:2-1.0:3-1.0:4-1.0:5-1.0:6-1.0:7-1.0:8-1.0:9-1.0:10-1.0:35347-5:35348-0:35349-70000.0:35350-1000.0:35351-300000.0:35352-1500.0,18.73
0-1.0:1-1.0:2-1.0:3-1.0:4-1.0:5-1.0:6-1.0:7-1.0:8-1.0:9-1.0:10-1.0:35347-5:35348-0:35349-70000.0:35350-1000.0:35351-300000.0:35352-2500.0,16.73
0-1.0:1-1.0:2-1.0:3-1.0:4-1.0:5-1.0:6-1.0:7-1.0:8-1.0:9-1.0:10-1.0:35347-5:35348-0:35349-70000.0:35350-1000.0:35351-300000.0:35352-5000.0,14.29
0-1.0:1-1.0:2-1.0:3-1.0:4-1.0:5-1.0:6-1.0:7-1.0:8-1.0:9-1.0:10-1.0:35347-5:35348-0:35349-70000.0:35350-1000.0:35351-500000.0:35352-150.0,37.81
0-1.0:1-1.0:2-1.0:3-1.0:4-1.0:5-1.0:6-1.0:7-1.0:8-1.0:9-1.0:10-1.0:35347-5:35348-0:35349-70000.0:35350-1000.0:35351-500000.0:35352-250.0,25.94
0-1.0:1-1.0:2-1.0:3-1.0:4-1.0:5-1.0:6-1.0:7-1.0:8-1.0:9-1.0:10-1.0:35347-5:35348-0:35349-70000.0:35350-1000.0:35351-500000.0:35352-500.0,24.17
0-1.0:1-1.0:2-1.0:3-1.0:4-1.0:5-1.0:6-1.0:7-1.0:8-1.0:9-1.0:10-1.0:35347-5:35348-0:35349-70000.0:35350-1000.0:35351-500000.0:35352-750.0,22.84
0-1.0:1-1.0:2-1.0:3-1.0:4-1.0:5-1.0:6-1.0:7-1.0:8-1.0:9-1.0:10-1.0:35347-5:35348-0:35349-70000.0:35350-1000.0:35351-500000.0:35352-1500.0,20.4
0-1.0:1-1.0:2-1.0:3-1.0:4-1.0:5-1.0:6-1.0:7-1.0:8-1.0:9-1.0:10-1.0:35347-5:35348-0:35349-70000.0:35350-1000.0:35351-500000.0:35352-2500.0,18.4
0-1.0:1-1.0:2-1.0:3-1.0:4-1.0:5-1.0:6-1.0:7-1.0:8-1.0:9-1.0:10-1.0:35347-5:35348-0:35349-70000.0:35350-2000.0:35351-100000.0:35352-150.0,26.88
0-1.0:1-1.0:2-1.0:3-1.0:4-1.0:5-1.0:6-1.0:7-1.0:8-1.0:9-1.0:10-1.0:35347-5:35348-0:35349-70000.0:35350-2000.0:35351-100000.0:35352-250.0,22.44
0-1.0:1-1.0:2-1.0:3-1.0:4-1.0:5-1.0:6-1.0:7-1.0:8-1.0:9-1.0:10-1.0:35347-5:35348-0:35349-70000.0:35350-2000.0:35351-100000.0:35352-500.0,26.36
0-1.0:1-1.0:2-1.0:3-1.0:4-1.0:5-1.0:6-1.0:7-1.0:8-1.0:9-1.0:10-1.0:35347-5:35348-0:35349-70000.0:35350-2000.0:35351-100000.0:35352-750.0,24.66
0-1.0:1-1.0:2-1.0:3-1.0:4-1.0:5-1.0:6-1.0:7-1.0:8-1.0:9-1.0:10-1.0:35347-5:35348-0:35349-70000.0:35350-2000.0:35351-100000.0:35352-1000.0,18.23
0-1.0:1-1.0:2-1.0:3-1.0:4-1.0:5-1.0:6-1.0:7-1.0:8-1.0:9-1.0:10-1.0:35347-5:35348-0:35349-70000.0:35350-2000.0:35351-100000.0:35352-1500.0,16.9
0-1.0:1-1.0:2-1.0:3-1.0:4-1.0:5-1.0:6-1.0:7-1.0:8-1.0:9-1.0:10-1.0:35347-5:35348-0:35349-70000.0:35350-2000.0:35351-100000.0:35352-2500.0,14.9
0-1.0:1-1.0:2-1.0:3-1.0:4-1.0:5-1.0:6-1.0:7-1.0:8-1.0:9-1.0:10-1.0:35347-5:35348-0:35349-70000.0:35350-2000.0:35351-100000.0:35352-5000.0,12.46
0-1.0:1-1.0:2-1.0:3-1.0:4-1.0:5-1.0:6-1.0:7-1.0:8-1.0:9-1.0:10-1.0:35347-5:35348-0:35349-70000.0:35350-2000.0:35351-300000.0:35352-100.0,30.08
0-1.0:1-1.0:2-1.0:3-1.0:4-1.0:5-1.0:6-1.0:7-1.0:8-1.0:9-1.0:10-1.0:35347-5:35348-0:35349-70000.0:35350-2000.0:35351-300000.0:35352-150.0,36.4
0-1.0:1-1.0:2-1.0:3-1.0:4-1.0:5-1.0:6-1.0:7-1.0:8-1.0:9-1.0:10-1.0:35347-5:35348-0:35349-70000.0:35350-2000.0:35351-300000.0:35352-250.0,24.53
0-1.0:1-1.0:2-1.0:3-1.0:4-1.0:5-1.0:6-1.0:7-1.0:8-1.0:9-1.0:10-1.0:35347-5:35348-0:35349-70000.0:35350-2000.0:35351-300000.0:35352-500.0,22.75
0-1.0:1-1.0:2-1.0:3-1.0:4-1.0:5-1.0:6-1.0:7-1.0:8-1.0:9-1.0:10-1.0:35347-5:35348-0:35349-70000.0:35350-2000.0:35351-300000.0:35352-750.0,24.0
0-1.0:1-1.0:2-1.0:3-1.0:4-1.0:5-1.0:6-1.0:7-1.0:8-1.0:9-1.0:10-1.0:35347-5:35348-0:35349-70000.0:35350-2000.0:35351-300000.0:35352-1000.0,25.33
0-1.0:1-1.0:2-1.0:3-1.0:4-1.0:5-1.0:6-1.0:7-1.0:8-1.0:9-1.0:10-1.0:35347-5:35348-0:35349-70000.0:35350-2000.0:35351-300000.0:35352-1500.0,18.98
0-1.0:1-1.0:2-1.0:3-1.0:4-1.0:5-1.0:6-1.0:7-1.0:8-1.0:9-1.0:10-1.0:35347-5:35348-0:35349-70000.0:35350-2000.0:35351-500000.0:35352-250.0,26.19
0-1.0:1-1.0:2-1.0:3-1.0:4-1.0:5-1.0:6-1.0:7-1.0:8-1.0:9-1.0:10-1.0:35347-5:35348-0:35349-70000.0:35350-2000.0:35351-500000.0:35352-1500.0,20.65
0-1.0:1-1.0:2-1.0:3-1.0:4-1.0:5-1.0:6-1.0:7-1.0:8-1.0:9-1.0:10-1.0:35347-5:35348-0:35349-70000.0:35350-2000.0:35351-500000.0:35352-2500.0,18.65
0-1.0:1-1.0:2-1.0:3-1.0:4-1.0:5-1.0:6-1.0:7-1.0:8-1.0:9-1.0:10-1.0:35347-5:35348-0:35349-70000.0:35350-2000.0:35351-500000.0:35352-5000.0,16.21
0-1.0:1-1.0:2-1.0:3-1.0:4-1.0:5-1.0:6-1.0:7-1.0:8-1.0:9-1.0:10-1.0:35347-5:35348-0:35349-80000.0:35350-1000.0:35351-100000.0:35352-100.0,29.66
0-1.0:1-1.0:2-1.0:3-1.0:4-1.0:5-1.0:6-1.0:7-1.0:8-1.0:9-1.0:10-1.0:35347-5:35348-0:35349-80000.0:35350-1000.0:35351-100000.0:35352-150.0,32.15
0-1.0:1-1.0:2-1.0:3-1.0:4-1.0:5-1.0:6-1.0:7-1.0:8-1.0:9-1.0:10-1.0:35347-5:35348-0:35349-80000.0:35350-1000.0:35351-100000.0:35352-250.0,26.79
0-1.0:1-1.0:2-1.0:3-1.0:4-1.0:5-1.0:6-1.0:7-1.0:8-1.0:9-1.0:10-1.0:35347-5:35348-0:35349-80000.0:35350-1000.0:35351-100000.0:35352-500.0,24.65
0-1.0:1-1.0:2-1.0:3-1.0:4-1.0:5-1.0:6-1.0:7-1.0:8-1.0:9-1.0:10-1.0:35347-5:35348-0:35349-80000.0:35350-1000.0:35351-100000.0:35352-750.0,26.05
0-1.0:1-1.0:2-1.0:3-1.0:4-1.0:5-1.0:6-1.0:7-1.0:8-1.0:9-1.0:10-1.0:35347-5:35348-0:35349-80000.0:35350-1000.0:35351-100000.0:35352-1500.0,22.71
0-1.0:1-1.0:2-1.0:3-1.0:4-1.0:5-1.0:6-1.0:7-1.0:8-1.0:9-1.0:10-1.0:35347-5:35348-0:35349-80000.0:35350-1000.0:35351-100000.0:35352-2500.0,15.66
0-1.0:1-1.0:2-1.0:3-1.0:4-1.0:5-1.0:6-1.0:7-1.0:8-1.0:9-1.0:10-1.0:35347-5:35348-0:35349-80000.0:35350-1000.0:35351-100000.0:35352-5000.0,13.05
0-1.0:1-1.0:2-1.0:3-1.0:4-1.0:5-1.0:6-1.0:7-1.0:8-1.0:9-1.0:10-1.0:35347-5:35348-0:35349-80000.0:35350-1000.0:35351-300000.0:35352-100.0,39.94
0-1.0:1-1.0:2-1.0:3-1.0:4-1.0:5-1.0:6-1.0:7-1.0:8-1.0:9-1.0:10-1.0:35347-5:35348-0:35349-80000.0:35350-1000.0:35351-300000.0:35352-150.0,30.56
0-1.0:1-1.0:2-1.0:3-1.0:4-1.0:5-1.0:6-1.0:7-1.0:8-1.0:9-1.0:10-1.0:35347-5:35348-0:35349-80000.0:35350-1000.0:35351-300000.0:35352-250.0,25.81
0-1.0:1-1.0:2-1.0:3-1.0:4-1.0:5-1.0:6-1.0:7-1.0:8-1.0:9-1.0:10-1.0:35347-5:35348-0:35349-80000.0:35350-1000.0:35351-300000.0:35352-750.0,22.49
0-1.0:1-1.0:2-1.0:3-1.0:4-1.0:5-1.0:6-1.0:7-1.0:8-1.0:9-1.0:10-1.0:35347-5:35348-0:35349-80000.0:35350-1000.0:35351-300000.0:35352-1000.0,21.3
0-1.0:1-1.0:2-1.0:3-1.0:4-1.0:5-1.0:6-1.0:7-1.0:8-1.0:9-1.0:10-1.0:35347-5:35348-0:35349-80000.0:35350-1000.0:35351-300000.0:35352-1500.0,19.88
0-1.0:1-1.0:2-1.0:3-1.0:4-1.0:5-1.0:6-1.0:7-1.0:8-1.0:9-1.0:10-1.0:35347-5:35348-0:35349-80000.0:35350-1000.0:35351-500000.0:35352-100.0,41.61
0-1.0:1-1.0:2-1.0:3-1.0:4-1.0:5-1.0:6-1.0:7-1.0:8-1.0:9-1.0:10-1.0:35347-5:35348-0:35349-80000.0:35350-1000.0:35351-500000.0:35352-150.0,32.22
0-1.0:1-1.0:2-1.0:3-1.0:4-1.0:5-1.0:6-1.0:7-1.0:8-1.0:9-1.0:10-1.0:35347-5:35348-0:35349-80000.0:35350-1000.0:35351-500000.0:35352-500.0,31.61
0-1.0:1-1.0:2-1.0:3-1.0:4-1.0:5-1.0:6-1.0:7-1.0:8-1.0:9-1.0:10-1.0:35347-5:35348-0:35349-80000.0:35350-1000.0:35351-500000.0:35352-750.0,29.8
0-1.0:1-1.0:2-1.0:3-1.0:4-1.0:5-1.0:6-1.0:7-1.0:8-1.0:9-1.0:10-1.0:35347-5:35348-0:35349-80000.0:35350-1000.0:35351-500000.0:35352-2500.0,19.41
0-1.0:1-1.0:2-1.0:3-1.0:4-1.0:5-1.0:6-1.0:7-1.0:8-1.0:9-1.0:10-1.0:35347-5:35348-0:35349-80000.0:35350-2000.0:35351-100000.0:35352-1000.0,19.47
0-1.0:1-1.0:2-1.0:3-1.0:4-1.0:5-1.0:6-1.0:7-1.0:8-1.0:9-1.0:10-1.0:35347-5:35348-0:35349-80000.0:35350-2000.0:35351-100000.0:35352-5000.0,13.3
0-1.0:1-1.0:2-1.0:3-1.0:4-1.0:5-1.0:6-1.0:7-1.0:8-1.0:9-1.0:10-1.0:35347-5:35348-0:35349-80000.0:35350-2000.0:35351-300000.0:35352-150.0,38.68
0-1.0:1-1.0:2-1.0:3-1.0:4-1.0:5-1.0:6-1.0:7-1.0:8-1.0:9-1.0:10-1.0:35347-5:35348-0:35349-80000.0:35350-2000.0:35351-300000.0:35352-500.0,24.16
0-1.0:1-1.0:2-1.0:3-1.0:4-1.0:5-1.0:6-1.0:7-1.0:8-1.0:9-1.0:10-1.0:35347-5:35348-0:35349-80000.0:35350-2000.0:35351-300000.0:35352-750.0,28.38
0-1.0:1-1.0:2-1.0:3-1.0:4-1.0:5-1.0:6-1.0:7-1.0:8-1.0:9-1.0:10-1.0:35347-5:35348-0:35349-80000.0:35350-2000.0:35351-300000.0:35352-1000.0,21.55
0-1.0:1-1.0:2-1.0:3-1.0:4-1.0:5-1.0:6-1.0:7-1.0:8-1.0:9-1.0:10-1.0:35347-5:35348-0:35349-80000.0:35350-2000.0:35351-300000.0:35352-2500.0,17.99
0-1.0:1-1.0:2-1.0:3-1.0:4-1.0:5-1.0:6-1.0:7-1.0:8-1.0:9-1.0:10-1.0:35347-5:35348-0:35349-80000.0:35350-2000.0:35351-500000.0:35352-100.0,37.49
0-1.0:1-1.0:2-1.0:3-1.0:4-1.0:5-1.0:6-1.0:7-1.0:8-1.0:9-1.0:10-1.0:35347-5:35348-0:35349-80000.0:35350-2000.0:35351-500000.0:35352-150.0,32.47
0-1.0:1-1.0:2-1.0:3-1.0:4-1.0:5-1.0:6-1.0:7-1.0:8-1.0:9-1.0:10-1.0:35347-5:35348-0:35349-80000.0:35350-2000.0:35351-500000.0:35352-250.0,27.73
0-1.0:1-1.0:2-1.0:3-1.0:4-1.0:5-1.0:6-1.0:7-1.0:8-1.0:9-1.0:10-1.0:35347-5:35348-0:35349-80000.0:35350-2000.0:35351-500000.0:35352-500.0,25.83
0-1.0:1-1.0:2-1.0:3-1.0:4-1.0:5-1.0:6-1.0:7-1.0:8-1.0:9-1.0:10-1.0:35347-5:35348-0:35349-80000.0:35350-2000.0:35351-500000.0:35352-1000.0,23.22
0-1.0:1-1.0:2-1.0:3-1.0:4-1.0:5-1.0:6-1.0:7-1.0:8-1.0:9-1.0:10-1.0:35347-5:35348-0:35349-80000.0:35350-2000.0:35351-500000.0:35352-1500.0,21.8
0-1.0:1-1.0:2-1.0:3-1.0:4-1.0:5-1.0:6-1.0:7-1.0:8-1.0:9-1.0:10-1.0:35347-5:35348-0:35349-80000.0:35350-2000.0:35351-500000.0:35352-2500.0,19.66
0-1.0:1-1.0:2-1.0:3-1.0:4-1.0:5-1.0:6-1.0:7-1.0:8-1.0:9-1.0:10-1.0:35347-5:35348-0:35349-90000.0:35350-1000.0:35351-100000.0:35352-100.0,31.35
0-1.0:1-1.0:2-1.0:3-1.0:4-1.0:5-1.0:6-1.0:7-1.0:8-1.0:9-1.0:10-1.0:35347-5:35348-0:35349-90000.0:35350-1000.0:35351-100000.0:35352-500.0,29.5
0-1.0:1-1.0:2-1.0:3-1.0:4-1.0:5-1.0:6-1.0:7-1.0:8-1.0:9-1.0:10-1.0:35347-5:35348-0:35349-90000.0:35350-1000.0:35351-100000.0:35352-750.0,21.57
0-1.0:1-1.0:2-1.0:3-1.0:4-1.0:5-1.0:6-1.0:7-1.0:8-1.0:9-1.0:10-1.0:35347-5:35348-0:35349-90000.0:35350-1000.0:35351-300000.0:35352-100.0,33.43
0-1.0:1-1.0:2-1.0:3-1.0:4-1.0:5-1.0:6-1.0:7-1.0:8-1.0:9-1.0:10-1.0:35347-5:35348-0:35349-90000.0:35350-1000.0:35351-300000.0:35352-250.0,27.16
0-1.0:1-1.0:2-1.0:3-1.0:4-1.0:5-1.0:6-1.0:7-1.0:8-1.0:9-1.0:10-1.0:35347-5:35348-0:35349-90000.0:35350-1000.0:35351-300000.0:35352-750.0,23.65
0-1.0:1-1.0:2-1.0:3-1.0:4-1.0:5-1.0:6-1.0:7-1.0:8-1.0:9-1.0:10-1.0:35347-5:35348-0:35349-90000.0:35350-1000.0:35351-300000.0:35352-1000.0,22.39
0-1.0:1-1.0:2-1.0:3-1.0:4-1.0:5-1.0:6-1.0:7-1.0:8-1.0:9-1.0:10-1.0:35347-5:35348-0:35349-90000.0:35350-1000.0:35351-300000.0:35352-1500.0,20.89
0-1.0:1-1.0:2-1.0:3-1.0:4-1.0:5-1.0:6-1.0:7-1.0:8-1.0:9-1.0:10-1.0:35347-5:35348-0:35349-90000.0:35350-1000.0:35351-500000.0:35352-100.0,35.1
0-1.0:1-1.0:2-1.0:3-1.0:4-1.0:5-1.0:6-1.0:7-1.0:8-1.0:9-1.0:10-1.0:35347-5:35348-0:35349-90000.0:35350-1000.0:35351-500000.0:35352-150.0,42.23
0-1.0:1-1.0:2-1.0:3-1.0:4-1.0:5-1.0:6-1.0:7-1.0:8-1.0:9-1.0:10-1.0:35347-5:35348-0:35349-90000.0:35350-1000.0:35351-500000.0:35352-250.0,28.83
0-1.0:1-1.0:2-1.0:3-1.0:4-1.0:5-1.0:6-1.0:7-1.0:8-1.0:9-1.0:10-1.0:35347-5:35348-0:35349-90000.0:35350-1000.0:35351-500000.0:35352-500.0,33.25
0-1.0:1-1.0:2-1.0:3-1.0:4-1.0:5-1.0:6-1.0:7-1.0:8-1.0:9-1.0:10-1.0:35347-5:35348-0:35349-90000.0:35350-1000.0:35351-500000.0:35352-1000.0,24.06
0-1.0:1-1.0:2-1.0:3-1.0:4-1.0:5-1.0:6-1.0:7-1.0:8-1.0:9-1.0:10-1.0:35347-5:35348-0:35349-90000.0:35350-1000.0:35351-500000.0:35352-5000.0,17.54
0-1.0:1-1.0:2-1.0:3-1.0:4-1.0:5-1.0:6-1.0:7-1.0:8-1.0:9-1.0:10-1.0:35347-5:35348-0:35349-90000.0:35350-2000.0:35351-100000.0:35352-100.0,62.94
0-1.0:1-1.0:2-1.0:3-1.0:4-1.0:5-1.0:6-1.0:7-1.0:8-1.0:9-1.0:10-1.0:35347-5:35348-0:35349-90000.0:35350-2000.0:35351-100000.0:35352-500.0,23.32
0-1.0:1-1.0:2-1.0:3-1.0:4-1.0:5-1.0:6-1.0:7-1.0:8-1.0:9-1.0:10-1.0:35347-5:35348-0:35349-90000.0:35350-2000.0:35351-100000.0:35352-750.0,21.82
0-1.0:1-1.0:2-1.0:3-1.0:4-1.0:5-1.0:6-1.0:7-1.0:8-1.0:9-1.0:10-1.0:35347-5:35348-0:35349-90000.0:35350-2000.0:35351-100000.0:35352-1000.0,23.29
0-1.0:1-1.0:2-1.0:3-1.0:4-1.0:5-1.0:6-1.0:7-1.0:8-1.0:9-1.0:10-1.0:35347-5:35348-0:35349-90000.0:35350-2000.0:35351-100000.0:35352-2500.0,21.41
0-1.0:1-1.0:2-1.0:3-1.0:4-1.0:5-1.0:6-1.0:7-1.0:8-1.0:9-1.0:10-1.0:35347-5:35348-0:35349-90000.0:35350-2000.0:35351-100000.0:35352-5000.0,14.04
0-1.0:1-1.0:2-1.0:3-1.0:4-1.0:5-1.0:6-1.0:7-1.0:8-1.0:9-1.0:10-1.0:35347-5:35348-0:35349-90000.0:35350-2000.0:35351-300000.0:35352-100.0,33.68
0-1.0:1-1.0:2-1.0:3-1.0:4-1.0:5-1.0:6-1.0:7-1.0:8-1.0:9-1.0:10-1.0:35347-5:35348-0:35349-90000.0:35350-2000.0:35351-300000.0:35352-250.0,27.41
0-1.0:1-1.0:2-1.0:3-1.0:4-1.0:5-1.0:6-1.0:7-1.0:8-1.0:9-1.0:10-1.0:35347-5:35348-0:35349-90000.0:35350-2000.0:35351-300000.0:35352-500.0,25.4
0-1.0:1-1.0:2-1.0:3-1.0:4-1.0:5-1.0:6-1.0:7-1.0:8-1.0:9-1.0:10-1.0:35347-5:35348-0:35349-90000.0:35350-2000.0:35351-300000.0:35352-750.0,23.9
0-1.0:1-1.0:2-1.0:3-1.0:4-1.0:5-1.0:6-1.0:7-1.0:8-1.0:9-1.0:10-1.0:35347-5:35348-0:35349-90000.0:35350-2000.0:35351-300000.0:35352-1000.0,22.64
0-1.0:1-1.0:2-1.0:3-1.0:4-1.0:5-1.0:6-1.0:7-1.0:8-1.0:9-1.0:10-1.0:35347-5:35348-0:35349-90000.0:35350-2000.0:35351-300000.0:35352-1500.0,21.14
0-1.0:1-1.0:2-1.0:3-1.0:4-1.0:5-1.0:6-1.0:7-1.0:8-1.0:9-1.0:10-1.0:35347-5:35348-0:35349-90000.0:35350-2000.0:35351-300000.0:35352-2500.0,18.88
0-1.0:1-1.0:2-1.0:3-1.0:4-1.0:5-1.0:6-1.0:7-1.0:8-1.0:9-1.0:10-1.0:35347-5:35348-0:35349-90000.0:35350-2000.0:35351-500000.0:35352-100.0,35.35
0-1.0:1-1.0:2-1.0:3-1.0:4-1.0:5-1.0:6-1.0:7-1.0:8-1.0:9-1.0:10-1.0:35347-5:35348-0:35349-90000.0:35350-2000.0:35351-500000.0:35352-150.0,42.48
0-1.0:1-1.0:2-1.0:3-1.0:4-1.0:5-1.0:6-1.0:7-1.0:8-1.0:9-1.0:10-1.0:35347-5:35348-0:35349-90000.0:35350-2000.0:35351-500000.0:35352-250.0,29.08
0-1.0:1-1.0:2-1.0:3-1.0:4-1.0:5-1.0:6-1.0:7-1.0:8-1.0:9-1.0:10-1.0:35347-5:35348-0:35349-90000.0:35350-2000.0:35351-500000.0:35352-500.0,33.5
0-1.0:1-1.0:2-1.0:3-1.0:4-1.0:5-1.0:6-1.0:7-1.0:8-1.0:9-1.0:10-1.0:35347-5:35348-0:35349-90000.0:35350-2000.0:35351-500000.0:35352-1000.0,27.04
0-1.0:1-1.0:2-1.0:3-1.0:4-1.0:5-1.0:6-1.0:7-1.0:8-1.0:9-1.0:10-1.0:35347-5:35348-0:35349-90000.0:35350-2000.0:35351-500000.0:35352-1500.0,28.05
0-1.0:1-1.0:2-1.0:3-1.0:4-1.0:5-1.0:6-1.0:7-1.0:8-1.0:9-1.0:10-1.0:35347-5:35348-0:35349-90000.0:35350-2000.0:35351-500000.0:35352-5000.0,17.79
0-1.0:1-1.0:2-1.0:3-1.0:4-1.0:5-1.0:6-1.0:7-1.0:8-1.0:9-1.0:10-1.0:35347-5:35348-0:35349-100000.0:35350-1000.0:35351-100000.0:35352-100.0,42.15
0-1.0:1-1.0:2-1.0:3-1.0:4-1.0:5-1.0:6-1.0:7-1.0:8-1.0:9-1.0:10-1.0:35347-5:35348-0:35349-100000.0:35350-1000.0:35351-100000.0:35352-500.0,24.25
0-1.0:1-1.0:2-1.0:3-1.0:4-1.0:5-1.0:6-1.0:7-1.0:8-1.0:9-1.0:10-1.0:35347-5:35348-0:35349-100000.0:35350-1000.0:35351-100000.0:35352-750.0,22.67
0-1.0:1-1.0:2-1.0:3-1.0:4-1.0:5-1.0:6-1.0:7-1.0:8-1.0:9-1.0:10-1.0:35347-5:35348-0:35349-100000.0:35350-1000.0:35351-100000.0:35352-1500.0,39.59
0-1.0:1-1.0:2-1.0:3-1.0:4-1.0:5-1.0:6-1.0:7-1.0:8-1.0:9-1.0:10-1.0:35347-5:35348-0:35349-100000.0:35350-1000.0:35351-100000.0:35352-2500.0,17.4
0-1.0:1-1.0:2-1.0:3-1.0:4-1.0:5-1.0:6-1.0:7-1.0:8-1.0:9-1.0:10-1.0:35347-5:35348-0:35349-100000.0:35350-1000.0:35351-100000.0:35352-5000.0,14.5
0-1.0:1-1.0:2-1.0:3-1.0:4-1.0:5-1.0:6-1.0:7-1.0:8-1.0:9-1.0:10-1.0:35347-5:35348-0:35349-100000.0:35350-1000.0:35351-300000.0:35352-500.0,33.11
0-1.0:1-1.0:2-1.0:3-1.0:4-1.0:5-1.0:6-1.0:7-1.0:8-1.0:9-1.0:10-1.0:35347-5:35348-0:35349-100000.0:35350-1000.0:35351-300000.0:35352-750.0,24.76
0-1.0:1-1.0:2-1.0:3-1.0:4-1.0:5-1.0:6-1.0:7-1.0:8-1.0:9-1.0:10-1.0:35347-5:35348-0:35349-100000.0:35350-1000.0:35351-300000.0:35352-1000.0,26.27
0-1.0:1-1.0:2-1.0:3-1.0:4-1.0:5-1.0:6-1.0:7-1.0:8-1.0:9-1.0:10-1.0:35347-5:35348-0:35349-100000.0:35350-1000.0:35351-300000.0:35352-1500.0,27.37
0-1.0:1-1.0:2-1.0:3-1.0:4-1.0:5-1.0:6-1.0:7-1.0:8-1.0:9-1.0:10-1.0:35347-5:35348-0:35349-100000.0:35350-1000.0:35351-300000.0:35352-2500.0,19.48
0-1.0:1-1.0:2-1.0:3-1.0:4-1.0:5-1.0:6-1.0:7-1.0:8-1.0:9-1.0:10-1.0:35347-5:35348-0:35349-100000.0:35350-1000.0:35351-300000.0:35352-5000.0,16.58
0-1.0:1-1.0:2-1.0:3-1.0:4-1.0:5-1.0:6-1.0:7-1.0:8-1.0:9-1.0:10-1.0:35347-5:35348-0:35349-100000.0:35350-1000.0:35351-500000.0:35352-100.0,45.9
0-1.0:1-1.0:2-1.0:3-1.0:4-1.0:5-1.0:6-1.0:7-1.0:8-1.0:9-1.0:10-1.0:35347-5:35348-0:35349-100000.0:35350-1000.0:35351-500000.0:35352-150.0,35.39
0-1.0:1-1.0:2-1.0:3-1.0:4-1.0:5-1.0:6-1.0:7-1.0:8-1.0:9-1.0:10-1.0:35347-5:35348-0:35349-100000.0:35350-1000.0:35351-500000.0:35352-1000.0,25.11
0-1.0:1-1.0:2-1.0:3-1.0:4-1.0:5-1.0:6-1.0:7-1.0:8-1.0:9-1.0:10-1.0:35347-5:35348-0:35349-100000.0:35350-1000.0:35351-500000.0:35352-2500.0,21.15
0-1.0:1-1.0:2-1.0:3-1.0:4-1.0:5-1.0:6-1.0:7-1.0:8-1.0:9-1.0:10-1.0:35347-5:35348-0:35349-100000.0:35350-2000.0:35351-100000.0:35352-100.0,33.2
0-1.0:1-1.0:2-1.0:3-1.0:4-1.0:5-1.0:6-1.0:7-1.0:8-1.0:9-1.0:10-1.0:35347-5:35348-0:35349-100000.0:35350-2000.0:35351-100000.0:35352-250.0,26.61
0-1.0:1-1.0:2-1.0:3-1.0:4-1.0:5-1.0:6-1.0:7-1.0:8-1.0:9-1.0:10-1.0:35347-5:35348-0:35349-100000.0:35350-2000.0:35351-100000.0:35352-500.0,31.27
0-1.0:1-1.0:2-1.0:3-1.0:4-1.0:5-1.0:6-1.0:7-1.0:8-1.0:9-1.0:10-1.0:35347-5:35348-0:35349-100000.0:35350-2000.0:35351-100000.0:35352-750.0,22.92
0-1.0:1-1.0:2-1.0:3-1.0:4-1.0:5-1.0:6-1.0:7-1.0:8-1.0:9-1.0:10-1.0:35347-5:35348-0:35349-100000.0:35350-2000.0:35351-100000.0:35352-1000.0,27.56
0-1.0:1-1.0:2-1.0:3-1.0:4-1.0:5-1.0:6-1.0:7-1.0:8-1.0:9-1.0:10-1.0:35347-5:35348-0:35349-100000.0:35350-2000.0:35351-100000.0:35352-1500.0,20.02
0-1.0:1-1.0:2-1.0:3-1.0:4-1.0:5-1.0:6-1.0:7-1.0:8-1.0:9-1.0:10-1.0:35347-5:35348-0:35349-100000.0:35350-2000.0:35351-100000.0:35352-2500.0,17.65
0-1.0:1-1.0:2-1.0:3-1.0:4-1.0:5-1.0:6-1.0:7-1.0:8-1.0:9-1.0:10-1.0:35347-5:35348-0:35349-100000.0:35350-2000.0:35351-100000.0:35352-5000.0,18.8
0-1.0:1-1.0:2-1.0:3-1.0:4-1.0:5-1.0:6-1.0:7-1.0:8-1.0:9-1.0:10-1.0:35347-5:35348-0:35349-100000.0:35350-2000.0:35351-300000.0:35352-100.0,35.29
0-1.0:1-1.0:2-1.0:3-1.0:4-1.0:5-1.0:6-1.0:7-1.0:8-1.0:9-1.0:10-1.0:35347-5:35348-0:35349-100000.0:35350-2000.0:35351-300000.0:35352-150.0,33.97
0-1.0:1-1.0:2-1.0:3-1.0:4-1.0:5-1.0:6-1.0:7-1.0:8-1.0:9-1.0:10-1.0:35347-5:35348-0:35349-100000.0:35350-2000.0:35351-300000.0:35352-250.0,28.7
0-1.0:1-1.0:2-1.0:3-1.0:4-1.0:5-1.0:6-1.0:7-1.0:8-1.0:9-1.0:10-1.0:35347-5:35348-0:35349-100000.0:35350-2000.0:35351-300000.0:35352-750.0,25.01
0-1.0:1-1.0:2-1.0:3-1.0:4-1.0:5-1.0:6-1.0:7-1.0:8-1.0:9-1.0:10-1.0:35347-5:35348-0:35349-100000.0:35350-2000.0:35351-300000.0:35352-1000.0,29.65
0-1.0:1-1.0:2-1.0:3-1.0:4-1.0:5-1.0:6-1.0:7-1.0:8-1.0:9-1.0:10-1.0:35347-5:35348-0:35349-100000.0:35350-2000.0:35351-300000.0:35352-1500.0,22.11
0-1.0:1-1.0:2-1.0:3-1.0:4-1.0:5-1.0:6-1.0:7-1.0:8-1.0:9-1.0:10-1.0:35347-5:35348-0:35349-100000.0:35350-2000.0:35351-300000.0:35352-5000.0,16.83
0-1.0:1-1.0:2-1.0:3-1.0:4-1.0:5-1.0:6-1.0:7-1.0:8-1.0:9-1.0:10-1.0:35347-5:35348-0:35349-100000.0:35350-2000.0:35351-500000.0:35352-100.0,36.95
0-1.0:1-1.0:2-1.0:3-1.0:4-1.0:5-1.0:6-1.0:7-1.0:8-1.0:9-1.0:10-1.0:35347-5:35348-0:35349-100000.0:35350-2000.0:35351-500000.0:35352-150.0,35.64
0-1.0:1-1.0:2-1.0:3-1.0:4-1.0:5-1.0:6-1.0:7-1.0:8-1.0:9-1.0:10-1.0:35347-5:35348-0:35349-100000.0:35350-2000.0:35351-500000.0:35352-250.0,30.36
0-1.0:1-1.0:2-1.0:3-1.0:4-1.0:5-1.0:6-1.0:7-1.0:8-1.0:9-1.0:10-1.0:35347-5:35348-0:35349-100000.0:35350-2000.0:35351-500000.0:35352-500.0,28.25
0-1.0:1-1.0:2-1.0:3-1.0:4-1.0:5-1.0:6-1.0:7-1.0:8-1.0:9-1.0:10-1.0:35347-5:35348-0:35349-100000.0:35350-2000.0:35351-500000.0:35352-750.0,26.67
0-1.0:1-1.0:2-1.0:3-1.0:4-1.0:5-1.0:6-1.0:7-1.0:8-1.0:9-1.0:10-1.0:35347-5:35348-0:35349-100000.0:35350-2000.0:35351-500000.0:35352-1500.0,43.59
0-1.0:1-1.0:2-1.0:3-1.0:4-1.0:5-1.0:6-1.0:7-1.0:8-1.0:9-1.0:10-1.0:35347-5:35348-0:35349-100000.0:35350-2000.0:35351-500000.0:35352-5000.0,33.03
0-1.0:2-1.0:3-1.0:4-1.0:5-1.0:6-1.0:7-1.0:8-1.0:9-1.0:10-1.0:8819-1.0:35347-1:35348-0:35349-4000.0:35350-1000.0:35351-100000.0:35352-100.0,24.1
0-1.0:1-1.0:2-1.0:3-1.0:4-1.0:5-1.0:6-1.0:7-1.0:8-1.0:9-1.0:10-1.0:35347-1:35348-0:35349-4000.0:35350-1000.0:35351-100000.0:35352-150.0,36.17
0-1.0:1-1.0:2-1.0:3-1.0:4-1.0:5-1.0:6-1.0:7-1.0:8-1.0:9-1.0:10-1.0:35347-1:35348-0:35349-4000.0:35350-1000.0:35351-100000.0:35352-250.0,15.07
0-1.0:1-1.0:2-1.0:3-1.0:4-1.0:5-1.0:6-1.0:7-1.0:8-1.0:9-1.0:10-1.0:35347-1:35348-0:35349-4000.0:35350-1000.0:35351-100000.0:35352-500.0,13.86
0-1.0:1-1.0:2-1.0:3-1.0:4-1.0:5-1.0:6-1.0:7-1.0:8-1.0:9-1.0:10-1.0:35347-1:35348-0:35349-4000.0:35350-1000.0:35351-100000.0:35352-750.0,12.96
0-1.0:1-1.0:2-1.0:3-1.0:4-1.0:5-1.0:6-1.0:7-1.0:8-1.0:9-1.0:10-1.0:35347-1:35348-0:35349-4000.0:35350-1000.0:35351-100000.0:35352-1500.0,14.46
0-1.0:2-1.0:3-1.0:4-1.0:5-1.0:6-1.0:7-1.0:8-1.0:9-1.0:10-1.0:8819-1.0:35347-1:35348-0:35349-4000.0:35350-1000.0:35351-100000.0:35352-2500.0,10.83
0-1.0:2-1.0:3-1.0:4-1.0:5-1.0:6-1.0:7-1.0:8-1.0:9-1.0:10-1.0:8819-1.0:35347-1:35348-0:35349-4000.0:35350-1000.0:35351-300000.0:35352-100.0,20.92
0-1.0:2-1.0:3-1.0:4-1.0:5-1.0:6-1.0:7-1.0:8-1.0:9-1.0:10-1.0:8819-1.0:35347-1:35348-0:35349-4000.0:35350-1000.0:35351-300000.0:35352-150.0,20.17
0-1.0:2-1.0:3-1.0:4-1.0:5-1.0:6-1.0:7-1.0:8-1.0:9-1.0:10-1.0:8819-1.0:35347-1:35348-0:35349-4000.0:35350-1000.0:35351-300000.0:35352-250.0,17.15
0-1.0:2-1.0:3-1.0:4-1.0:5-1.0:6-1.0:7-1.0:8-1.0:9-1.0:10-1.0:8819-1.0:35347-1:35348-0:35349-4000.0:35350-1000.0:35351-300000.0:35352-500.0,15.95
0-1.0:2-1.0:3-1.0:4-1.0:5-1.0:6-1.0:7-1.0:8-1.0:9-1.0:10-1.0:8819-1.0:35347-1:35348-0:35349-4000.0:35350-1000.0:35351-300000.0:35352-750.0,18.66
0-1.0:1-1.0:2-1.0:3-1.0:4-1.0:5-1.0:6-1.0:7-1.0:8-1.0:9-1.0:10-1.0:35347-1:35348-0:35349-4000.0:35350-1000.0:35351-300000.0:35352-1000.0,15.9
0-1.0:2-1.0:3-1.0:4-1.0:5-1.0:6-1.0:7-1.0:8-1.0:9-1.0:10-1.0:8819-1.0:35347-1:35348-0:35349-4000.0:35350-1000.0:35351-300000.0:35352-1500.0,13.38
0-1.0:1-1.0:2-1.0:3-1.0:4-1.0:5-1.0:6-1.0:7-1.0:8-1.0:9-1.0:10-1.0:35347-1:35348-0:35349-4000.0:35350-1000.0:35351-300000.0:35352-2500.0,12.03
0-1.0:2-1.0:3-1.0:4-1.0:5-1.0:6-1.0:7-1.0:8-1.0:9-1.0:10-1.0:8819-1.0:35347-1:35348-0:35349-4000.0:35350-1000.0:35351-300000.0:35352-5000.0,10.83
0-1.0:2-1.0:3-1.0:4-1.0:5-1.0:6-1.0:7-1.0:8-1.0:9-1.0:10-1.0:8819-1.0:35347-1:35348-0:35349-4000.0:35350-1000.0:35351-500000.0:35352-100.0,41.42
0-1.0:2-1.0:3-1.0:4-1.0:5-1.0:6-1.0:7-1.0:8-1.0:9-1.0:10-1.0:8819-1.0:35347-1:35348-0:35349-4000.0:35350-1000.0:35351-500000.0:35352-150.0,39.92
0-1.0:1-1.0:2-1.0:3-1.0:4-1.0:5-1.0:6-1.0:7-1.0:8-1.0:9-1.0:10-1.0:35347-1:35348-0:35349-4000.0:35350-1000.0:35351-500000.0:35352-250.0,18.82
0-1.0:2-1.0:3-1.0:4-1.0:5-1.0:6-1.0:7-1.0:8-1.0:9-1.0:10-1.0:8819-1.0:35347-1:35348-0:35349-4000.0:35350-1000.0:35351-500000.0:35352-750.0,16.71
0-1.0:1-1.0:2-1.0:3-1.0:4-1.0:5-1.0:6-1.0:7-1.0:8-1.0:9-1.0:10-1.0:35347-1:35348-0:35349-4000.0:35350-1000.0:35351-500000.0:35352-1000.0,15.96
0-1.0:2-1.0:3-1.0:4-1.0:5-1.0:6-1.0:7-1.0:8-1.0:9-1.0:10-1.0:8819-1.0:35347-1:35348-0:35349-4000.0:35350-1000.0:35351-500000.0:35352-1500.0,15.05
0-1.0:2-1.0:3-1.0:4-1.0:5-1.0:6-1.0:7-1.0:8-1.0:9-1.0:10-1.0:8819-1.0:35347-1:35348-0:35349-4000.0:35350-1000.0:35351-500000.0:35352-2500.0,13.7
0-1.0:2-1.0:3-1.0:4-1.0:5-1.0:6-1.0:7-1.0:8-1.0:9-1.0:10-1.0:8819-1.0:35347-1:35348-0:35349-4000.0:35350-2000.0:35351-100000.0:35352-100.0,19.09
0-1.0:2-1.0:3-1.0:4-1.0:5-1.0:6-1.0:7-1.0:8-1.0:9-1.0:10-1.0:8819-1.0:35347-1:35348-0:35349-4000.0:35350-2000.0:35351-100000.0:35352-150.0,18.33
0-1.0:2-1.0:3-1.0:4-1.0:5-1.0:6-1.0:7-1.0:8-1.0:9-1.0:10-1.0:8819-1.0:35347-1:35348-0:35349-4000.0:35350-2000.0:35351-100000.0:35352-250.0,15.32
0-1.0:1-1.0:2-1.0:3-1.0:4-1.0:5-1.0:6-1.0:7-1.0:8-1.0:9-1.0:10-1.0:35347-1:35348-0:35349-4000.0:35350-2000.0:35351-100000.0:35352-750.0,13.21
0-1.0:1-1.0:2-1.0:3-1.0:4-1.0:5-1.0:6-1.0:7-1.0:8-1.0:9-1.0:10-1.0:35347-1:35348-0:35349-4000.0:35350-2000.0:35351-100000.0:35352-1000.0,15.87
0-1.0:2-1.0:3-1.0:4-1.0:5-1.0:6-1.0:7-1.0:8-1.0:9-1.0:10-1.0:8819-1.0:35347-1:35348-0:35349-4000.0:35350-2000.0:35351-100000.0:35352-1500.0,11.55
0-1.0:2-1.0:3-1.0:4-1.0:5-1.0:6-1.0:7-1.0:8-1.0:9-1.0:10-1.0:8819-1.0:35347-1:35348-0:35349-4000.0:35350-2000.0:35351-100000.0:35352-2500.0,11.51
0-1.0:1-1.0:2-1.0:3-1.0:4-1.0:5-1.0:6-1.0:7-1.0:8-1.0:9-1.0:10-1.0:35347-1:35348-0:35349-4000.0:35350-2000.0:35351-300000.0:35352-100.0,21.17
0-1.0:2-1.0:3-1.0:4-1.0:5-1.0:6-1.0:7-1.0:8-1.0:9-1.0:10-1.0:8819-1.0:35347-1:35348-0:35349-4000.0:35350-2000.0:35351-300000.0:35352-150.0,20.42
0-1.0:1-1.0:2-1.0:3-1.0:4-1.0:5-1.0:6-1.0:7-1.0:8-1.0:9-1.0:10-1.0:35347-1:35348-0:35349-4000.0:35350-2000.0:35351-300000.0:35352-500.0,16.2
0-1.0:2-1.0:3-1.0:4-1.0:5-1.0:6-1.0:7-1.0:8-1.0:9-1.0:10-1.0:8819-1.0:35347-1:35348-0:35349-4000.0:35350-2000.0:35351-300000.0:35352-750.0,15.29
0-1.0:1-1.0:2-1.0:3-1.0:4-1.0:5-1.0:6-1.0:7-1.0:8-1.0:9-1.0:10-1.0:35347-1:35348-0:35349-4000.0:35350-2000.0:35351-300000.0:35352-1000.0,14.54
0-1.0:2-1.0:3-1.0:4-1.0:5-1.0:6-1.0:7-1.0:8-1.0:9-1.0:10-1.0:8819-1.0:35347-1:35348-0:35349-4000.0:35350-2000.0:35351-300000.0:35352-5000.0,10.83
0-1.0:2-1.0:3-1.0:4-1.0:5-1.0:6-1.0:7-1.0:8-1.0:9-1.0:10-1.0:8819-1.0:35347-1:35348-0:35349-4000.0:35350-2000.0:35351-500000.0:35352-150.0,22.08
0-1.0:1-1.0:2-1.0:3-1.0:4-1.0:5-1.0:6-1.0:7-1.0:8-1.0:9-1.0:10-1.0:35347-1:35348-0:35349-4000.0:35350-2000.0:35351-500000.0:35352-250.0,19.07
0-1.0:2-1.0:3-1.0:4-1.0:5-1.0:6-1.0:7-1.0:8-1.0:9-1.0:10-1.0:8819-1.0:35347-1:35348-0:35349-4000.0:35350-2000.0:35351-500000.0:35352-500.0,17.86
0-1.0:2-1.0:3-1.0:4-1.0:5-1.0:6-1.0:7-1.0:8-1.0:9-1.0:10-1.0:8819-1.0:35347-1:35348-0:35349-4000.0:35350-2000.0:35351-500000.0:35352-750.0,16.96
0-1.0:2-1.0:3-1.0:4-1.0:5-1.0:6-1.0:7-1.0:8-1.0:9-1.0:10-1.0:8819-1.0:35347-1:35348-0:35349-4000.0:35350-2000.0:35351-500000.0:35352-1000.0,16.21
0-1.0:1-1.0:2-1.0:3-1.0:4-1.0:5-1.0:6-1.0:7-1.0:8-1.0:9-1.0:10-1.0:35347-1:35348-0:35349-4000.0:35350-2000.0:35351-500000.0:35352-1500.0,26.6
0-1.0:1-1.0:2-1.0:3-1.0:4-1.0:5-1.0:6-1.0:7-1.0:8-1.0:9-1.0:10-1.0:35347-1:35348-0:35349-4000.0:35350-2000.0:35351-500000.0:35352-5000.0,12.29
0-1.0:2-1.0:3-1.0:4-1.0:5-1.0:6-1.0:7-1.0:8-1.0:9-1.0:10-1.0:8819-1.0:35347-1:35348-0:35349-8000.0:35350-1000.0:35351-100000.0:35352-100.0,37.67
0-1.0:2-1.0:3-1.0:4-1.0:5-1.0:6-1.0:7-1.0:8-1.0:9-1.0:10-1.0:8819-1.0:35347-1:35348-0:35349-8000.0:35350-1000.0:35351-100000.0:35352-150.0,18.08
0-1.0:2-1.0:3-1.0:4-1.0:5-1.0:6-1.0:7-1.0:8-1.0:9-1.0:10-1.0:8819-1.0:35347-1:35348-0:35349-8000.0:35350-1000.0:35351-100000.0:35352-250.0,17.06
0-1.0:2-1.0:3-1.0:4-1.0:5-1.0:6-1.0:7-1.0:8-1.0:9-1.0:10-1.0:8819-1.0:35347-1:35348-0:35349-8000.0:35350-1000.0:35351-100000.0:35352-500.0,13.86
0-1.0:1-1.0:2-1.0:3-1.0:4-1.0:5-1.0:6-1.0:7-1.0:8-1.0:9-1.0:10-1.0:35347-1:35348-0:35349-8000.0:35350-1000.0:35351-100000.0:35352-750.0,12.96
0-1.0:2-1.0:3-1.0:4-1.0:5-1.0:6-1.0:7-1.0:8-1.0:9-1.0:10-1.0:8819-1.0:35347-1:35348-0:35349-8000.0:35350-1000.0:35351-100000.0:35352-1500.0,14.46
0-1.0:1-1.0:2-1.0:3-1.0:4-1.0:5-1.0:6-1.0:7-1.0:8-1.0:9-1.0:10-1.0:35347-1:35348-0:35349-8000.0:35350-1000.0:35351-100000.0:35352-2500.0,10.83
0-1.0:1-1.0:2-1.0:3-1.0:4-1.0:5-1.0:6-1.0:7-1.0:8-1.0:9-1.0:10-1.0:35347-1:35348-0:35349-8000.0:35350-1000.0:35351-100000.0:35352-5000.0,10.83
0-1.0:1-1.0:2-1.0:3-1.0:4-1.0:5-1.0:6-1.0:7-1.0:8-1.0:9-1.0:10-1.0:35347-1:35348-0:35349-8000.0:35350-1000.0:35351-300000.0:35352-250.0,17.15
0-1.0:1-1.0:2-1.0:3-1.0:4-1.0:5-1.0:6-1.0:7-1.0:8-1.0:9-1.0:10-1.0:35347-1:35348-0:35349-8000.0:35350-1000.0:35351-300000.0:35352-750.0,15.04
0-1.0:2-1.0:3-1.0:4-1.0:5-1.0:6-1.0:7-1.0:8-1.0:9-1.0:10-1.0:8819-1.0:35347-1:35348-0:35349-8000.0:35350-1000.0:35351-300000.0:35352-1500.0,13.38
0-1.0:2-1.0:3-1.0:4-1.0:5-1.0:6-1.0:7-1.0:8-1.0:9-1.0:10-1.0:8819-1.0:35347-1:35348-0:35349-8000.0:35350-1000.0:35351-300000.0:35352-2500.0,14.81
0-1.0:2-1.0:3-1.0:4-1.0:5-1.0:6-1.0:7-1.0:8-1.0:9-1.0:10-1.0:8819-1.0:35347-1:35348-0:35349-8000.0:35350-1000.0:35351-300000.0:35352-5000.0,10.83
0-1.0:1-1.0:2-1.0:3-1.0:4-1.0:5-1.0:6-1.0:7-1.0:8-1.0:9-1.0:10-1.0:35347-1:35348-0:35349-8000.0:35350-1000.0:35351-500000.0:35352-250.0,33.89
0-1.0:2-1.0:3-1.0:4-1.0:5-1.0:6-1.0:7-1.0:8-1.0:9-1.0:10-1.0:8819-1.0:35347-1:35348-0:35349-8000.0:35350-1000.0:35351-500000.0:35352-500.0,19.45
0-1.0:2-1.0:3-1.0:4-1.0:5-1.0:6-1.0:7-1.0:8-1.0:9-1.0:10-1.0:8819-1.0:35347-1:35348-0:35349-8000.0:35350-1000.0:35351-500000.0:35352-750.0,18.42
0-1.0:2-1.0:3-1.0:4-1.0:5-1.0:6-1.0:7-1.0:8-1.0:9-1.0:10-1.0:8819-1.0:35347-1:35348-0:35349-8000.0:35350-1000.0:35351-500000.0:35352-1000.0,15.96
0-1.0:2-1.0:3-1.0:4-1.0:5-1.0:6-1.0:7-1.0:8-1.0:9-1.0:10-1.0:8819-1.0:35347-1:35348-0:35349-8000.0:35350-1000.0:35351-500000.0:35352-1500.0,15.05
0-1.0:2-1.0:3-1.0:4-1.0:5-1.0:6-1.0:7-1.0:8-1.0:9-1.0:10-1.0:8819-1.0:35347-1:35348-0:35349-8000.0:35350-1000.0:35351-500000.0:35352-2500.0,23.64
0-1.0:2-1.0:3-1.0:4-1.0:5-1.0:6-1.0:7-1.0:8-1.0:9-1.0:10-1.0:8819-1.0:35347-1:35348-0:35349-8000.0:35350-1000.0:35351-500000.0:35352-5000.0,14.35
0-1.0:2-1.0:3-1.0:4-1.0:5-1.0:6-1.0:7-1.0:8-1.0:9-1.0:10-1.0:8819-1.0:35347-1:35348-0:35349-8000.0:35350-2000.0:35351-100000.0:35352-250.0,17.31
0-1.0:2-1.0:3-1.0:4-1.0:5-1.0:6-1.0:7-1.0:8-1.0:9-1.0:10-1.0:8819-1.0:35347-1:35348-0:35349-8000.0:35350-2000.0:35351-100000.0:35352-500.0,14.11
0-1.0:2-1.0:3-1.0:4-1.0:5-1.0:6-1.0:7-1.0:8-1.0:9-1.0:10-1.0:8819-1.0:35347-1:35348-0:35349-8000.0:35350-2000.0:35351-100000.0:35352-750.0,13.21
0-1.0:2-1.0:3-1.0:4-1.0:5-1.0:6-1.0:7-1.0:8-1.0:9-1.0:10-1.0:8819-1.0:35347-1:35348-0:35349-8000.0:35350-2000.0:35351-100000.0:35352-1000.0,12.46
0-1.0:2-1.0:3-1.0:4-1.0:5-1.0:6-1.0:7-1.0:8-1.0:9-1.0:10-1.0:8819-1.0:35347-1:35348-0:35349-8000.0:35350-2000.0:35351-100000.0:35352-1500.0,11.55
0-1.0:2-1.0:3-1.0:4-1.0:5-1.0:6-1.0:7-1.0:8-1.0:9-1.0:10-1.0:8819-1.0:35347-1:35348-0:35349-8000.0:35350-2000.0:35351-100000.0:35352-2500.0,10.83
0-1.0:2-1.0:3-1.0:4-1.0:5-1.0:6-1.0:7-1.0:8-1.0:9-1.0:10-1.0:8819-1.0:35347-1:35348-0:35349-8000.0:35350-2000.0:35351-100000.0:35352-5000.0,10.85
0-1.0:2-1.0:3-1.0:4-1.0:5-1.0:6-1.0:7-1.0:8-1.0:9-1.0:10-1.0:8819-1.0:35347-1:35348-0:35349-8000.0:35350-2000.0:35351-300000.0:35352-100.0,26.43
0-1.0:1-1.0:2-1.0:3-1.0:4-1.0:5-1.0:6-1.0:7-1.0:8-1.0:9-1.0:10-1.0:35347-1:35348-0:35349-8000.0:35350-2000.0:35351-300000.0:35352-150.0,20.42
0-1.0:2-1.0:3-1.0:4-1.0:5-1.0:6-1.0:7-1.0:8-1.0:9-1.0:10-1.0:8819-1.0:35347-1:35348-0:35349-8000.0:35350-2000.0:35351-300000.0:35352-500.0,16.2
0-1.0:2-1.0:3-1.0:4-1.0:5-1.0:6-1.0:7-1.0:8-1.0:9-1.0:10-1.0:8819-1.0:35347-1:35348-0:35349-8000.0:35350-2000.0:35351-300000.0:35352-750.0,18.91
0-1.0:2-1.0:3-1.0:4-1.0:5-1.0:6-1.0:7-1.0:8-1.0:9-1.0:10-1.0:8819-1.0:35347-1:35348-0:35349-8000.0:35350-2000.0:35351-300000.0:35352-2500.0,12.28
0-1.0:1-1.0:2-1.0:3-1.0:4-1.0:5-1.0:6-1.0:7-1.0:8-1.0:9-1.0:10-1.0:35347-1:35348-0:35349-8000.0:35350-2000.0:35351-300000.0:35352-5000.0,10.83
0-1.0:1-1.0:2-1.0:3-1.0:4-1.0:5-1.0:6-1.0:7-1.0:8-1.0:9-1.0:10-1.0:35347-1:35348-0:35349-8000.0:35350-2000.0:35351-500000.0:35352-100.0,41.67
0-1.0:2-1.0:3-1.0:4-1.0:5-1.0:6-1.0:7-1.0:8-1.0:9-1.0:10-1.0:8819-1.0:35347-1:35348-0:35349-8000.0:35350-2000.0:35351-500000.0:35352-500.0,17.86
0-1.0:2-1.0:3-1.0:4-1.0:5-1.0:6-1.0:7-1.0:8-1.0:9-1.0:10-1.0:8819-1.0:35347-1:35348-0:35349-8000.0:35350-2000.0:35351-500000.0:35352-750.0,16.96
0-1.0:2-1.0:3-1.0:4-1.0:5-1.0:6-1.0:7-1.0:8-1.0:9-1.0:10-1.0:8819-1.0:35347-1:35348-0:35349-8000.0:35350-2000.0:35351-500000.0:35352-1000.0,16.21
0-1.0:1-1.0:2-1.0:3-1.0:4-1.0:5-1.0:6-1.0:7-1.0:8-1.0:9-1.0:10-1.0:35347-1:35348-0:35349-8000.0:35350-2000.0:35351-500000.0:35352-1500.0,15.3
0-1.0:2-1.0:3-1.0:4-1.0:5-1.0:6-1.0:7-1.0:8-1.0:9-1.0:10-1.0:8819-1.0:35347-1:35348-0:35349-8000.0:35350-2000.0:35351-500000.0:35352-2500.0,16.72
0-1.0:2-1.0:3-1.0:4-1.0:5-1.0:6-1.0:7-1.0:8-1.0:9-1.0:10-1.0:8819-1.0:35347-1:35348-0:35349-8000.0:35350-2000.0:35351-500000.0:35352-5000.0,14.6
0-1.0:2-1.0:3-1.0:4-1.0:5-1.0:6-1.0:7-1.0:8-1.0:9-1.0:10-1.0:8819-1.0:35347-1:35348-0:35349-12000.0:35350-1000.0:35351-100000.0:35352-100.0,18.84
0-1.0:2-1.0:3-1.0:4-1.0:5-1.0:6-1.0:7-1.0:8-1.0:9-1.0:10-1.0:8819-1.0:35347-1:35348-0:35349-12000.0:35350-1000.0:35351-100000.0:35352-150.0,23.13
0-1.0:2-1.0:3-1.0:4-1.0:5-1.0:6-1.0:7-1.0:8-1.0:9-1.0:10-1.0:8819-1.0:35347-1:35348-0:35349-12000.0:35350-1000.0:35351-100000.0:35352-250.0,15.07
0-1.0:2-1.0:3-1.0:4-1.0:5-1.0:6-1.0:7-1.0:8-1.0:9-1.0:10-1.0:8819-1.0:35347-1:35348-0:35349-12000.0:35350-1000.0:35351-100000.0:35352-750.0,16.58
0-1.0:2-1.0:3-1.0:4-1.0:5-1.0:6-1.0:7-1.0:8-1.0:9-1.0:10-1.0:8819-1.0:35347-1:35348-0:35349-12000.0:35350-1000.0:35351-100000.0:35352-1500.0,11.3
0-1.0:2-1.0:3-1.0:4-1.0:5-1.0:6-1.0:7-1.0:8-1.0:9-1.0:10-1.0:8819-1.0:35347-1:35348-0:35349-12000.0:35350-1000.0:35351-100000.0:35352-2500.0,10.83
0-1.0:2-1.0:3-1.0:4-1.0:5-1.0:6-1.0:7-1.0:8-1.0:9-1.0:10-1.0:8819-1.0:35347-1:35348-0:35349-12000.0:35350-1000.0:35351-100000.0:35352-5000.0,10.83
0-1.0:1-1.0:2-1.0:3-1.0:4-1.0:5-1.0:6-1.0:7-1.0:8-1.0:9-1.0:10-1.0:35347-1:35348-0:35349-12000.0:35350-1000.0:35351-300000.0:35352-100.0,20.92
0-1.0:2-1.0:3-1.0:4-1.0:5-1.0:6-1.0:7-1.0:8-1.0:9-1.0:10-1.0:8819-1.0:35347-1:35348-0:35349-12000.0:35350-1000.0:35351-300000.0:35352-150.0,20.17
0-1.0:1-1.0:2-1.0:3-1.0:4-1.0:5-1.0:6-1.0:7-1.0:8-1.0:9-1.0:10-1.0:35347-1:35348-0:35349-12000.0:35350-1000.0:35351-300000.0:35352-500.0,15.95
0-1.0:2-1.0:3-1.0:4-1.0:5-1.0:6-1.0:7-1.0:8-1.0:9-1.0:10-1.0:8819-1.0:35347-1:35348-0:35349-12000.0:35350-1000.0:35351-300000.0:35352-750.0,15.04
0-1.0:2-1.0:3-1.0:4-1.0:5-1.0:6-1.0:7-1.0:8-1.0:9-1.0:10-1.0:8819-1.0:35347-1:35348-0:35349-12000.0:35350-1000.0:35351-300000.0:35352-1000.0,14.29
0-1.0:1-1.0:2-1.0:3-1.0:4-1.0:5-1.0:6-1.0:7-1.0:8-1.0:9-1.0:10-1.0:35347-1:35348-0:35349-12000.0:35350-1000.0:35351-300000.0:35352-1500.0,14.88
0-1.0:1-1.0:2-1.0:3-1.0:4-1.0:5-1.0:6-1.0:7-1.0:8-1.0:9-1.0:10-1.0:35347-1:35348-0:35349-12000.0:35350-1000.0:35351-300000.0:35352-2500.0,12.03
0-1.0:2-1.0:3-1.0:4-1.0:5-1.0:6-1.0:7-1.0:8-1.0:9-1.0:10-1.0:8819-1.0:35347-1:35348-0:35349-12000.0:35350-1000.0:35351-500000.0:35352-100.0,27.85
0-1.0:2-1.0:3-1.0:4-1.0:5-1.0:6-1.0:7-1.0:8-1.0:9-1.0:10-1.0:8819-1.0:35347-1:35348-0:35349-12000.0:35350-1000.0:35351-500000.0:35352-250.0,20.81
0-1.0:2-1.0:3-1.0:4-1.0:5-1.0:6-1.0:7-1.0:8-1.0:9-1.0:10-1.0:8819-1.0:35347-1:35348-0:35349-12000.0:35350-1000.0:35351-500000.0:35352-500.0,17.61
0-1.0:1-1.0:2-1.0:3-1.0:4-1.0:5-1.0:6-1.0:7-1.0:8-1.0:9-1.0:10-1.0:35347-1:35348-0:35349-12000.0:35350-1000.0:35351-500000.0:35352-1000.0,15.96
0-1.0:1-1.0:2-1.0:3-1.0:4-1.0:5-1.0:6-1.0:7-1.0:8-1.0:9-1.0:10-1.0:35347-1:35348-0:35349-12000.0:35350-1000.0:35351-500000.0:35352-1500.0,15.05
0-1.0:1-1.0:2-1.0:3-1.0:4-1.0:5-1.0:6-1.0:7-1.0:8-1.0:9-1.0:10-1.0:35347-1:35348-0:35349-12000.0:35350-1000.0:35351-500000.0:35352-2500.0,13.7
0-1.0:2-1.0:3-1.0:4-1.0:5-1.0:6-1.0:7-1.0:8-1.0:9-1.0:10-1.0:8819-1.0:35347-1:35348-0:35349-12000.0:35350-1000.0:35351-500000.0:35352-5000.0,14.35
0-1.0:2-1.0:3-1.0:4-1.0:5-1.0:6-1.0:7-1.0:8-1.0:9-1.0:10-1.0:8819-1.0:35347-1:35348-0:35349-12000.0:35350-2000.0:35351-100000.0:35352-100.0,19.09
0-1.0:1-1.0:2-1.0:3-1.0:4-1.0:5-1.0:6-1.0:7-1.0:8-1.0:9-1.0:10-1.0:35347-1:35348-0:35349-12000.0:35350-2000.0:35351-100000.0:35352-150.0,36.42
0-1.0:1-1.0:2-1.0:3-1.0:4-1.0:5-1.0:6-1.0:7-1.0:8-1.0:9-1.0:10-1.0:35347-1:35348-0:35349-12000.0:35350-2000.0:35351-100000.0:35352-500.0,14.11
0-1.0:2-1.0:3-1.0:4-1.0:5-1.0:6-1.0:7-1.0:8-1.0:9-1.0:10-1.0:8819-1.0:35347-1:35348-0:35349-12000.0:35350-2000.0:35351-100000.0:35352-750.0,14.92
0-1.0:2-1.0:3-1.0:4-1.0:5-1.0:6-1.0:7-1.0:8-1.0:9-1.0:10-1.0:8819-1.0:35347-1:35348-0:35349-12000.0:35350-2000.0:35351-100000.0:35352-1000.0,12.46
0-1.0:2-1.0:3-1.0:4-1.0:5-1.0:6-1.0:7-1.0:8-1.0:9-1.0:10-1.0:8819-1.0:35347-1:35348-0:35349-12000.0:35350-2000.0:35351-100000.0:35352-1500.0,11.55
0-1.0:2-1.0:3-1.0:4-1.0:5-1.0:6-1.0:7-1.0:8-1.0:9-1.0:10-1.0:8819-1.0:35347-1:35348-0:35349-12000.0:35350-2000.0:35351-100000.0:35352-2500.0,12.97
0-1.0:2-1.0:3-1.0:4-1.0:5-1.0:6-1.0:7-1.0:8-1.0:9-1.0:10-1.0:8819-1.0:35347-1:35348-0:35349-12000.0:35350-2000.0:35351-100000.0:35352-5000.0,10.83
0-1.0:2-1.0:3-1.0:4-1.0:5-1.0:6-1.0:7-1.0:8-1.0:9-1.0:10-1.0:8819-1.0:35347-1:35348-0:35349-12000.0:35350-2000.0:35351-300000.0:35352-150.0,25.47
0-1.0:2-1.0:3-1.0:4-1.0:5-1.0:6-1.0:7-1.0:8-1.0:9-1.0:10-1.0:8819-1.0:35347-1:35348-0:35349-12000.0:35350-2000.0:35351-300000.0:35352-250.0,17.4
0-1.0:1-1.0:2-1.0:3-1.0:4-1.0:5-1.0:6-1.0:7-1.0:8-1.0:9-1.0:10-1.0:35347-1:35348-0:35349-12000.0:35350-2000.0:35351-300000.0:35352-750.0,15.29
0-1.0:2-1.0:3-1.0:4-1.0:5-1.0:6-1.0:7-1.0:8-1.0:9-1.0:10-1.0:8819-1.0:35347-1:35348-0:35349-12000.0:35350-2000.0:35351-300000.0:35352-1500.0,15.13
0-1.0:2-1.0:3-1.0:4-1.0:5-1.0:6-1.0:7-1.0:8-1.0:9-1.0:10-1.0:8819-1.0:35347-1:35348-0:35349-12000.0:35350-2000.0:35351-300000.0:35352-2500.0,13.6
0-1.0:2-1.0:3-1.0:4-1.0:5-1.0:6-1.0:7-1.0:8-1.0:9-1.0:10-1.0:8819-1.0:35347-1:35348-0:35349-12000.0:35350-2000.0:35351-300000.0:35352-5000.0,10.83
0-1.0:1-1.0:2-1.0:3-1.0:4-1.0:5-1.0:6-1.0:7-1.0:8-1.0:9-1.0:10-1.0:35347-1:35348-0:35349-12000.0:35350-2000.0:35351-500000.0:35352-100.0,22.84
0-1.0:1-1.0:2-1.0:3-1.0:4-1.0:5-1.0:6-1.0:7-1.0:8-1.0:9-1.0:10-1.0:35347-1:35348-0:35349-12000.0:35350-2000.0:35351-500000.0:35352-150.0,22.08
0-1.0:1-1.0:2-1.0:3-1.0:4-1.0:5-1.0:6-1.0:7-1.0:8-1.0:9-1.0:10-1.0:35347-1:35348-0:35349-12000.0:35350-2000.0:35351-500000.0:35352-500.0,17.86
0-1.0:2-1.0:3-1.0:4-1.0:5-1.0:6-1.0:7-1.0:8-1.0:9-1.0:10-1.0:8819-1.0:35347-1:35348-0:35349-12000.0:35350-2000.0:35351-500000.0:35352-750.0,16.96
0-1.0:2-1.0:3-1.0:4-1.0:5-1.0:6-1.0:7-1.0:8-1.0:9-1.0:10-1.0:8819-1.0:35347-1:35348-0:35349-12000.0:35350-2000.0:35351-500000.0:35352-1000.0,19.62
0-1.0:1-1.0:2-1.0:3-1.0:4-1.0:5-1.0:6-1.0:7-1.0:8-1.0:9-1.0:10-1.0:35347-1:35348-0:35349-12000.0:35350-2000.0:35351-500000.0:35352-1500.0,15.3
0-1.0:2-1.0:3-1.0:4-1.0:5-1.0:6-1.0:7-1.0:8-1.0:9-1.0:10-1.0:8819-1.0:35347-1:35348-0:35349-12000.0:35350-2000.0:35351-500000.0:35352-2500.0,23.89
0-1.0:1-1.0:2-1.0:3-1.0:4-1.0:5-1.0:6-1.0:7-1.0:8-1.0:9-1.0:10-1.0:35347-1:35348-0:35349-12000.0:35350-2000.0:35351-500000.0:35352-5000.0,12.29
0-1.0:2-1.0:3-1.0:4-1.0:5-1.0:6-1.0:7-1.0:8-1.0:9-1.0:10-1.0:8819-1.0:35347-1:35348-0:35349-16000.0:35350-1000.0:35351-100000.0:35352-100.0,24.47
0-1.0:1-1.0:2-1.0:3-1.0:4-1.0:5-1.0:6-1.0:7-1.0:8-1.0:9-1.0:10-1.0:35347-1:35348-0:35349-16000.0:35350-1000.0:35351-100000.0:35352-250.0,15.29
0-1.0:2-1.0:3-1.0:4-1.0:5-1.0:6-1.0:7-1.0:8-1.0:9-1.0:10-1.0:8819-1.0:35347-1:35348-0:35349-16000.0:35350-1000.0:35351-100000.0:35352-500.0,15.9
0-1.0:2-1.0:3-1.0:4-1.0:5-1.0:6-1.0:7-1.0:8-1.0:9-1.0:10-1.0:8819-1.0:35347-1:35348-0:35349-16000.0:35350-1000.0:35351-100000.0:35352-1500.0,22.93
0-1.0:2-1.0:3-1.0:4-1.0:5-1.0:6-1.0:7-1.0:8-1.0:9-1.0:10-1.0:8819-1.0:35347-1:35348-0:35349-16000.0:35350-1000.0:35351-100000.0:35352-5000.0,10.83
0-1.0:1-1.0:2-1.0:3-1.0:4-1.0:5-1.0:6-1.0:7-1.0:8-1.0:9-1.0:10-1.0:35347-1:35348-0:35349-16000.0:35350-1000.0:35351-300000.0:35352-100.0,21.2
0-1.0:1-1.0:2-1.0:3-1.0:4-1.0:5-1.0:6-1.0:7-1.0:8-1.0:9-1.0:10-1.0:35347-1:35348-0:35349-16000.0:35350-1000.0:35351-300000.0:35352-250.0,17.37
0-1.0:2-1.0:3-1.0:4-1.0:5-1.0:6-1.0:7-1.0:8-1.0:9-1.0:10-1.0:8819-1.0:35347-1:35348-0:35349-16000.0:35350-1000.0:35351-300000.0:35352-500.0,20.09
0-1.0:1-1.0:2-1.0:3-1.0:4-1.0:5-1.0:6-1.0:7-1.0:8-1.0:9-1.0:10-1.0:35347-1:35348-0:35349-16000.0:35350-1000.0:35351-300000.0:35352-750.0,15.23
0-1.0:2-1.0:3-1.0:4-1.0:5-1.0:6-1.0:7-1.0:8-1.0:9-1.0:10-1.0:8819-1.0:35347-1:35348-0:35349-16000.0:35350-1000.0:35351-300000.0:35352-1500.0,13.55
0-1.0:2-1.0:3-1.0:4-1.0:5-1.0:6-1.0:7-1.0:8-1.0:9-1.0:10-1.0:8819-1.0:35347-1:35348-0:35349-16000.0:35350-1000.0:35351-300000.0:35352-2500.0,12.18
0-1.0:2-1.0:3-1.0:4-1.0:5-1.0:6-1.0:7-1.0:8-1.0:9-1.0:10-1.0:8819-1.0:35347-1:35348-0:35349-16000.0:35350-1000.0:35351-300000.0:35352-5000.0,10.83
0-1.0:1-1.0:2-1.0:3-1.0:4-1.0:5-1.0:6-1.0:7-1.0:8-1.0:9-1.0:10-1.0:35347-1:35348-0:35349-16000.0:35350-1000.0:35351-500000.0:35352-100.0,22.86
0-1.0:1-1.0:2-1.0:3-1.0:4-1.0:5-1.0:6-1.0:7-1.0:8-1.0:9-1.0:10-1.0:35347-1:35348-0:35349-16000.0:35350-1000.0:35351-500000.0:35352-150.0,22.1
0-1.0:2-1.0:3-1.0:4-1.0:5-1.0:6-1.0:7-1.0:8-1.0:9-1.0:10-1.0:8819-1.0:35347-1:35348-0:35349-16000.0:35350-1000.0:35351-500000.0:35352-250.0,23.32
0-1.0:1-1.0:2-1.0:3-1.0:4-1.0:5-1.0:6-1.0:7-1.0:8-1.0:9-1.0:10-1.0:35347-1:35348-0:35349-16000.0:35350-1000.0:35351-500000.0:35352-500.0,17.82
0-1.0:1-1.0:2-1.0:3-1.0:4-1.0:5-1.0:6-1.0:7-1.0:8-1.0:9-1.0:10-1.0:35347-1:35348-0:35349-16000.0:35350-1000.0:35351-500000.0:35352-750.0,16.9
0-1.0:1-1.0:2-1.0:3-1.0:4-1.0:5-1.0:6-1.0:7-1.0:8-1.0:9-1.0:10-1.0:35347-1:35348-0:35349-16000.0:35350-1000.0:35351-500000.0:35352-1500.0,15.22
0-1.0:1-1.0:2-1.0:3-1.0:4-1.0:5-1.0:6-1.0:7-1.0:8-1.0:9-1.0:10-1.0:35347-1:35348-0:35349-16000.0:35350-1000.0:35351-500000.0:35352-2500.0,13.84
0-1.0:1-1.0:2-1.0:3-1.0:4-1.0:5-1.0:6-1.0:7-1.0:8-1.0:9-1.0:10-1.0:35347-1:35348-0:35349-16000.0:35350-1000.0:35351-500000.0:35352-5000.0,12.16
0-1.0:2-1.0:3-1.0:4-1.0:5-1.0:6-1.0:7-1.0:8-1.0:9-1.0:10-1.0:8819-1.0:35347-1:35348-0:35349-16000.0:35350-2000.0:35351-100000.0:35352-100.0,19.36
0-1.0:2-1.0:3-1.0:4-1.0:5-1.0:6-1.0:7-1.0:8-1.0:9-1.0:10-1.0:8819-1.0:35347-1:35348-0:35349-16000.0:35350-2000.0:35351-100000.0:35352-150.0,18.6
0-1.0:1-1.0:2-1.0:3-1.0:4-1.0:5-1.0:6-1.0:7-1.0:8-1.0:9-1.0:10-1.0:35347-1:35348-0:35349-16000.0:35350-2000.0:35351-100000.0:35352-250.0,19.82
0-1.0:2-1.0:3-1.0:4-1.0:5-1.0:6-1.0:7-1.0:8-1.0:9-1.0:10-1.0:8819-1.0:35347-1:35348-0:35349-16000.0:35350-2000.0:35351-100000.0:35352-500.0,18.26
0-1.0:1-1.0:2-1.0:3-1.0:4-1.0:5-1.0:6-1.0:7-1.0:8-1.0:9-1.0:10-1.0:35347-1:35348-0:35349-16000.0:35350-2000.0:35351-100000.0:35352-750.0,13.4
0-1.0:1-1.0:2-1.0:3-1.0:4-1.0:5-1.0:6-1.0:7-1.0:8-1.0:9-1.0:10-1.0:35347-1:35348-0:35349-16000.0:35350-2000.0:35351-100000.0:35352-1000.0,12.64
0-1.0:2-1.0:3-1.0:4-1.0:5-1.0:6-1.0:7-1.0:8-1.0:9-1.0:10-1.0:8819-1.0:35347-1:35348-0:35349-16000.0:35350-2000.0:35351-100000.0:35352-1500.0,11.72
0-1.0:2-1.0:3-1.0:4-1.0:5-1.0:6-1.0:7-1.0:8-1.0:9-1.0:10-1.0:8819-1.0:35347-1:35348-0:35349-16000.0:35350-2000.0:35351-100000.0:35352-2500.0,13.17
0-1.0:2-1.0:3-1.0:4-1.0:5-1.0:6-1.0:7-1.0:8-1.0:9-1.0:10-1.0:8819-1.0:35347-1:35348-0:35349-16000.0:35350-2000.0:35351-100000.0:35352-5000.0,10.83
0-1.0:2-1.0:3-1.0:4-1.0:5-1.0:6-1.0:7-1.0:8-1.0:9-1.0:10-1.0:8819-1.0:35347-1:35348-0:35349-16000.0:35350-2000.0:35351-300000.0:35352-100.0,26.8
0-1.0:2-1.0:3-1.0:4-1.0:5-1.0:6-1.0:7-1.0:8-1.0:9-1.0:10-1.0:8819-1.0:35347-1:35348-0:35349-16000.0:35350-2000.0:35351-300000.0:35352-250.0,21.91
0-1.0:1-1.0:2-1.0:3-1.0:4-1.0:5-1.0:6-1.0:7-1.0:8-1.0:9-1.0:10-1.0:35347-1:35348-0:35349-16000.0:35350-2000.0:35351-300000.0:35352-500.0,20.34
0-1.0:2-1.0:3-1.0:4-1.0:5-1.0:6-1.0:7-1.0:8-1.0:9-1.0:10-1.0:8819-1.0:35347-1:35348-0:35349-16000.0:35350-2000.0:35351-300000.0:35352-750.0,28.63
0-1.0:2-1.0:3-1.0:4-1.0:5-1.0:6-1.0:7-1.0:8-1.0:9-1.0:10-1.0:8819-1.0:35347-1:35348-0:35349-16000.0:35350-2000.0:35351-300000.0:35352-1000.0,16.33
0-1.0:2-1.0:3-1.0:4-1.0:5-1.0:6-1.0:7-1.0:8-1.0:9-1.0:10-1.0:8819-1.0:35347-1:35348-0:35349-16000.0:35350-2000.0:35351-300000.0:35352-1500.0,17.01
0-1.0:2-1.0:3-1.0:4-1.0:5-1.0:6-1.0:7-1.0:8-1.0:9-1.0:10-1.0:8819-1.0:35347-1:35348-0:35349-16000.0:35350-2000.0:35351-300000.0:35352-2500.0,12.43
0-1.0:2-1.0:3-1.0:4-1.0:5-1.0:6-1.0:7-1.0:8-1.0:9-1.0:10-1.0:8819-1.0:35347-1:35348-0:35349-16000.0:35350-2000.0:35351-300000.0:35352-5000.0,10.83
0-1.0:1-1.0:2-1.0:3-1.0:4-1.0:5-1.0:6-1.0:7-1.0:8-1.0:9-1.0:10-1.0:35347-1:35348-0:35349-16000.0:35350-2000.0:35351-500000.0:35352-100.0,23.11
0-1.0:2-1.0:3-1.0:4-1.0:5-1.0:6-1.0:7-1.0:8-1.0:9-1.0:10-1.0:8819-1.0:35347-1:35348-0:35349-16000.0:35350-2000.0:35351-500000.0:35352-150.0,22.35
0-1.0:1-1.0:2-1.0:3-1.0:4-1.0:5-1.0:6-1.0:7-1.0:8-1.0:9-1.0:10-1.0:35347-1:35348-0:35349-16000.0:35350-2000.0:35351-500000.0:35352-250.0,34.58
0-1.0:2-1.0:3-1.0:4-1.0:5-1.0:6-1.0:7-1.0:8-1.0:9-1.0:10-1.0:8819-1.0:35347-1:35348-0:35349-16000.0:35350-2000.0:35351-500000.0:35352-500.0,18.07
0-1.0:1-1.0:2-1.0:3-1.0:4-1.0:5-1.0:6-1.0:7-1.0:8-1.0:9-1.0:10-1.0:35347-1:35348-0:35349-16000.0:35350-2000.0:35351-500000.0:35352-750.0,17.15
0-1.0:2-1.0:3-1.0:4-1.0:5-1.0:6-1.0:7-1.0:8-1.0:9-1.0:10-1.0:8819-1.0:35347-1:35348-0:35349-16000.0:35350-2000.0:35351-500000.0:35352-1000.0,16.39
0-1.0:2-1.0:3-1.0:4-1.0:5-1.0:6-1.0:7-1.0:8-1.0:9-1.0:10-1.0:8819-1.0:35347-1:35348-0:35349-16000.0:35350-2000.0:35351-500000.0:35352-1500.0,15.47
0-1.0:1-1.0:2-1.0:3-1.0:4-1.0:5-1.0:6-1.0:7-1.0:8-1.0:9-1.0:10-1.0:35347-1:35348-0:35349-16000.0:35350-2000.0:35351-500000.0:35352-2500.0,24.18
0-1.0:2-1.0:3-1.0:4-1.0:5-1.0:6-1.0:7-1.0:8-1.0:9-1.0:10-1.0:8819-1.0:35347-1:35348-0:35349-20000.0:35350-1000.0:35351-100000.0:35352-100.0,40.72
0-1.0:2-1.0:3-1.0:4-1.0:5-1.0:6-1.0:7-1.0:8-1.0:9-1.0:10-1.0:8819-1.0:35347-1:35348-0:35349-20000.0:35350-1000.0:35351-100000.0:35352-150.0,19.5
0-1.0:2-1.0:3-1.0:4-1.0:5-1.0:6-1.0:7-1.0:8-1.0:9-1.0:10-1.0:8819-1.0:35347-1:35348-0:35349-20000.0:35350-1000.0:35351-100000.0:35352-500.0,14.95
0-1.0:2-1.0:3-1.0:4-1.0:5-1.0:6-1.0:7-1.0:8-1.0:9-1.0:10-1.0:8819-1.0:35347-1:35348-0:35349-20000.0:35350-1000.0:35351-100000.0:35352-750.0,13.98
0-1.0:2-1.0:3-1.0:4-1.0:5-1.0:6-1.0:7-1.0:8-1.0:9-1.0:10-1.0:8819-1.0:35347-1:35348-0:35349-20000.0:35350-1000.0:35351-100000.0:35352-1500.0,15.57
0-1.0:1-1.0:2-1.0:3-1.0:4-1.0:5-1.0:6-1.0:7-1.0:8-1.0:9-1.0:10-1.0:35347-1:35348-0:35349-20000.0:35350-1000.0:35351-100000.0:35352-5000.0,10.83
0-1.0:1-1.0:2-1.0:3-1.0:4-1.0:5-1.0:6-1.0:7-1.0:8-1.0:9-1.0:10-1.0:35347-1:35348-0:35349-20000.0:35350-1000.0:35351-300000.0:35352-100.0,22.4
0-1.0:2-1.0:3-1.0:4-1.0:5-1.0:6-1.0:7-1.0:8-1.0:9-1.0:10-1.0:8819-1.0:35347-1:35348-0:35349-20000.0:35350-1000.0:35351-300000.0:35352-150.0,21.58
0-1.0:1-1.0:2-1.0:3-1.0:4-1.0:5-1.0:6-1.0:7-1.0:8-1.0:9-1.0:10-1.0:35347-1:35348-0:35349-20000.0:35350-1000.0:35351-300000.0:35352-250.0,18.33
0-1.0:2-1.0:3-1.0:4-1.0:5-1.0:6-1.0:7-1.0:8-1.0:9-1.0:10-1.0:8819-1.0:35347-1:35348-0:35349-20000.0:35350-1000.0:35351-300000.0:35352-750.0,16.06
0-1.0:1-1.0:2-1.0:3-1.0:4-1.0:5-1.0:6-1.0:7-1.0:8-1.0:9-1.0:10-1.0:35347-1:35348-0:35349-20000.0:35350-1000.0:35351-300000.0:35352-1500.0,14.27
0-1.0:2-1.0:3-1.0:4-1.0:5-1.0:6-1.0:7-1.0:8-1.0:9-1.0:10-1.0:8819-1.0:35347-1:35348-0:35349-20000.0:35350-1000.0:35351-300000.0:35352-2500.0,14.27
0-1.0:1-1.0:2-1.0:3-1.0:4-1.0:5-1.0:6-1.0:7-1.0:8-1.0:9-1.0:10-1.0:35347-1:35348-0:35349-20000.0:35350-1000.0:35351-300000.0:35352-5000.0,11.02
0-1.0:2-1.0:3-1.0:4-1.0:5-1.0:6-1.0:7-1.0:8-1.0:9-1.0:10-1.0:8819-1.0:35347-1:35348-0:35349-20000.0:35350-1000.0:35351-500000.0:35352-100.0,29.7
0-1.0:1-1.0:2-1.0:3-1.0:4-1.0:5-1.0:6-1.0:7-1.0:8-1.0:9-1.0:10-1.0:35347-1:35348-0:35349-20000.0:35350-1000.0:35351-500000.0:35352-150.0,23.25
0-1.0:2-1.0:3-1.0:4-1.0:5-1.0:6-1.0:7-1.0:8-1.0:9-1.0:10-1.0:8819-1.0:35347-1:35348-0:35349-20000.0:35350-1000.0:35351-500000.0:35352-250.0,20.0
0-1.0:2-1.0:3-1.0:4-1.0:5-1.0:6-1.0:7-1.0:8-1.0:9-1.0:10-1.0:8819-1.0:35347-1:35348-0:35349-20000.0:35350-1000.0:35351-500000.0:35352-500.0,20.74
0-1.0:2-1.0:3-1.0:4-1.0:5-1.0:6-1.0:7-1.0:8-1.0:9-1.0:10-1.0:8819-1.0:35347-1:35348-0:35349-20000.0:35350-1000.0:35351-500000.0:35352-750.0,21.6
0-1.0:2-1.0:3-1.0:4-1.0:5-1.0:6-1.0:7-1.0:8-1.0:9-1.0:10-1.0:8819-1.0:35347-1:35348-0:35349-20000.0:35350-1000.0:35351-500000.0:35352-1000.0,16.91
0-1.0:1-1.0:2-1.0:3-1.0:4-1.0:5-1.0:6-1.0:7-1.0:8-1.0:9-1.0:10-1.0:35347-1:35348-0:35349-20000.0:35350-1000.0:35351-500000.0:35352-1500.0,15.94
0-1.0:2-1.0:3-1.0:4-1.0:5-1.0:6-1.0:7-1.0:8-1.0:9-1.0:10-1.0:8819-1.0:35347-1:35348-0:35349-20000.0:35350-1000.0:35351-500000.0:35352-2500.0,15.94
0-1.0:1-1.0:2-1.0:3-1.0:4-1.0:5-1.0:6-1.0:7-1.0:8-1.0:9-1.0:10-1.0:35347-1:35348-0:35349-20000.0:35350-1000.0:35351-500000.0:35352-5000.0,15.16
0-1.0:2-1.0:3-1.0:4-1.0:5-1.0:6-1.0:7-1.0:8-1.0:9-1.0:10-1.0:8819-1.0:35347-1:35348-0:35349-20000.0:35350-2000.0:35351-100000.0:35352-100.0,20.56
0-1.0:2-1.0:3-1.0:4-1.0:5-1.0:6-1.0:7-1.0:8-1.0:9-1.0:10-1.0:8819-1.0:35347-1:35348-0:35349-20000.0:35350-2000.0:35351-100000.0:35352-150.0,19.75
0-1.0:2-1.0:3-1.0:4-1.0:5-1.0:6-1.0:7-1.0:8-1.0:9-1.0:10-1.0:8819-1.0:35347-1:35348-0:35349-20000.0:35350-2000.0:35351-100000.0:35352-250.0,21.01
0-1.0:2-1.0:3-1.0:4-1.0:5-1.0:6-1.0:7-1.0:8-1.0:9-1.0:10-1.0:8819-1.0:35347-1:35348-0:35349-20000.0:35350-2000.0:35351-100000.0:35352-500.0,15.2
0-1.0:2-1.0:3-1.0:4-1.0:5-1.0:6-1.0:7-1.0:8-1.0:9-1.0:10-1.0:8819-1.0:35347-1:35348-0:35349-20000.0:35350-2000.0:35351-100000.0:35352-750.0,18.1
0-1.0:2-1.0:3-1.0:4-1.0:5-1.0:6-1.0:7-1.0:8-1.0:9-1.0:10-1.0:8819-1.0:35347-1:35348-0:35349-20000.0:35350-2000.0:35351-100000.0:35352-1000.0,13.41
0-1.0:2-1.0:3-1.0:4-1.0:5-1.0:6-1.0:7-1.0:8-1.0:9-1.0:10-1.0:8819-1.0:35347-1:35348-0:35349-20000.0:35350-2000.0:35351-100000.0:35352-1500.0,12.44
0-1.0:2-1.0:3-1.0:4-1.0:5-1.0:6-1.0:7-1.0:8-1.0:9-1.0:10-1.0:8819-1.0:35347-1:35348-0:35349-20000.0:35350-2000.0:35351-100000.0:35352-2500.0,21.75
0-1.0:2-1.0:3-1.0:4-1.0:5-1.0:6-1.0:7-1.0:8-1.0:9-1.0:10-1.0:8819-1.0:35347-1:35348-0:35349-20000.0:35350-2000.0:35351-100000.0:35352-5000.0,10.83
0-1.0:2-1.0:3-1.0:4-1.0:5-1.0:6-1.0:7-1.0:8-1.0:9-1.0:10-1.0:8819-1.0:35347-1:35348-0:35349-20000.0:35350-2000.0:35351-300000.0:35352-100.0,22.65
0-1.0:1-1.0:2-1.0:3-1.0:4-1.0:5-1.0:6-1.0:7-1.0:8-1.0:9-1.0:10-1.0:35347-1:35348-0:35349-20000.0:35350-2000.0:35351-300000.0:35352-150.0,24.49
0-1.0:1-1.0:2-1.0:3-1.0:4-1.0:5-1.0:6-1.0:7-1.0:8-1.0:9-1.0:10-1.0:35347-1:35348-0:35349-20000.0:35350-2000.0:35351-300000.0:35352-250.0,23.09
0-1.0:2-1.0:3-1.0:4-1.0:5-1.0:6-1.0:7-1.0:8-1.0:9-1.0:10-1.0:8819-1.0:35347-1:35348-0:35349-20000.0:35350-2000.0:35351-300000.0:35352-500.0,21.43
0-1.0:1-1.0:2-1.0:3-1.0:4-1.0:5-1.0:6-1.0:7-1.0:8-1.0:9-1.0:10-1.0:35347-1:35348-0:35349-20000.0:35350-2000.0:35351-300000.0:35352-750.0,20.18
0-1.0:2-1.0:3-1.0:4-1.0:5-1.0:6-1.0:7-1.0:8-1.0:9-1.0:10-1.0:8819-1.0:35347-1:35348-0:35349-20000.0:35350-2000.0:35351-300000.0:35352-1000.0,19.15
0-1.0:2-1.0:3-1.0:4-1.0:5-1.0:6-1.0:7-1.0:8-1.0:9-1.0:10-1.0:8819-1.0:35347-1:35348-0:35349-32000.0:35350-2000.0:35351-100000.0:35352-500.0,17.78
0-1.0:2-1.0:3-1.0:4-1.0:5-1.0:6-1.0:7-1.0:8-1.0:9-1.0:10-1.0:8819-1.0:35347-1:35348-0:35349-32000.0:35350-2000.0:35351-100000.0:35352-750.0,16.64
0-1.0:1-1.0:2-1.0:3-1.0:4-1.0:5-1.0:6-1.0:7-1.0:8-1.0:9-1.0:10-1.0:35347-1:35348-0:35349-32000.0:35350-2000.0:35351-100000.0:35352-1000.0,20.0
0-1.0:1-1.0:2-1.0:3-1.0:4-1.0:5-1.0:6-1.0:7-1.0:8-1.0:9-1.0:10-1.0:35347-1:35348-0:35349-32000.0:35350-2000.0:35351-100000.0:35352-1500.0,18.53
0-1.0:1-1.0:2-1.0:3-1.0:4-1.0:5-1.0:6-1.0:7-1.0:8-1.0:9-1.0:10-1.0:35347-1:35348-0:35349-32000.0:35350-2000.0:35351-100000.0:35352-2500.0,12.83
0-1.0:2-1.0:3-1.0:4-1.0:5-1.0:6-1.0:7-1.0:8-1.0:9-1.0:10-1.0:8819-1.0:35347-1:35348-0:35349-32000.0:35350-2000.0:35351-100000.0:35352-5000.0,10.83
0-1.0:2-1.0:3-1.0:4-1.0:5-1.0:6-1.0:7-1.0:8-1.0:9-1.0:10-1.0:8819-1.0:35347-1:35348-0:35349-32000.0:35350-2000.0:35351-300000.0:35352-100.0,26.15
0-1.0:2-1.0:3-1.0:4-1.0:5-1.0:6-1.0:7-1.0:8-1.0:9-1.0:10-1.0:8819-1.0:35347-1:35348-0:35349-32000.0:35350-2000.0:35351-300000.0:35352-150.0,25.2
0-1.0:2-1.0:3-1.0:4-1.0:5-1.0:6-1.0:7-1.0:8-1.0:9-1.0:10-1.0:8819-1.0:35347-1:35348-0:35349-32000.0:35350-2000.0:35351-300000.0:35352-250.0,21.39
0-1.0:2-1.0:3-1.0:4-1.0:5-1.0:6-1.0:7-1.0:8-1.0:9-1.0:10-1.0:8819-1.0:35347-1:35348-0:35349-32000.0:35350-2000.0:35351-300000.0:35352-500.0,24.76
0-1.0:2-1.0:3-1.0:4-1.0:5-1.0:6-1.0:7-1.0:8-1.0:9-1.0:10-1.0:8819-1.0:35347-1:35348-0:35349-32000.0:35350-2000.0:35351-300000.0:35352-750.0,23.3
0-1.0:2-1.0:3-1.0:4-1.0:5-1.0:6-1.0:7-1.0:8-1.0:9-1.0:10-1.0:8819-1.0:35347-1:35348-0:35349-32000.0:35350-2000.0:35351-300000.0:35352-1000.0,17.77
0-1.0:2-1.0:3-1.0:4-1.0:5-1.0:6-1.0:7-1.0:8-1.0:9-1.0:10-1.0:8819-1.0:35347-1:35348-0:35349-32000.0:35350-2000.0:35351-300000.0:35352-1500.0,20.62
0-1.0:2-1.0:3-1.0:4-1.0:5-1.0:6-1.0:7-1.0:8-1.0:9-1.0:10-1.0:8819-1.0:35347-1:35348-0:35349-32000.0:35350-2000.0:35351-300000.0:35352-2500.0,14.91
0-1.0:2-1.0:3-1.0:4-1.0:5-1.0:6-1.0:7-1.0:8-1.0:9-1.0:10-1.0:8819-1.0:35347-1:35348-0:35349-32000.0:35350-2000.0:35351-300000.0:35352-5000.0,12.81
0-1.0:1-1.0:2-1.0:3-1.0:4-1.0:5-1.0:6-1.0:7-1.0:8-1.0:9-1.0:10-1.0:35347-1:35348-0:35349-32000.0:35350-2000.0:35351-500000.0:35352-100.0,34.47
0-1.0:1-1.0:2-1.0:3-1.0:4-1.0:5-1.0:6-1.0:7-1.0:8-1.0:9-1.0:10-1.0:35347-1:35348-0:35349-32000.0:35350-2000.0:35351-500000.0:35352-150.0,26.87
0-1.0:2-1.0:3-1.0:4-1.0:5-1.0:6-1.0:7-1.0:8-1.0:9-1.0:10-1.0:8819-1.0:35347-1:35348-0:35349-32000.0:35350-2000.0:35351-500000.0:35352-250.0,23.06
0-1.0:2-1.0:3-1.0:4-1.0:5-1.0:6-1.0:7-1.0:8-1.0:9-1.0:10-1.0:8819-1.0:35347-1:35348-0:35349-32000.0:35350-2000.0:35351-500000.0:35352-500.0,21.53
0-1.0:1-1.0:2-1.0:3-1.0:4-1.0:5-1.0:6-1.0:7-1.0:8-1.0:9-1.0:10-1.0:35347-1:35348-0:35349-32000.0:35350-2000.0:35351-500000.0:35352-750.0,20.39
0-1.0:1-1.0:2-1.0:3-1.0:4-1.0:5-1.0:6-1.0:7-1.0:8-1.0:9-1.0:10-1.0:35347-1:35348-0:35349-32000.0:35350-2000.0:35351-500000.0:35352-1000.0,19.44
0-1.0:2-1.0:3-1.0:4-1.0:5-1.0:6-1.0:7-1.0:8-1.0:9-1.0:10-1.0:8819-1.0:35347-1:35348-0:35349-32000.0:35350-2000.0:35351-500000.0:35352-2500.0,16.58
0-1.0:1-1.0:2-1.0:3-1.0:4-1.0:5-1.0:6-1.0:7-1.0:8-1.0:9-1.0:10-1.0:35347-1:35348-0:35349-32000.0:35350-2000.0:35351-500000.0:35352-5000.0,14.48
0-1.0:2-1.0:3-1.0:4-1.0:5-1.0:6-1.0:7-1.0:8-1.0:9-1.0:10-1.0:8819-1.0:35347-1:35348-0:35349-35000.0:35350-1000.0:35351-100000.0:35352-100.0,24.65
0-1.0:2-1.0:3-1.0:4-1.0:5-1.0:6-1.0:7-1.0:8-1.0:9-1.0:10-1.0:8819-1.0:35347-1:35348-0:35349-35000.0:35350-1000.0:35351-100000.0:35352-150.0,23.67
0-1.0:2-1.0:3-1.0:4-1.0:5-1.0:6-1.0:7-1.0:8-1.0:9-1.0:10-1.0:8819-1.0:35347-1:35348-0:35349-35000.0:35350-1000.0:35351-100000.0:35352-250.0,19.72
0-1.0:1-1.0:2-1.0:3-1.0:4-1.0:5-1.0:6-1.0:7-1.0:8-1.0:9-1.0:10-1.0:35347-1:35348-0:35349-35000.0:35350-1000.0:35351-100000.0:35352-500.0,18.15
0-1.0:2-1.0:3-1.0:4-1.0:5-1.0:6-1.0:7-1.0:8-1.0:9-1.0:10-1.0:8819-1.0:35347-1:35348-0:35349-35000.0:35350-1000.0:35351-100000.0:35352-750.0,16.96
0-1.0:2-1.0:3-1.0:4-1.0:5-1.0:6-1.0:7-1.0:8-1.0:9-1.0:10-1.0:8819-1.0:35347-1:35348-0:35349-35000.0:35350-1000.0:35351-100000.0:35352-1500.0,18.89
0-1.0:1-1.0:2-1.0:3-1.0:4-1.0:5-1.0:6-1.0:7-1.0:8-1.0:9-1.0:10-1.0:35347-1:35348-0:35349-35000.0:35350-1000.0:35351-100000.0:35352-2500.0,16.62
0-1.0:2-1.0:3-1.0:4-1.0:5-1.0:6-1.0:7-1.0:8-1.0:9-1.0:10-1.0:8819-1.0:35347-1:35348-0:35349-35000.0:35350-1000.0:35351-100000.0:35352-5000.0,10.85
0-1.0:1-1.0:2-1.0:3-1.0:4-1.0:5-1.0:6-1.0:7-1.0:8-1.0:9-1.0:10-1.0:35347-1:35348-0:35349-35000.0:35350-1000.0:35351-300000.0:35352-100.0,33.57
0-1.0:2-1.0:3-1.0:4-1.0:5-1.0:6-1.0:7-1.0:8-1.0:9-1.0:10-1.0:8819-1.0:35347-1:35348-0:35349-35000.0:35350-1000.0:35351-300000.0:35352-150.0,49.33
0-1.0:2-1.0:3-1.0:4-1.0:5-1.0:6-1.0:7-1.0:8-1.0:9-1.0:10-1.0:8819-1.0:35347-1:35348-0:35349-35000.0:35350-1000.0:35351-300000.0:35352-250.0,27.27
0-1.0:1-1.0:2-1.0:3-1.0:4-1.0:5-1.0:6-1.0:7-1.0:8-1.0:9-1.0:10-1.0:35347-1:35348-0:35349-35000.0:35350-1000.0:35351-300000.0:35352-500.0,20.23
0-1.0:1-1.0:2-1.0:3-1.0:4-1.0:5-1.0:6-1.0:7-1.0:8-1.0:9-1.0:10-1.0:35347-1:35348-0:35349-35000.0:35350-1000.0:35351-300000.0:35352-750.0,19.05
0-1.0:2-1.0:3-1.0:4-1.0:5-1.0:6-1.0:7-1.0:8-1.0:9-1.0:10-1.0:8819-1.0:35347-1:35348-0:35349-35000.0:35350-1000.0:35351-300000.0:35352-1000.0,20.15
0-1.0:2-1.0:3-1.0:4-1.0:5-1.0:6-1.0:7-1.0:8-1.0:9-1.0:10-1.0:8819-1.0:35347-1:35348-0:35349-35000.0:35350-1000.0:35351-300000.0:35352-1500.0,16.88
0-1.0:2-1.0:3-1.0:4-1.0:5-1.0:6-1.0:7-1.0:8-1.0:9-1.0:10-1.0:8819-1.0:35347-1:35348-0:35349-35000.0:35350-1000.0:35351-300000.0:35352-2500.0,15.1
0-1.0:2-1.0:3-1.0:4-1.0:5-1.0:6-1.0:7-1.0:8-1.0:9-1.0:10-1.0:8819-1.0:35347-1:35348-0:35349-35000.0:35350-1000.0:35351-300000.0:35352-5000.0,12.93
0-1.0:2-1.0:3-1.0:4-1.0:5-1.0:6-1.0:7-1.0:8-1.0:9-1.0:10-1.0:8819-1.0:35347-1:35348-0:35349-35000.0:35350-1000.0:35351-500000.0:35352-100.0,52.96
0-1.0:1-1.0:2-1.0:3-1.0:4-1.0:5-1.0:6-1.0:7-1.0:8-1.0:9-1.0:10-1.0:35347-1:35348-0:35349-35000.0:35350-1000.0:35351-500000.0:35352-150.0,27.42
0-1.0:1-1.0:2-1.0:3-1.0:4-1.0:5-1.0:6-1.0:7-1.0:8-1.0:9-1.0:10-1.0:35347-1:35348-0:35349-35000.0:35350-1000.0:35351-500000.0:35352-500.0,21.89
0-1.0:2-1.0:3-1.0:4-1.0:5-1.0:6-1.0:7-1.0:8-1.0:9-1.0:10-1.0:8819-1.0:35347-1:35348-0:35349-35000.0:35350-1000.0:35351-500000.0:35352-750.0,20.71
0-1.0:2-1.0:3-1.0:4-1.0:5-1.0:6-1.0:7-1.0:8-1.0:9-1.0:10-1.0:8819-1.0:35347-1:35348-0:35349-35000.0:35350-1000.0:35351-500000.0:35352-1000.0,21.82
0-1.0:1-1.0:2-1.0:3-1.0:4-1.0:5-1.0:6-1.0:7-1.0:8-1.0:9-1.0:10-1.0:35347-1:35348-0:35349-35000.0:35350-1000.0:35351-500000.0:35352-1500.0,18.54
0-1.0:2-1.0:3-1.0:4-1.0:5-1.0:6-1.0:7-1.0:8-1.0:9-1.0:10-1.0:8819-1.0:35347-1:35348-0:35349-35000.0:35350-1000.0:35351-500000.0:35352-2500.0,16.77
0-1.0:1-1.0:2-1.0:3-1.0:4-1.0:5-1.0:6-1.0:7-1.0:8-1.0:9-1.0:10-1.0:35347-1:35348-0:35349-35000.0:35350-1000.0:35351-500000.0:35352-5000.0,17.6
0-1.0:2-1.0:3-1.0:4-1.0:5-1.0:6-1.0:7-1.0:8-1.0:9-1.0:10-1.0:8819-1.0:35347-1:35348-0:35349-35000.0:35350-2000.0:35351-100000.0:35352-100.0,24.9
0-1.0:2-1.0:3-1.0:4-1.0:5-1.0:6-1.0:7-1.0:8-1.0:9-1.0:10-1.0:8819-1.0:35347-1:35348-0:35349-35000.0:35350-2000.0:35351-100000.0:35352-150.0,23.92
0-1.0:1-1.0:2-1.0:3-1.0:4-1.0:5-1.0:6-1.0:7-1.0:8-1.0:9-1.0:10-1.0:35347-1:35348-0:35349-35000.0:35350-2000.0:35351-100000.0:35352-250.0,19.97
0-1.0:2-1.0:3-1.0:4-1.0:5-1.0:6-1.0:7-1.0:8-1.0:9-1.0:10-1.0:8819-1.0:35347-1:35348-0:35349-35000.0:35350-2000.0:35351-100000.0:35352-500.0,20.77
0-1.0:2-1.0:3-1.0:4-1.0:5-1.0:6-1.0:7-1.0:8-1.0:9-1.0:10-1.0:8819-1.0:35347-1:35348-0:35349-35000.0:35350-2000.0:35351-100000.0:35352-750.0,17.21
0-1.0:2-1.0:3-1.0:4-1.0:5-1.0:6-1.0:7-1.0:8-1.0:9-1.0:10-1.0:8819-1.0:35347-1:35348-0:35349-35000.0:35350-2000.0:35351-100000.0:35352-1000.0,16.23
0-1.0:1-1.0:2-1.0:3-1.0:4-1.0:5-1.0:6-1.0:7-1.0:8-1.0:9-1.0:10-1.0:35347-1:35348-0:35349-35000.0:35350-2000.0:35351-100000.0:35352-1500.0,15.04
0-1.0:2-1.0:3-1.0:4-1.0:5-1.0:6-1.0:7-1.0:8-1.0:9-1.0:10-1.0:8819-1.0:35347-1:35348-0:35349-35000.0:35350-2000.0:35351-100000.0:35352-2500.0,16.87
0-1.0:1-1.0:2-1.0:3-1.0:4-1.0:5-1.0:6-1.0:7-1.0:8-1.0:9-1.0:10-1.0:35347-1:35348-0:35349-35000.0:35350-2000.0:35351-100000.0:35352-5000.0,21.9
0-1.0:2-1.0:3-1.0:4-1.0:5-1.0:6-1.0:7-1.0:8-1.0:9-1.0:10-1.0:8819-1.0:35347-1:35348-0:35349-35000.0:35350-2000.0:35351-300000.0:35352-100.0,26.99
0-1.0:1-1.0:2-1.0:3-1.0:4-1.0:5-1.0:6-1.0:7-1.0:8-1.0:9-1.0:10-1.0:35347-1:35348-0:35349-35000.0:35350-2000.0:35351-300000.0:35352-150.0,26.0
0-1.0:1-1.0:2-1.0:3-1.0:4-1.0:5-1.0:6-1.0:7-1.0:8-1.0:9-1.0:10-1.0:35347-1:35348-0:35349-35000.0:35350-2000.0:35351-300000.0:35352-250.0,27.52
0-1.0:2-1.0:3-1.0:4-1.0:5-1.0:6-1.0:7-1.0:8-1.0:9-1.0:10-1.0:8819-1.0:35347-1:35348-0:35349-35000.0:35350-2000.0:35351-300000.0:35352-500.0,20.48
0-1.0:2-1.0:3-1.0:4-1.0:5-1.0:6-1.0:7-1.0:8-1.0:9-1.0:10-1.0:8819-1.0:35347-1:35348-0:35349-35000.0:35350-2000.0:35351-300000.0:35352-750.0,19.3
0-1.0:2-1.0:3-1.0:4-1.0:5-1.0:6-1.0:7-1.0:8-1.0:9-1.0:10-1.0:8819-1.0:35347-1:35348-0:35349-35000.0:35350-2000.0:35351-300000.0:35352-1000.0,18.31
0-1.0:1-1.0:2-1.0:3-1.0:4-1.0:5-1.0:6-1.0:7-1.0:8-1.0:9-1.0:10-1.0:35347-1:35348-0:35349-35000.0:35350-2000.0:35351-300000.0:35352-1500.0,17.12
0-1.0:2-1.0:3-1.0:4-1.0:5-1.0:6-1.0:7-1.0:8-1.0:9-1.0:10-1.0:8819-1.0:35347-1:35348-0:35349-35000.0:35350-2000.0:35351-300000.0:35352-2500.0,15.35
0-1.0:2-1.0:3-1.0:4-1.0:5-1.0:6-1.0:7-1.0:8-1.0:9-1.0:10-1.0:8819-1.0:35347-1:35348-0:35349-35000.0:35350-2000.0:35351-300000.0:35352-5000.0,13.18
0-1.0:2-1.0:3-1.0:4-1.0:5-1.0:6-1.0:7-1.0:8-1.0:9-1.0:10-1.0:8819-1.0:35347-1:35348-0:35349-35000.0:35350-2000.0:35351-500000.0:35352-100.0,35.49
0-1.0:2-1.0:3-1.0:4-1.0:5-1.0:6-1.0:7-1.0:8-1.0:9-1.0:10-1.0:8819-1.0:35347-1:35348-0:35349-35000.0:35350-2000.0:35351-500000.0:35352-150.0,27.67
0-1.0:2-1.0:3-1.0:4-1.0:5-1.0:6-1.0:7-1.0:8-1.0:9-1.0:10-1.0:8819-1.0:35347-1:35348-0:35349-35000.0:35350-2000.0:35351-500000.0:35352-250.0,23.72
0-1.0:2-1.0:3-1.0:4-1.0:5-1.0:6-1.0:7-1.0:8-1.0:9-1.0:10-1.0:8819-1.0:35347-1:35348-0:35349-35000.0:35350-2000.0:35351-500000.0:35352-500.0,27.17
0-1.0:2-1.0:3-1.0:4-1.0:5-1.0:6-1.0:7-1.0:8-1.0:9-1.0:10-1.0:8819-1.0:35347-1:35348-0:35349-35000.0:35350-2000.0:35351-500000.0:35352-750.0,20.96
0-1.0:1-1.0:2-1.0:3-1.0:4-1.0:5-1.0:6-1.0:7-1.0:8-1.0:9-1.0:10-1.0:35347-1:35348-0:35349-35000.0:35350-2000.0:35351-500000.0:35352-1500.0,22.89
0-1.0:2-1.0:3-1.0:4-1.0:5-1.0:6-1.0:7-1.0:8-1.0:9-1.0:10-1.0:8819-1.0:35347-1:35348-0:35349-35000.0:35350-2000.0:35351-500000.0:35352-2500.0,17.02
0-1.0:2-1.0:3-1.0:4-1.0:5-1.0:6-1.0:7-1.0:8-1.0:9-1.0:10-1.0:8819-1.0:35347-1:35348-0:35349-35000.0:35350-2000.0:35351-500000.0:35352-5000.0,14.85
0-1.0:2-1.0:3-1.0:4-1.0:5-1.0:6-1.0:7-1.0:8-1.0:9-1.0:10-1.0:8819-1.0:35347-1:35348-0:35349-40000.0:35350-1000.0:35351-100000.0:35352-100.0,33.15
0-1.0:2-1.0:3-1.0:4-1.0:5-1.0:6-1.0:7-1.0:8-1.0:9-1.0:10-1.0:8819-1.0:35347-1:35348-0:35349-40000.0:35350-1000.0:35351-100000.0:35352-150.0,31.82
0-1.0:1-1.0:2-1.0:3-1.0:4-1.0:5-1.0:6-1.0:7-1.0:8-1.0:9-1.0:10-1.0:35347-1:35348-0:35349-40000.0:35350-1000.0:35351-100000.0:35352-250.0,20.83
0-1.0:2-1.0:3-1.0:4-1.0:5-1.0:6-1.0:7-1.0:8-1.0:9-1.0:10-1.0:8819-1.0:35347-1:35348-0:35349-40000.0:35350-1000.0:35351-100000.0:35352-500.0,19.16
0-1.0:2-1.0:3-1.0:4-1.0:5-1.0:6-1.0:7-1.0:8-1.0:9-1.0:10-1.0:8819-1.0:35347-1:35348-0:35349-40000.0:35350-1000.0:35351-100000.0:35352-750.0,17.91
0-1.0:2-1.0:3-1.0:4-1.0:5-1.0:6-1.0:7-1.0:8-1.0:9-1.0:10-1.0:8819-1.0:35347-1:35348-0:35349-40000.0:35350-1000.0:35351-100000.0:35352-1500.0,19.89
0-1.0:2-1.0:3-1.0:4-1.0:5-1.0:6-1.0:7-1.0:8-1.0:9-1.0:10-1.0:8819-1.0:35347-1:35348-0:35349-40000.0:35350-1000.0:35351-100000.0:35352-2500.0,13.75
0-1.0:1-1.0:2-1.0:3-1.0:4-1.0:5-1.0:6-1.0:7-1.0:8-1.0:9-1.0:10-1.0:35347-1:35348-0:35349-40000.0:35350-1000.0:35351-100000.0:35352-5000.0,11.46
0-1.0:2-1.0:3-1.0:4-1.0:5-1.0:6-1.0:7-1.0:8-1.0:9-1.0:10-1.0:8819-1.0:35347-1:35348-0:35349-40000.0:35350-1000.0:35351-300000.0:35352-100.0,35.23
0-1.0:2-1.0:3-1.0:4-1.0:5-1.0:6-1.0:7-1.0:8-1.0:9-1.0:10-1.0:8819-1.0:35347-1:35348-0:35349-40000.0:35350-1000.0:35351-300000.0:35352-150.0,51.9
0-1.0:2-1.0:3-1.0:4-1.0:5-1.0:6-1.0:7-1.0:8-1.0:9-1.0:10-1.0:8819-1.0:35347-1:35348-0:35349-40000.0:35350-1000.0:35351-300000.0:35352-250.0,22.91
0-1.0:2-1.0:3-1.0:4-1.0:5-1.0:6-1.0:7-1.0:8-1.0:9-1.0:10-1.0:8819-1.0:35347-1:35348-0:35349-40000.0:35350-1000.0:35351-300000.0:35352-500.0,21.25
0-1.0:1-1.0:2-1.0:3-1.0:4-1.0:5-1.0:6-1.0:7-1.0:8-1.0:9-1.0:10-1.0:35347-1:35348-0:35349-40000.0:35350-1000.0:35351-300000.0:35352-750.0,20.0
0-1.0:1-1.0:2-1.0:3-1.0:4-1.0:5-1.0:6-1.0:7-1.0:8-1.0:9-1.0:10-1.0:35347-1:35348-0:35349-40000.0:35350-1000.0:35351-300000.0:35352-1000.0,18.96
0-1.0:2-1.0:3-1.0:4-1.0:5-1.0:6-1.0:7-1.0:8-1.0:9-1.0:10-1.0:8819-1.0:35347-1:35348-0:35349-40000.0:35350-1000.0:35351-300000.0:35352-1500.0,17.71
0-1.0:2-1.0:3-1.0:4-1.0:5-1.0:6-1.0:7-1.0:8-1.0:9-1.0:10-1.0:8819-1.0:35347-1:35348-0:35349-40000.0:35350-1000.0:35351-300000.0:35352-2500.0,15.83
0-1.0:2-1.0:3-1.0:4-1.0:5-1.0:6-1.0:7-1.0:8-1.0:9-1.0:10-1.0:8819-1.0:35347-1:35348-0:35349-40000.0:35350-1000.0:35351-300000.0:35352-5000.0,13.54
0-1.0:2-1.0:3-1.0:4-1.0:5-1.0:6-1.0:7-1.0:8-1.0:9-1.0:10-1.0:8819-1.0:35347-1:35348-0:35349-40000.0:35350-1000.0:35351-500000.0:35352-100.0,36.9
0-1.0:2-1.0:3-1.0:4-1.0:5-1.0:6-1.0:7-1.0:8-1.0:9-1.0:10-1.0:8819-1.0:35347-1:35348-0:35349-40000.0:35350-1000.0:35351-500000.0:35352-150.0,28.75
0-1.0:2-1.0:3-1.0:4-1.0:5-1.0:6-1.0:7-1.0:8-1.0:9-1.0:10-1.0:8819-1.0:35347-1:35348-0:35349-40000.0:35350-1000.0:35351-500000.0:35352-250.0,24.58
0-1.0:2-1.0:3-1.0:4-1.0:5-1.0:6-1.0:7-1.0:8-1.0:9-1.0:10-1.0:8819-1.0:35347-1:35348-0:35349-40000.0:35350-1000.0:35351-500000.0:35352-500.0,22.91
0-1.0:1-1.0:2-1.0:3-1.0:4-1.0:5-1.0:6-1.0:7-1.0:8-1.0:9-1.0:10-1.0:35347-1:35348-0:35349-40000.0:35350-1000.0:35351-500000.0:35352-750.0,21.66
0-1.0:2-1.0:3-1.0:4-1.0:5-1.0:6-1.0:7-1.0:8-1.0:9-1.0:10-1.0:8819-1.0:35347-1:35348-0:35349-40000.0:35350-1000.0:35351-500000.0:35352-1000.0,20.62
0-1.0:1-1.0:2-1.0:3-1.0:4-1.0:5-1.0:6-1.0:7-1.0:8-1.0:9-1.0:10-1.0:35347-1:35348-0:35349-40000.0:35350-1000.0:35351-500000.0:35352-1500.0,19.37
0-1.0:2-1.0:3-1.0:4-1.0:5-1.0:6-1.0:7-1.0:8-1.0:9-1.0:10-1.0:8819-1.0:35347-1:35348-0:35349-40000.0:35350-1000.0:35351-500000.0:35352-2500.0,17.5
0-1.0:2-1.0:3-1.0:4-1.0:5-1.0:6-1.0:7-1.0:8-1.0:9-1.0:10-1.0:8819-1.0:35347-1:35348-0:35349-40000.0:35350-1000.0:35351-500000.0:35352-5000.0,18.34
0-1.0:1-1.0:2-1.0:3-1.0:4-1.0:5-1.0:6-1.0:7-1.0:8-1.0:9-1.0:10-1.0:35347-1:35348-0:35349-40000.0:35350-2000.0:35351-100000.0:35352-100.0,33.4
0-1.0:2-1.0:3-1.0:4-1.0:5-1.0:6-1.0:7-1.0:8-1.0:9-1.0:10-1.0:8819-1.0:35347-1:35348-0:35349-40000.0:35350-2000.0:35351-100000.0:35352-150.0,32.07
0-1.0:1-1.0:2-1.0:3-1.0:4-1.0:5-1.0:6-1.0:7-1.0:8-1.0:9-1.0:10-1.0:35347-1:35348-0:35349-40000.0:35350-2000.0:35351-100000.0:35352-250.0,21.08
0-1.0:1-1.0:2-1.0:3-1.0:4-1.0:5-1.0:6-1.0:7-1.0:8-1.0:9-1.0:10-1.0:35347-1:35348-0:35349-40000.0:35350-2000.0:35351-100000.0:35352-500.0,21.93
0-1.0:1-1.0:2-1.0:3-1.0:4-1.0:5-1.0:6-1.0:7-1.0:8-1.0:9-1.0:10-1.0:35347-1:35348-0:35349-40000.0:35350-2000.0:35351-100000.0:35352-750.0,18.16
0-1.0:2-1.0:3-1.0:4-1.0:5-1.0:6-1.0:7-1.0:8-1.0:9-1.0:10-1.0:8819-1.0:35347-1:35348-0:35349-40000.0:35350-2000.0:35351-100000.0:35352-1000.0,33.88
0-1.0:2-1.0:3-1.0:4-1.0:5-1.0:6-1.0:7-1.0:8-1.0:9-1.0:10-1.0:8819-1.0:35347-1:35348-0:35349-40000.0:35350-2000.0:35351-100000.0:35352-1500.0,15.87
0-1.0:1-1.0:2-1.0:3-1.0:4-1.0:5-1.0:6-1.0:7-1.0:8-1.0:9-1.0:10-1.0:35347-1:35348-0:35349-40000.0:35350-2000.0:35351-100000.0:35352-2500.0,14.0
0-1.0:1-1.0:2-1.0:3-1.0:4-1.0:5-1.0:6-1.0:7-1.0:8-1.0:9-1.0:10-1.0:35347-1:35348-0:35349-40000.0:35350-2000.0:35351-100000.0:35352-5000.0,11.71
0-1.0:1-1.0:2-1.0:3-1.0:4-1.0:5-1.0:6-1.0:7-1.0:8-1.0:9-1.0:10-1.0:35347-1:35348-0:35349-40000.0:35350-2000.0:35351-300000.0:35352-100.0,28.37
0-1.0:1-1.0:2-1.0:3-1.0:4-1.0:5-1.0:6-1.0:7-1.0:8-1.0:9-1.0:10-1.0:35347-1:35348-0:35349-40000.0:35350-2000.0:35351-300000.0:35352-150.0,27.33
0-1.0:2-1.0:3-1.0:4-1.0:5-1.0:6-1.0:7-1.0:8-1.0:9-1.0:10-1.0:8819-1.0:35347-1:35348-0:35349-40000.0:35350-2000.0:35351-300000.0:35352-250.0,23.16
0-1.0:1-1.0:2-1.0:3-1.0:4-1.0:5-1.0:6-1.0:7-1.0:8-1.0:9-1.0:10-1.0:35347-1:35348-0:35349-40000.0:35350-2000.0:35351-300000.0:35352-500.0,26.73
0-1.0:2-1.0:3-1.0:4-1.0:5-1.0:6-1.0:7-1.0:8-1.0:9-1.0:10-1.0:8819-1.0:35347-1:35348-0:35349-40000.0:35350-2000.0:35351-300000.0:35352-750.0,20.25
0-1.0:1-1.0:2-1.0:3-1.0:4-1.0:5-1.0:6-1.0:7-1.0:8-1.0:9-1.0:10-1.0:35347-1:35348-0:35349-40000.0:35350-2000.0:35351-300000.0:35352-1000.0,19.21
0-1.0:2-1.0:3-1.0:4-1.0:5-1.0:6-1.0:7-1.0:8-1.0:9-1.0:10-1.0:8819-1.0:35347-1:35348-0:35349-40000.0:35350-2000.0:35351-300000.0:35352-1500.0,22.22
0-1.0:2-1.0:3-1.0:4-1.0:5-1.0:6-1.0:7-1.0:8-1.0:9-1.0:10-1.0:8819-1.0:35347-1:35348-0:35349-40000.0:35350-2000.0:35351-300000.0:35352-2500.0,19.84
0-1.0:1-1.0:2-1.0:3-1.0:4-1.0:5-1.0:6-1.0:7-1.0:8-1.0:9-1.0:10-1.0:35347-1:35348-0:35349-40000.0:35350-2000.0:35351-300000.0:35352-5000.0,13.79
0-1.0:1-1.0:2-1.0:3-1.0:4-1.0:5-1.0:6-1.0:7-1.0:8-1.0:9-1.0:10-1.0:35347-1:35348-0:35349-40000.0:35350-2000.0:35351-500000.0:35352-100.0,33.46
0-1.0:2-1.0:3-1.0:4-1.0:5-1.0:6-1.0:7-1.0:8-1.0:9-1.0:10-1.0:8819-1.0:35347-1:35348-0:35349-40000.0:35350-2000.0:35351-500000.0:35352-150.0,35.82
0-1.0:2-1.0:3-1.0:4-1.0:5-1.0:6-1.0:7-1.0:8-1.0:9-1.0:10-1.0:8819-1.0:35347-1:35348-0:35349-40000.0:35350-2000.0:35351-500000.0:35352-250.0,24.83
0-1.0:2-1.0:3-1.0:4-1.0:5-1.0:6-1.0:7-1.0:8-1.0:9-1.0:10-1.0:8819-1.0:35347-1:35348-0:35349-40000.0:35350-2000.0:35351-500000.0:35352-500.0,23.16
0-1.0:1-1.0:2-1.0:3-1.0:4-1.0:5-1.0:6-1.0:7-1.0:8-1.0:9-1.0:10-1.0:35347-1:35348-0:35349-40000.0:35350-2000.0:35351-500000.0:35352-750.0,21.91
0-1.0:2-1.0:3-1.0:4-1.0:5-1.0:6-1.0:7-1.0:8-1.0:9-1.0:10-1.0:8819-1.0:35347-1:35348-0:35349-40000.0:35350-2000.0:35351-500000.0:35352-1000.0,20.87
0-1.0:1-1.0:2-1.0:3-1.0:4-1.0:5-1.0:6-1.0:7-1.0:8-1.0:9-1.0:10-1.0:35347-1:35348-0:35349-40000.0:35350-2000.0:35351-500000.0:35352-2500.0,17.75
0-1.0:2-1.0:3-1.0:4-1.0:5-1.0:6-1.0:7-1.0:8-1.0:9-1.0:10-1.0:8819-1.0:35347-1:35348-0:35349-50000.0:35350-1000.0:35351-100000.0:35352-150.0,35.1
0-1.0:1-1.0:2-1.0:3-1.0:4-1.0:5-1.0:6-1.0:7-1.0:8-1.0:9-1.0:10-1.0:35347-1:35348-0:35349-50000.0:35350-1000.0:35351-100000.0:35352-250.0,22.97
0-1.0:1-1.0:2-1.0:3-1.0:4-1.0:5-1.0:6-1.0:7-1.0:8-1.0:9-1.0:10-1.0:35347-1:35348-0:35349-50000.0:35350-1000.0:35351-100000.0:35352-500.0,21.13
0-1.0:2-1.0:3-1.0:4-1.0:5-1.0:6-1.0:7-1.0:8-1.0:9-1.0:10-1.0:8819-1.0:35347-1:35348-0:35349-50000.0:35350-1000.0:35351-100000.0:35352-750.0,19.76
0-1.0:1-1.0:2-1.0:3-1.0:4-1.0:5-1.0:6-1.0:7-1.0:8-1.0:9-1.0:10-1.0:35347-1:35348-0:35349-50000.0:35350-1000.0:35351-100000.0:35352-1500.0,21.94
0-1.0:2-1.0:3-1.0:4-1.0:5-1.0:6-1.0:7-1.0:8-1.0:9-1.0:10-1.0:8819-1.0:35347-1:35348-0:35349-50000.0:35350-1000.0:35351-100000.0:35352-5000.0,12.63
0-1.0:1-1.0:2-1.0:3-1.0:4-1.0:5-1.0:6-1.0:7-1.0:8-1.0:9-1.0:10-1.0:35347-1:35348-0:35349-50000.0:35350-1000.0:35351-300000.0:35352-100.0,38.65
0-1.0:2-1.0:3-1.0:4-1.0:5-1.0:6-1.0:7-1.0:8-1.0:9-1.0:10-1.0:8819-1.0:35347-1:35348-0:35349-50000.0:35350-1000.0:35351-300000.0:35352-150.0,29.65
0-1.0:1-1.0:2-1.0:3-1.0:4-1.0:5-1.0:6-1.0:7-1.0:8-1.0:9-1.0:10-1.0:35347-1:35348-0:35349-50000.0:35350-1000.0:35351-300000.0:35352-250.0,31.33
0-1.0:2-1.0:3-1.0:4-1.0:5-1.0:6-1.0:7-1.0:8-1.0:9-1.0:10-1.0:8819-1.0:35347-1:35348-0:35349-50000.0:35350-1000.0:35351-300000.0:35352-500.0,28.99
0-1.0:1-1.0:2-1.0:3-1.0:4-1.0:5-1.0:6-1.0:7-1.0:8-1.0:9-1.0:10-1.0:35347-1:35348-0:35349-50000.0:35350-1000.0:35351-300000.0:35352-750.0,24.38
0-1.0:2-1.0:3-1.0:4-1.0:5-1.0:6-1.0:7-1.0:8-1.0:9-1.0:10-1.0:8819-1.0:35347-1:35348-0:35349-50000.0:35350-1000.0:35351-300000.0:35352-1000.0,20.69
0-1.0:2-1.0:3-1.0:4-1.0:5-1.0:6-1.0:7-1.0:8-1.0:9-1.0:10-1.0:8819-1.0:35347-1:35348-0:35349-50000.0:35350-1000.0:35351-300000.0:35352-1500.0,19.31
0-1.0:2-1.0:3-1.0:4-1.0:5-1.0:6-1.0:7-1.0:8-1.0:9-1.0:10-1.0:8819-1.0:35347-1:35348-0:35349-50000.0:35350-1000.0:35351-300000.0:35352-2500.0,17.25
0-1.0:2-1.0:3-1.0:4-1.0:5-1.0:6-1.0:7-1.0:8-1.0:9-1.0:10-1.0:8819-1.0:35347-1:35348-0:35349-50000.0:35350-1000.0:35351-300000.0:35352-5000.0,14.72
0-1.0:2-1.0:3-1.0:4-1.0:5-1.0:6-1.0:7-1.0:8-1.0:9-1.0:10-1.0:8819-1.0:35347-1:35348-0:35349-50000.0:35350-1000.0:35351-500000.0:35352-100.0,32.47
0-1.0:2-1.0:3-1.0:4-1.0:5-1.0:6-1.0:7-1.0:8-1.0:9-1.0:10-1.0:8819-1.0:35347-1:35348-0:35349-50000.0:35350-1000.0:35351-500000.0:35352-150.0,38.85
0-1.0:1-1.0:2-1.0:3-1.0:4-1.0:5-1.0:6-1.0:7-1.0:8-1.0:9-1.0:10-1.0:35347-1:35348-0:35349-50000.0:35350-1000.0:35351-500000.0:35352-250.0,26.72
0-1.0:1-1.0:2-1.0:3-1.0:4-1.0:5-1.0:6-1.0:7-1.0:8-1.0:9-1.0:10-1.0:35347-1:35348-0:35349-50000.0:35350-1000.0:35351-500000.0:35352-500.0,24.88
0-1.0:1-1.0:2-1.0:3-1.0:4-1.0:5-1.0:6-1.0:7-1.0:8-1.0:9-1.0:10-1.0:35347-1:35348-0:35349-50000.0:35350-1000.0:35351-500000.0:35352-1500.0,25.69
0-1.0:1-1.0:2-1.0:3-1.0:4-1.0:5-1.0:6-1.0:7-1.0:8-1.0:9-1.0:10-1.0:35347-1:35348-0:35349-50000.0:35350-1000.0:35351-500000.0:35352-2500.0,20.86
0-1.0:2-1.0:3-1.0:4-1.0:5-1.0:6-1.0:7-1.0:8-1.0:9-1.0:10-1.0:8819-1.0:35347-1:35348-0:35349-50000.0:35350-1000.0:35351-500000.0:35352-5000.0,16.39
0-1.0:1-1.0:2-1.0:3-1.0:4-1.0:5-1.0:6-1.0:7-1.0:8-1.0:9-1.0:10-1.0:35347-1:35348-0:35349-50000.0:35350-2000.0:35351-100000.0:35352-100.0,28.97
0-1.0:2-1.0:3-1.0:4-1.0:5-1.0:6-1.0:7-1.0:8-1.0:9-1.0:10-1.0:8819-1.0:35347-1:35348-0:35349-50000.0:35350-2000.0:35351-100000.0:35352-150.0,35.35
0-1.0:2-1.0:3-1.0:4-1.0:5-1.0:6-1.0:7-1.0:8-1.0:9-1.0:10-1.0:8819-1.0:35347-1:35348-0:35349-50000.0:35350-2000.0:35351-100000.0:35352-500.0,21.38
0-1.0:2-1.0:3-1.0:4-1.0:5-1.0:6-1.0:7-1.0:8-1.0:9-1.0:10-1.0:8819-1.0:35347-1:35348-0:35349-50000.0:35350-2000.0:35351-100000.0:35352-750.0,20.01
0-1.0:1-1.0:2-1.0:3-1.0:4-1.0:5-1.0:6-1.0:7-1.0:8-1.0:9-1.0:10-1.0:35347-1:35348-0:35349-50000.0:35350-2000.0:35351-100000.0:35352-1000.0,23.94
0-1.0:2-1.0:3-1.0:4-1.0:5-1.0:6-1.0:7-1.0:8-1.0:9-1.0:10-1.0:8819-1.0:35347-1:35348-0:35349-50000.0:35350-2000.0:35351-100000.0:35352-1500.0,17.48
0-1.0:2-1.0:3-1.0:4-1.0:5-1.0:6-1.0:7-1.0:8-1.0:9-1.0:10-1.0:8819-1.0:35347-1:35348-0:35349-50000.0:35350-2000.0:35351-100000.0:35352-2500.0,19.56
0-1.0:2-1.0:3-1.0:4-1.0:5-1.0:6-1.0:7-1.0:8-1.0:9-1.0:10-1.0:8819-1.0:35347-1:35348-0:35349-50000.0:35350-2000.0:35351-100000.0:35352-5000.0,12.88
0-1.0:2-1.0:3-1.0:4-1.0:5-1.0:6-1.0:7-1.0:8-1.0:9-1.0:10-1.0:8819-1.0:35347-1:35348-0:35349-50000.0:35350-2000.0:35351-300000.0:35352-150.0,29.9
0-1.0:1-1.0:2-1.0:3-1.0:4-1.0:5-1.0:6-1.0:7-1.0:8-1.0:9-1.0:10-1.0:35347-1:35348-0:35349-50000.0:35350-2000.0:35351-300000.0:35352-500.0,44.4
0-1.0:2-1.0:3-1.0:4-1.0:5-1.0:6-1.0:7-1.0:8-1.0:9-1.0:10-1.0:8819-1.0:35347-1:35348-0:35349-50000.0:35350-2000.0:35351-300000.0:35352-750.0,22.09
0-1.0:2-1.0:3-1.0:4-1.0:5-1.0:6-1.0:7-1.0:8-1.0:9-1.0:10-1.0:8819-1.0:35347-1:35348-0:35349-50000.0:35350-2000.0:35351-300000.0:35352-1500.0,24.27
0-1.0:2-1.0:3-1.0:4-1.0:5-1.0:6-1.0:7-1.0:8-1.0:9-1.0:10-1.0:8819-1.0:35347-1:35348-0:35349-50000.0:35350-2000.0:35351-300000.0:35352-2500.0,17.5
0-1.0:1-1.0:2-1.0:3-1.0:4-1.0:5-1.0:6-1.0:7-1.0:8-1.0:9-1.0:10-1.0:35347-1:35348-0:35349-50000.0:35350-2000.0:35351-500000.0:35352-100.0,40.56
0-1.0:2-1.0:3-1.0:4-1.0:5-1.0:6-1.0:7-1.0:8-1.0:9-1.0:10-1.0:8819-1.0:35347-1:35348-0:35349-50000.0:35350-2000.0:35351-500000.0:35352-150.0,31.57
0-1.0:2-1.0:3-1.0:4-1.0:5-1.0:6-1.0:7-1.0:8-1.0:9-1.0:10-1.0:8819-1.0:35347-1:35348-0:35349-50000.0:35350-2000.0:35351-500000.0:35352-250.0,26.97
0-1.0:2-1.0:3-1.0:4-1.0:5-1.0:6-1.0:7-1.0:8-1.0:9-1.0:10-1.0:8819-1.0:35347-1:35348-0:35349-50000.0:35350-2000.0:35351-500000.0:35352-500.0,25.13
0-1.0:2-1.0:3-1.0:4-1.0:5-1.0:6-1.0:7-1.0:8-1.0:9-1.0:10-1.0:8819-1.0:35347-1:35348-0:35349-50000.0:35350-2000.0:35351-500000.0:35352-750.0,23.76
0-1.0:2-1.0:3-1.0:4-1.0:5-1.0:6-1.0:7-1.0:8-1.0:9-1.0:10-1.0:8819-1.0:35347-1:35348-0:35349-50000.0:35350-2000.0:35351-500000.0:35352-1000.0,22.61
0-1.0:1-1.0:2-1.0:3-1.0:4-1.0:5-1.0:6-1.0:7-1.0:8-1.0:9-1.0:10-1.0:35347-1:35348-0:35349-50000.0:35350-2000.0:35351-500000.0:35352-2500.0,23.31
0-1.0:1-1.0:2-1.0:3-1.0:4-1.0:5-1.0:6-1.0:7-1.0:8-1.0:9-1.0:10-1.0:35347-1:35348-0:35349-50000.0:35350-2000.0:35351-500000.0:35352-5000.0,16.64
0-1.0:1-1.0:2-1.0:3-1.0:4-1.0:5-1.0:6-1.0:7-1.0:8-1.0:9-1.0:10-1.0:35347-1:35348-0:35349-60000.0:35350-1000.0:35351-100000.0:35352-100.0,31.12
0-1.0:2-1.0:3-1.0:4-1.0:5-1.0:6-1.0:7-1.0:8-1.0:9-1.0:10-1.0:8819-1.0:35347-1:35348-0:35349-60000.0:35350-1000.0:35351-100000.0:35352-150.0,29.87
0-1.0:1-1.0:2-1.0:3-1.0:4-1.0:5-1.0:6-1.0:7-1.0:8-1.0:9-1.0:10-1.0:35347-1:35348-0:35349-60000.0:35350-1000.0:35351-100000.0:35352-250.0,28.22
0-1.0:2-1.0:3-1.0:4-1.0:5-1.0:6-1.0:7-1.0:8-1.0:9-1.0:10-1.0:8819-1.0:35347-1:35348-0:35349-60000.0:35350-1000.0:35351-100000.0:35352-500.0,22.9
0-1.0:2-1.0:3-1.0:4-1.0:5-1.0:6-1.0:7-1.0:8-1.0:9-1.0:10-1.0:8819-1.0:35347-1:35348-0:35349-60000.0:35350-1000.0:35351-100000.0:35352-750.0,27.32
0-1.0:2-1.0:3-1.0:4-1.0:5-1.0:6-1.0:7-1.0:8-1.0:9-1.0:10-1.0:8819-1.0:35347-1:35348-0:35349-60000.0:35350-1000.0:35351-100000.0:35352-1500.0,23.82
0-1.0:1-1.0:2-1.0:3-1.0:4-1.0:5-1.0:6-1.0:7-1.0:8-1.0:9-1.0:10-1.0:35347-1:35348-0:35349-60000.0:35350-1000.0:35351-100000.0:35352-2500.0,32.81
0-1.0:1-1.0:2-1.0:3-1.0:4-1.0:5-1.0:6-1.0:7-1.0:8-1.0:9-1.0:10-1.0:35347-1:35348-0:35349-60000.0:35350-1000.0:35351-100000.0:35352-5000.0,13.69
0-1.0:2-1.0:3-1.0:4-1.0:5-1.0:6-1.0:7-1.0:8-1.0:9-1.0:10-1.0:8819-1.0:35347-1:35348-0:35349-60000.0:35350-1000.0:35351-300000.0:35352-150.0,40.2
0-1.0:1-1.0:2-1.0:3-1.0:4-1.0:5-1.0:6-1.0:7-1.0:8-1.0:9-1.0:10-1.0:35347-1:35348-0:35349-60000.0:35350-1000.0:35351-300000.0:35352-500.0,24.99
0-1.0:2-1.0:3-1.0:4-1.0:5-1.0:6-1.0:7-1.0:8-1.0:9-1.0:10-1.0:8819-1.0:35347-1:35348-0:35349-60000.0:35350-1000.0:35351-300000.0:35352-750.0,23.49
0-1.0:1-1.0:2-1.0:3-1.0:4-1.0:5-1.0:6-1.0:7-1.0:8-1.0:9-1.0:10-1.0:35347-1:35348-0:35349-60000.0:35350-1000.0:35351-300000.0:35352-1000.0,42.35
0-1.0:2-1.0:3-1.0:4-1.0:5-1.0:6-1.0:7-1.0:8-1.0:9-1.0:10-1.0:8819-1.0:35347-1:35348-0:35349-60000.0:35350-1000.0:35351-300000.0:35352-1500.0,25.9
0-1.0:2-1.0:3-1.0:4-1.0:5-1.0:6-1.0:7-1.0:8-1.0:9-1.0:10-1.0:8819-1.0:35347-1:35348-0:35349-60000.0:35350-1000.0:35351-300000.0:35352-2500.0,23.05
0-1.0:2-1.0:3-1.0:4-1.0:5-1.0:6-1.0:7-1.0:8-1.0:9-1.0:10-1.0:8819-1.0:35347-1:35348-0:35349-60000.0:35350-1000.0:35351-300000.0:35352-5000.0,17.6
0-1.0:2-1.0:3-1.0:4-1.0:5-1.0:6-1.0:7-1.0:8-1.0:9-1.0:10-1.0:8819-1.0:35347-1:35348-0:35349-60000.0:35350-1000.0:35351-500000.0:35352-150.0,33.62
0-1.0:2-1.0:3-1.0:4-1.0:5-1.0:6-1.0:7-1.0:8-1.0:9-1.0:10-1.0:8819-1.0:35347-1:35348-0:35349-60000.0:35350-1000.0:35351-500000.0:35352-250.0,31.97
0-1.0:1-1.0:2-1.0:3-1.0:4-1.0:5-1.0:6-1.0:7-1.0:8-1.0:9-1.0:10-1.0:35347-1:35348-0:35349-60000.0:35350-1000.0:35351-500000.0:35352-1000.0,23.91
0-1.0:1-1.0:2-1.0:3-1.0:4-1.0:5-1.0:6-1.0:7-1.0:8-1.0:9-1.0:10-1.0:35347-1:35348-0:35349-60000.0:35350-1000.0:35351-500000.0:35352-1500.0,22.42
0-1.0:2-1.0:3-1.0:4-1.0:5-1.0:6-1.0:7-1.0:8-1.0:9-1.0:10-1.0:8819-1.0:35347-1:35348-0:35349-60000.0:35350-1000.0:35351-500000.0:35352-2500.0,20.18
0-1.0:2-1.0:3-1.0:4-1.0:5-1.0:6-1.0:7-1.0:8-1.0:9-1.0:10-1.0:8819-1.0:35347-1:35348-0:35349-60000.0:35350-1000.0:35351-500000.0:35352-5000.0,17.44
0-1.0:2-1.0:3-1.0:4-1.0:5-1.0:6-1.0:7-1.0:8-1.0:9-1.0:10-1.0:8819-1.0:35347-1:35348-0:35349-60000.0:35350-2000.0:35351-100000.0:35352-100.0,31.37
0-1.0:2-1.0:3-1.0:4-1.0:5-1.0:6-1.0:7-1.0:8-1.0:9-1.0:10-1.0:8819-1.0:35347-1:35348-0:35349-60000.0:35350-2000.0:35351-100000.0:35352-150.0,30.12
0-1.0:2-1.0:3-1.0:4-1.0:5-1.0:6-1.0:7-1.0:8-1.0:9-1.0:10-1.0:8819-1.0:35347-1:35348-0:35349-60000.0:35350-2000.0:35351-100000.0:35352-250.0,32.01
0-1.0:2-1.0:3-1.0:4-1.0:5-1.0:6-1.0:7-1.0:8-1.0:9-1.0:10-1.0:8819-1.0:35347-1:35348-0:35349-60000.0:35350-2000.0:35351-100000.0:35352-500.0,29.47
0-1.0:1-1.0:2-1.0:3-1.0:4-1.0:5-1.0:6-1.0:7-1.0:8-1.0:9-1.0:10-1.0:35347-1:35348-0:35349-60000.0:35350-2000.0:35351-100000.0:35352-750.0,21.66
0-1.0:2-1.0:3-1.0:4-1.0:5-1.0:6-1.0:7-1.0:8-1.0:9-1.0:10-1.0:8819-1.0:35347-1:35348-0:35349-60000.0:35350-2000.0:35351-100000.0:35352-1500.0,24.07
0-1.0:2-1.0:3-1.0:4-1.0:5-1.0:6-1.0:7-1.0:8-1.0:9-1.0:10-1.0:8819-1.0:35347-1:35348-0:35349-60000.0:35350-2000.0:35351-100000.0:35352-2500.0,16.68
0-1.0:2-1.0:3-1.0:4-1.0:5-1.0:6-1.0:7-1.0:8-1.0:9-1.0:10-1.0:8819-1.0:35347-1:35348-0:35349-60000.0:35350-2000.0:35351-100000.0:35352-5000.0,13.94
0-1.0:1-1.0:2-1.0:3-1.0:4-1.0:5-1.0:6-1.0:7-1.0:8-1.0:9-1.0:10-1.0:35347-1:35348-0:35349-60000.0:35350-2000.0:35351-300000.0:35352-100.0,33.45
0-1.0:1-1.0:2-1.0:3-1.0:4-1.0:5-1.0:6-1.0:7-1.0:8-1.0:9-1.0:10-1.0:35347-1:35348-0:35349-60000.0:35350-2000.0:35351-300000.0:35352-250.0,27.23
0-1.0:2-1.0:3-1.0:4-1.0:5-1.0:6-1.0:7-1.0:8-1.0:9-1.0:10-1.0:8819-1.0:35347-1:35348-0:35349-60000.0:35350-2000.0:35351-300000.0:35352-500.0,31.56
0-1.0:1-1.0:2-1.0:3-1.0:4-1.0:5-1.0:6-1.0:7-1.0:8-1.0:9-1.0:10-1.0:35347-1:35348-0:35349-60000.0:35350-2000.0:35351-300000.0:35352-750.0,23.74
0-1.0:1-1.0:2-1.0:3-1.0:4-1.0:5-1.0:6-1.0:7-1.0:8-1.0:9-1.0:10-1.0:35347-1:35348-0:35349-60000.0:35350-2000.0:35351-300000.0:35352-1500.0,21.0
0-1.0:1-1.0:2-1.0:3-1.0:4-1.0:5-1.0:6-1.0:7-1.0:8-1.0:9-1.0:10-1.0:35347-1:35348-0:35349-60000.0:35350-2000.0:35351-300000.0:35352-2500.0,20.96
0-1.0:2-1.0:3-1.0:4-1.0:5-1.0:6-1.0:7-1.0:8-1.0:9-1.0:10-1.0:8819-1.0:35347-1:35348-0:35349-60000.0:35350-2000.0:35351-300000.0:35352-5000.0,19.8
0-1.0:2-1.0:3-1.0:4-1.0:5-1.0:6-1.0:7-1.0:8-1.0:9-1.0:10-1.0:8819-1.0:35347-1:35348-0:35349-60000.0:35350-2000.0:35351-500000.0:35352-100.0,35.12
0-1.0:2-1.0:3-1.0:4-1.0:5-1.0:6-1.0:7-1.0:8-1.0:9-1.0:10-1.0:8819-1.0:35347-1:35348-0:35349-60000.0:35350-2000.0:35351-500000.0:35352-150.0,33.87
0-1.0:1-1.0:2-1.0:3-1.0:4-1.0:5-1.0:6-1.0:7-1.0:8-1.0:9-1.0:10-1.0:35347-1:35348-0:35349-60000.0:35350-2000.0:35351-500000.0:35352-250.0,28.89
0-1.0:2-1.0:3-1.0:4-1.0:5-1.0:6-1.0:7-1.0:8-1.0:9-1.0:10-1.0:8819-1.0:35347-1:35348-0:35349-60000.0:35350-2000.0:35351-500000.0:35352-500.0,26.9
0-1.0:1-1.0:2-1.0:3-1.0:4-1.0:5-1.0:6-1.0:7-1.0:8-1.0:9-1.0:10-1.0:35347-1:35348-0:35349-60000.0:35350-2000.0:35351-500000.0:35352-750.0,31.32
0-1.0:2-1.0:3-1.0:4-1.0:5-1.0:6-1.0:7-1.0:8-1.0:9-1.0:10-1.0:8819-1.0:35347-1:35348-0:35349-60000.0:35350-2000.0:35351-500000.0:35352-1500.0,27.82
0-1.0:1-1.0:2-1.0:3-1.0:4-1.0:5-1.0:6-1.0:7-1.0:8-1.0:9-1.0:10-1.0:35347-1:35348-0:35349-60000.0:35350-2000.0:35351-500000.0:35352-2500.0,22.62
0-1.0:1-1.0:2-1.0:3-1.0:4-1.0:5-1.0:6-1.0:7-1.0:8-1.0:9-1.0:10-1.0:35347-1:35348-0:35349-60000.0:35350-2000.0:35351-500000.0:35352-5000.0,17.69
0-1.0:2-1.0:3-1.0:4-1.0:5-1.0:6-1.0:7-1.0:8-1.0:9-1.0:10-1.0:8819-1.0:35347-1:35348-0:35349-70000.0:35350-1000.0:35351-100000.0:35352-100.0,33.42
0-1.0:2-1.0:3-1.0:4-1.0:5-1.0:6-1.0:7-1.0:8-1.0:9-1.0:10-1.0:8819-1.0:35347-1:35348-0:35349-70000.0:35350-1000.0:35351-100000.0:35352-150.0,41.04
0-1.0:2-1.0:3-1.0:4-1.0:5-1.0:6-1.0:7-1.0:8-1.0:9-1.0:10-1.0:8819-1.0:35347-1:35348-0:35349-70000.0:35350-1000.0:35351-100000.0:35352-250.0,26.74
0-1.0:1-1.0:2-1.0:3-1.0:4-1.0:5-1.0:6-1.0:7-1.0:8-1.0:9-1.0:10-1.0:35347-1:35348-0:35349-70000.0:35350-1000.0:35351-100000.0:35352-500.0,24.6
0-1.0:2-1.0:3-1.0:4-1.0:5-1.0:6-1.0:7-1.0:8-1.0:9-1.0:10-1.0:8819-1.0:35347-1:35348-0:35349-70000.0:35350-1000.0:35351-100000.0:35352-750.0,26.11
0-1.0:2-1.0:3-1.0:4-1.0:5-1.0:6-1.0:7-1.0:8-1.0:9-1.0:10-1.0:8819-1.0:35347-1:35348-0:35349-70000.0:35350-1000.0:35351-100000.0:35352-5000.0,29.45
0-1.0:2-1.0:3-1.0:4-1.0:5-1.0:6-1.0:7-1.0:8-1.0:9-1.0:10-1.0:8819-1.0:35347-1:35348-0:35349-70000.0:35350-1000.0:35351-300000.0:35352-100.0,44.83
0-1.0:1-1.0:2-1.0:3-1.0:4-1.0:5-1.0:6-1.0:7-1.0:8-1.0:9-1.0:10-1.0:35347-1:35348-0:35349-70000.0:35350-1000.0:35351-300000.0:35352-150.0,34.17
0-1.0:2-1.0:3-1.0:4-1.0:5-1.0:6-1.0:7-1.0:8-1.0:9-1.0:10-1.0:8819-1.0:35347-1:35348-0:35349-70000.0:35350-1000.0:35351-300000.0:35352-500.0,26.68
0-1.0:2-1.0:3-1.0:4-1.0:5-1.0:6-1.0:7-1.0:8-1.0:9-1.0:10-1.0:8819-1.0:35347-1:35348-0:35349-70000.0:35350-1000.0:35351-300000.0:35352-750.0,25.08
0-1.0:2-1.0:3-1.0:4-1.0:5-1.0:6-1.0:7-1.0:8-1.0:9-1.0:10-1.0:8819-1.0:35347-1:35348-0:35349-70000.0:35350-1000.0:35351-300000.0:35352-1000.0,23.74
0-1.0:1-1.0:2-1.0:3-1.0:4-1.0:5-1.0:6-1.0:7-1.0:8-1.0:9-1.0:10-1.0:35347-1:35348-0:35349-70000.0:35350-1000.0:35351-300000.0:35352-1500.0,27.73
0-1.0:2-1.0:3-1.0:4-1.0:5-1.0:6-1.0:7-1.0:8-1.0:9-1.0:10-1.0:8819-1.0:35347-1:35348-0:35349-70000.0:35350-1000.0:35351-300000.0:35352-2500.0,19.73
0-1.0:2-1.0:3-1.0:4-1.0:5-1.0:6-1.0:7-1.0:8-1.0:9-1.0:10-1.0:8819-1.0:35347-1:35348-0:35349-70000.0:35350-1000.0:35351-500000.0:35352-100.0,37.17
0-1.0:2-1.0:3-1.0:4-1.0:5-1.0:6-1.0:7-1.0:8-1.0:9-1.0:10-1.0:8819-1.0:35347-1:35348-0:35349-70000.0:35350-1000.0:35351-500000.0:35352-500.0,28.35
0-1.0:2-1.0:3-1.0:4-1.0:5-1.0:6-1.0:7-1.0:8-1.0:9-1.0:10-1.0:8819-1.0:35347-1:35348-0:35349-70000.0:35350-1000.0:35351-500000.0:35352-1000.0,25.41
0-1.0:2-1.0:3-1.0:4-1.0:5-1.0:6-1.0:7-1.0:8-1.0:9-1.0:10-1.0:8819-1.0:35347-1:35348-0:35349-70000.0:35350-1000.0:35351-500000.0:35352-1500.0,23.81
0-1.0:2-1.0:3-1.0:4-1.0:5-1.0:6-1.0:7-1.0:8-1.0:9-1.0:10-1.0:8819-1.0:35347-1:35348-0:35349-70000.0:35350-1000.0:35351-500000.0:35352-2500.0,21.4
0-1.0:2-1.0:3-1.0:4-1.0:5-1.0:6-1.0:7-1.0:8-1.0:9-1.0:10-1.0:8819-1.0:35347-1:35348-0:35349-70000.0:35350-1000.0:35351-500000.0:35352-5000.0,18.46
0-1.0:2-1.0:3-1.0:4-1.0:5-1.0:6-1.0:7-1.0:8-1.0:9-1.0:10-1.0:8819-1.0:35347-1:35348-0:35349-70000.0:35350-2000.0:35351-100000.0:35352-100.0,33.67
0-1.0:2-1.0:3-1.0:4-1.0:5-1.0:6-1.0:7-1.0:8-1.0:9-1.0:10-1.0:8819-1.0:35347-1:35348-0:35349-70000.0:35350-2000.0:35351-100000.0:35352-1000.0,21.91
0-1.0:1-1.0:2-1.0:3-1.0:4-1.0:5-1.0:6-1.0:7-1.0:8-1.0:9-1.0:10-1.0:35347-1:35348-0:35349-70000.0:35350-2000.0:35351-100000.0:35352-2500.0,17.9
0-1.0:2-1.0:3-1.0:4-1.0:5-1.0:6-1.0:7-1.0:8-1.0:9-1.0:10-1.0:8819-1.0:35347-1:35348-0:35349-70000.0:35350-2000.0:35351-100000.0:35352-5000.0,14.96
0-1.0:2-1.0:3-1.0:4-1.0:5-1.0:6-1.0:7-1.0:8-1.0:9-1.0:10-1.0:8819-1.0:35347-1:35348-0:35349-70000.0:35350-2000.0:35351-300000.0:35352-150.0,34.42
0-1.0:2-1.0:3-1.0:4-1.0:5-1.0:6-1.0:7-1.0:8-1.0:9-1.0:10-1.0:8819-1.0:35347-1:35348-0:35349-70000.0:35350-2000.0:35351-300000.0:35352-500.0,33.8
0-1.0:2-1.0:3-1.0:4-1.0:5-1.0:6-1.0:7-1.0:8-1.0:9-1.0:10-1.0:8819-1.0:35347-1:35348-0:35349-70000.0:35350-2000.0:35351-300000.0:35352-1000.0,23.99
0-1.0:1-1.0:2-1.0:3-1.0:4-1.0:5-1.0:6-1.0:7-1.0:8-1.0:9-1.0:10-1.0:35347-1:35348-0:35349-70000.0:35350-2000.0:35351-300000.0:35352-1500.0,22.39
0-1.0:1-1.0:2-1.0:3-1.0:4-1.0:5-1.0:6-1.0:7-1.0:8-1.0:9-1.0:10-1.0:35347-1:35348-0:35349-70000.0:35350-2000.0:35351-300000.0:35352-2500.0,19.98
0-1.0:1-1.0:2-1.0:3-1.0:4-1.0:5-1.0:6-1.0:7-1.0:8-1.0:9-1.0:10-1.0:35347-1:35348-0:35349-70000.0:35350-2000.0:35351-300000.0:35352-5000.0,21.14
0-1.0:2-1.0:3-1.0:4-1.0:5-1.0:6-1.0:7-1.0:8-1.0:9-1.0:10-1.0:8819-1.0:35347-1:35348-0:35349-70000.0:35350-2000.0:35351-500000.0:35352-100.0,46.75
0-1.0:1-1.0:2-1.0:3-1.0:4-1.0:5-1.0:6-1.0:7-1.0:8-1.0:9-1.0:10-1.0:35347-1:35348-0:35349-70000.0:35350-2000.0:35351-500000.0:35352-150.0,45.04
0-1.0:1-1.0:2-1.0:3-1.0:4-1.0:5-1.0:6-1.0:7-1.0:8-1.0:9-1.0:10-1.0:35347-1:35348-0:35349-70000.0:35350-2000.0:35351-500000.0:35352-250.0,30.74
0-1.0:2-1.0:3-1.0:4-1.0:5-1.0:6-1.0:7-1.0:8-1.0:9-1.0:10-1.0:8819-1.0:35347-1:35348-0:35349-70000.0:35350-2000.0:35351-500000.0:35352-500.0,28.6
0-1.0:2-1.0:3-1.0:4-1.0:5-1.0:6-1.0:7-1.0:8-1.0:9-1.0:10-1.0:8819-1.0:35347-1:35348-0:35349-70000.0:35350-2000.0:35351-500000.0:35352-750.0,27.0
0-1.0:2-1.0:3-1.0:4-1.0:5-1.0:6-1.0:7-1.0:8-1.0:9-1.0:10-1.0:8819-1.0:35347-1:35348-0:35349-70000.0:35350-2000.0:35351-500000.0:35352-5000.0,20.7
0-1.0:2-1.0:3-1.0:4-1.0:5-1.0:6-1.0:7-1.0:8-1.0:9-1.0:10-1.0:8819-1.0:35347-1:35348-0:35349-80000.0:35350-1000.0:35351-100000.0:35352-150.0,34.3
0-1.0:2-1.0:3-1.0:4-1.0:5-1.0:6-1.0:7-1.0:8-1.0:9-1.0:10-1.0:8819-1.0:35347-1:35348-0:35349-80000.0:35350-1000.0:35351-100000.0:35352-250.0,28.59
0-1.0:2-1.0:3-1.0:4-1.0:5-1.0:6-1.0:7-1.0:8-1.0:9-1.0:10-1.0:8819-1.0:35347-1:35348-0:35349-80000.0:35350-1000.0:35351-100000.0:35352-500.0,26.3
0-1.0:2-1.0:3-1.0:4-1.0:5-1.0:6-1.0:7-1.0:8-1.0:9-1.0:10-1.0:8819-1.0:35347-1:35348-0:35349-80000.0:35350-1000.0:35351-100000.0:35352-1500.0,27.37
0-1.0:1-1.0:2-1.0:3-1.0:4-1.0:5-1.0:6-1.0:7-1.0:8-1.0:9-1.0:10-1.0:35347-1:35348-0:35349-80000.0:35350-1000.0:35351-100000.0:35352-5000.0,17.75
0-1.0:2-1.0:3-1.0:4-1.0:5-1.0:6-1.0:7-1.0:8-1.0:9-1.0:10-1.0:8819-1.0:35347-1:35348-0:35349-80000.0:35350-1000.0:35351-300000.0:35352-100.0,42.43
0-1.0:2-1.0:3-1.0:4-1.0:5-1.0:6-1.0:7-1.0:8-1.0:9-1.0:10-1.0:8819-1.0:35347-1:35348-0:35349-80000.0:35350-1000.0:35351-300000.0:35352-150.0,36.39
0-1.0:2-1.0:3-1.0:4-1.0:5-1.0:6-1.0:7-1.0:8-1.0:9-1.0:10-1.0:8819-1.0:35347-1:35348-0:35349-80000.0:35350-1000.0:35351-300000.0:35352-250.0,30.67
0-1.0:1-1.0:2-1.0:3-1.0:4-1.0:5-1.0:6-1.0:7-1.0:8-1.0:9-1.0:10-1.0:35347-1:35348-0:35349-80000.0:35350-1000.0:35351-300000.0:35352-500.0,35.65
0-1.0:2-1.0:3-1.0:4-1.0:5-1.0:6-1.0:7-1.0:8-1.0:9-1.0:10-1.0:8819-1.0:35347-1:35348-0:35349-80000.0:35350-1000.0:35351-300000.0:35352-750.0,33.47
0-1.0:2-1.0:3-1.0:4-1.0:5-1.0:6-1.0:7-1.0:8-1.0:9-1.0:10-1.0:8819-1.0:35347-1:35348-0:35349-80000.0:35350-1000.0:35351-300000.0:35352-2500.0,20.95
0-1.0:2-1.0:3-1.0:4-1.0:5-1.0:6-1.0:7-1.0:8-1.0:9-1.0:10-1.0:8819-1.0:35347-1:35348-0:35349-80000.0:35350-1000.0:35351-300000.0:35352-5000.0,17.81
0-1.0:1-1.0:2-1.0:3-1.0:4-1.0:5-1.0:6-1.0:7-1.0:8-1.0:9-1.0:10-1.0:35347-1:35348-0:35349-80000.0:35350-1000.0:35351-500000.0:35352-100.0,39.48
0-1.0:2-1.0:3-1.0:4-1.0:5-1.0:6-1.0:7-1.0:8-1.0:9-1.0:10-1.0:8819-1.0:35347-1:35348-0:35349-80000.0:35350-1000.0:35351-500000.0:35352-150.0,38.05
0-1.0:2-1.0:3-1.0:4-1.0:5-1.0:6-1.0:7-1.0:8-1.0:9-1.0:10-1.0:8819-1.0:35347-1:35348-0:35349-80000.0:35350-1000.0:35351-500000.0:35352-250.0,40.24
0-1.0:2-1.0:3-1.0:4-1.0:5-1.0:6-1.0:7-1.0:8-1.0:9-1.0:10-1.0:8819-1.0:35347-1:35348-0:35349-80000.0:35350-1000.0:35351-500000.0:35352-750.0,35.13
0-1.0:2-1.0:3-1.0:4-1.0:5-1.0:6-1.0:7-1.0:8-1.0:9-1.0:10-1.0:8819-1.0:35347-1:35348-0:35349-80000.0:35350-2000.0:35351-300000.0:35352-2500.0,21.2
0-1.0:2-1.0:3-1.0:4-1.0:5-1.0:6-1.0:7-1.0:8-1.0:9-1.0:10-1.0:8819-1.0:35347-1:35348-0:35349-80000.0:35350-2000.0:35351-300000.0:35352-5000.0,18.06
0-1.0:2-1.0:3-1.0:4-1.0:5-1.0:6-1.0:7-1.0:8-1.0:9-1.0:10-1.0:8819-1.0:35347-1:35348-0:35349-80000.0:35350-2000.0:35351-500000.0:35352-150.0,47.79
0-1.0:1-1.0:2-1.0:3-1.0:4-1.0:5-1.0:6-1.0:7-1.0:8-1.0:9-1.0:10-1.0:35347-1:35348-0:35349-80000.0:35350-2000.0:35351-500000.0:35352-500.0,30.3
0-1.0:1-1.0:2-1.0:3-1.0:4-1.0:5-1.0:6-1.0:7-1.0:8-1.0:9-1.0:10-1.0:35347-1:35348-0:35349-80000.0:35350-2000.0:35351-500000.0:35352-750.0,53.04
0-1.0:2-1.0:3-1.0:4-1.0:5-1.0:6-1.0:7-1.0:8-1.0:9-1.0:10-1.0:8819-1.0:35347-1:35348-0:35349-80000.0:35350-2000.0:35351-500000.0:35352-1000.0,27.15
0-1.0:2-1.0:3-1.0:4-1.0:5-1.0:6-1.0:7-1.0:8-1.0:9-1.0:10-1.0:8819-1.0:35347-1:35348-0:35349-90000.0:35350-1000.0:35351-100000.0:35352-100.0,37.76
0-1.0:1-1.0:2-1.0:3-1.0:4-1.0:5-1.0:6-1.0:7-1.0:8-1.0:9-1.0:10-1.0:35347-1:35348-0:35349-90000.0:35350-1000.0:35351-100000.0:35352-150.0,36.25
0-1.0:2-1.0:3-1.0:4-1.0:5-1.0:6-1.0:7-1.0:8-1.0:9-1.0:10-1.0:8819-1.0:35347-1:35348-0:35349-90000.0:35350-1000.0:35351-100000.0:35352-250.0,30.21
0-1.0:2-1.0:3-1.0:4-1.0:5-1.0:6-1.0:7-1.0:8-1.0:9-1.0:10-1.0:8819-1.0:35347-1:35348-0:35349-90000.0:35350-1000.0:35351-100000.0:35352-500.0,35.54
0-1.0:2-1.0:3-1.0:4-1.0:5-1.0:6-1.0:7-1.0:8-1.0:9-1.0:10-1.0:8819-1.0:35347-1:35348-0:35349-90000.0:35350-1000.0:35351-100000.0:35352-1500.0,22.66
0-1.0:1-1.0:2-1.0:3-1.0:4-1.0:5-1.0:6-1.0:7-1.0:8-1.0:9-1.0:10-1.0:35347-1:35348-0:35349-90000.0:35350-1000.0:35351-100000.0:35352-2500.0,25.5
0-1.0:2-1.0:3-1.0:4-1.0:5-1.0:6-1.0:7-1.0:8-1.0:9-1.0:10-1.0:8819-1.0:35347-1:35348-0:35349-90000.0:35350-1000.0:35351-300000.0:35352-250.0,32.3
0-1.0:1-1.0:2-1.0:3-1.0:4-1.0:5-1.0:6-1.0:7-1.0:8-1.0:9-1.0:10-1.0:35347-1:35348-0:35349-90000.0:35350-1000.0:35351-300000.0:35352-500.0,29.88
0-1.0:2-1.0:3-1.0:4-1.0:5-1.0:6-1.0:7-1.0:8-1.0:9-1.0:10-1.0:8819-1.0:35347-1:35348-0:35349-90000.0:35350-1000.0:35351-300000.0:35352-750.0,28.07
0-1.0:2-1.0:3-1.0:4-1.0:5-1.0:6-1.0:7-1.0:8-1.0:9-1.0:10-1.0:8819-1.0:35347-1:35348-0:35349-90000.0:35350-1000.0:35351-300000.0:35352-1000.0,26.56
0-1.0:1-1.0:2-1.0:3-1.0:4-1.0:5-1.0:6-1.0:7-1.0:8-1.0:9-1.0:10-1.0:35347-1:35348-0:35349-90000.0:35350-1000.0:35351-300000.0:35352-5000.0,18.7
0-1.0:1-1.0:2-1.0:3-1.0:4-1.0:5-1.0:6-1.0:7-1.0:8-1.0:9-1.0:10-1.0:35347-1:35348-0:35349-90000.0:35350-1000.0:35351-500000.0:35352-100.0,41.51
0-1.0:2-1.0:3-1.0:4-1.0:5-1.0:6-1.0:7-1.0:8-1.0:9-1.0:10-1.0:8819-1.0:35347-1:35348-0:35349-90000.0:35350-1000.0:35351-500000.0:35352-150.0,50.11
0-1.0:2-1.0:3-1.0:4-1.0:5-1.0:6-1.0:7-1.0:8-1.0:9-1.0:10-1.0:8819-1.0:35347-1:35348-0:35349-90000.0:35350-1000.0:35351-500000.0:35352-250.0,33.96
0-1.0:2-1.0:3-1.0:4-1.0:5-1.0:6-1.0:7-1.0:8-1.0:9-1.0:10-1.0:8819-1.0:35347-1:35348-0:35349-90000.0:35350-1000.0:35351-500000.0:35352-500.0,31.55
0-1.0:1-1.0:2-1.0:3-1.0:4-1.0:5-1.0:6-1.0:7-1.0:8-1.0:9-1.0:10-1.0:35347-1:35348-0:35349-90000.0:35350-1000.0:35351-500000.0:35352-750.0,29.73
0-1.0:2-1.0:3-1.0:4-1.0:5-1.0:6-1.0:7-1.0:8-1.0:9-1.0:10-1.0:8819-1.0:35347-1:35348-0:35349-90000.0:35350-1000.0:35351-500000.0:35352-1000.0,28.22
0-1.0:2-1.0:3-1.0:4-1.0:5-1.0:6-1.0:7-1.0:8-1.0:9-1.0:10-1.0:8819-1.0:35347-1:35348-0:35349-90000.0:35350-1000.0:35351-500000.0:35352-1500.0,26.41
0-1.0:2-1.0:3-1.0:4-1.0:5-1.0:6-1.0:7-1.0:8-1.0:9-1.0:10-1.0:8819-1.0:35347-1:35348-0:35349-90000.0:35350-2000.0:35351-100000.0:35352-100.0,48.54
0-1.0:2-1.0:3-1.0:4-1.0:5-1.0:6-1.0:7-1.0:8-1.0:9-1.0:10-1.0:8819-1.0:35347-1:35348-0:35349-90000.0:35350-2000.0:35351-100000.0:35352-150.0,36.5
0-1.0:2-1.0:3-1.0:4-1.0:5-1.0:6-1.0:7-1.0:8-1.0:9-1.0:10-1.0:8819-1.0:35347-1:35348-0:35349-90000.0:35350-2000.0:35351-100000.0:35352-250.0,30.46
0-1.0:2-1.0:3-1.0:4-1.0:5-1.0:6-1.0:7-1.0:8-1.0:9-1.0:10-1.0:8819-1.0:35347-1:35348-0:35349-90000.0:35350-2000.0:35351-100000.0:35352-750.0,26.23
0-1.0:2-1.0:3-1.0:4-1.0:5-1.0:6-1.0:7-1.0:8-1.0:9-1.0:10-1.0:8819-1.0:35347-1:35348-0:35349-90000.0:35350-2000.0:35351-100000.0:35352-1500.0,22.91
0-1.0:1-1.0:2-1.0:3-1.0:4-1.0:5-1.0:6-1.0:7-1.0:8-1.0:9-1.0:10-1.0:35347-1:35348-0:35349-90000.0:35350-2000.0:35351-100000.0:35352-5000.0,19.1
0-1.0:2-1.0:3-1.0:4-1.0:5-1.0:6-1.0:7-1.0:8-1.0:9-1.0:10-1.0:8819-1.0:35347-1:35348-0:35349-90000.0:35350-2000.0:35351-300000.0:35352-150.0,48.69
0-1.0:2-1.0:3-1.0:4-1.0:5-1.0:6-1.0:7-1.0:8-1.0:9-1.0:10-1.0:8819-1.0:35347-1:35348-0:35349-90000.0:35350-2000.0:35351-300000.0:35352-250.0,32.55
0-1.0:1-1.0:2-1.0:3-1.0:4-1.0:5-1.0:6-1.0:7-1.0:8-1.0:9-1.0:10-1.0:35347-1:35348-0:35349-90000.0:35350-2000.0:35351-300000.0:35352-500.0,37.88
0-1.0:1-1.0:2-1.0:3-1.0:4-1.0:5-1.0:6-1.0:7-1.0:8-1.0:9-1.0:10-1.0:35347-1:35348-0:35349-90000.0:35350-2000.0:35351-300000.0:35352-1000.0,26.81
0-1.0:2-1.0:3-1.0:4-1.0:5-1.0:6-1.0:7-1.0:8-1.0:9-1.0:10-1.0:8819-1.0:35347-1:35348-0:35349-90000.0:35350-2000.0:35351-300000.0:35352-1500.0,24.99
0-1.0:1-1.0:2-1.0:3-1.0:4-1.0:5-1.0:6-1.0:7-1.0:8-1.0:9-1.0:10-1.0:35347-1:35348-0:35349-90000.0:35350-2000.0:35351-300000.0:35352-2500.0,22.27
0-1.0:2-1.0:3-1.0:4-1.0:5-1.0:6-1.0:7-1.0:8-1.0:9-1.0:10-1.0:8819-1.0:35347-1:35348-0:35349-90000.0:35350-2000.0:35351-300000.0:35352-5000.0,23.58
0-1.0:2-1.0:3-1.0:4-1.0:5-1.0:6-1.0:7-1.0:8-1.0:9-1.0:10-1.0:8819-1.0:35347-1:35348-0:35349-90000.0:35350-2000.0:35351-500000.0:35352-100.0,41.76
0-1.0:2-1.0:3-1.0:4-1.0:5-1.0:6-1.0:7-1.0:8-1.0:9-1.0:10-1.0:8819-1.0:35347-1:35348-0:35349-90000.0:35350-2000.0:35351-500000.0:35352-150.0,40.25
0-1.0:2-1.0:3-1.0:4-1.0:5-1.0:6-1.0:7-1.0:8-1.0:9-1.0:10-1.0:8819-1.0:35347-1:35348-0:35349-90000.0:35350-2000.0:35351-500000.0:35352-250.0,42.63
0-1.0:2-1.0:3-1.0:4-1.0:5-1.0:6-1.0:7-1.0:8-1.0:9-1.0:10-1.0:8819-1.0:35347-1:35348-0:35349-90000.0:35350-2000.0:35351-500000.0:35352-500.0,31.8
0-1.0:2-1.0:3-1.0:4-1.0:5-1.0:6-1.0:7-1.0:8-1.0:9-1.0:10-1.0:8819-1.0:35347-1:35348-0:35349-90000.0:35350-2000.0:35351-500000.0:35352-1000.0,31.76
0-1.0:1-1.0:2-1.0:3-1.0:4-1.0:5-1.0:6-1.0:7-1.0:8-1.0:9-1.0:10-1.0:35347-1:35348-0:35349-90000.0:35350-2000.0:35351-500000.0:35352-1500.0,32.97
0-1.0:1-1.0:2-1.0:3-1.0:4-1.0:5-1.0:6-1.0:7-1.0:8-1.0:9-1.0:10-1.0:35347-1:35348-0:35349-90000.0:35350-2000.0:35351-500000.0:35352-2500.0,23.94
0-1.0:2-1.0:3-1.0:4-1.0:5-1.0:6-1.0:7-1.0:8-1.0:9-1.0:10-1.0:8819-1.0:35347-1:35348-0:35349-90000.0:35350-2000.0:35351-500000.0:35352-5000.0,20.62
0-1.0:1-1.0:2-1.0:3-1.0:4-1.0:5-1.0:6-1.0:7-1.0:8-1.0:9-1.0:10-1.0:35347-1:35348-0:35349-100000.0:35350-1000.0:35351-100000.0:35352-100.0,39.7
0-1.0:1-1.0:2-1.0:3-1.0:4-1.0:5-1.0:6-1.0:7-1.0:8-1.0:9-1.0:10-1.0:35347-1:35348-0:35349-100000.0:35350-1000.0:35351-100000.0:35352-1500.0,23.82
0-1.0:2-1.0:3-1.0:4-1.0:5-1.0:6-1.0:7-1.0:8-1.0:9-1.0:10-1.0:8819-1.0:35347-1:35348-0:35349-100000.0:35350-1000.0:35351-100000.0:35352-5000.0,22.35
0-1.0:2-1.0:3-1.0:4-1.0:5-1.0:6-1.0:7-1.0:8-1.0:9-1.0:10-1.0:8819-1.0:35347-1:35348-0:35349-100000.0:35350-1000.0:35351-300000.0:35352-100.0,81.58
0-1.0:2-1.0:3-1.0:4-1.0:5-1.0:6-1.0:7-1.0:8-1.0:9-1.0:10-1.0:8819-1.0:35347-1:35348-0:35349-100000.0:35350-1000.0:35351-300000.0:35352-150.0,40.2
0-1.0:2-1.0:3-1.0:4-1.0:5-1.0:6-1.0:7-1.0:8-1.0:9-1.0:10-1.0:8819-1.0:35347-1:35348-0:35349-100000.0:35350-1000.0:35351-300000.0:35352-250.0,33.85
0-1.0:1-1.0:2-1.0:3-1.0:4-1.0:5-1.0:6-1.0:7-1.0:8-1.0:9-1.0:10-1.0:35347-1:35348-0:35349-100000.0:35350-1000.0:35351-300000.0:35352-750.0,29.4
0-1.0:1-1.0:2-1.0:3-1.0:4-1.0:5-1.0:6-1.0:7-1.0:8-1.0:9-1.0:10-1.0:35347-1:35348-0:35349-100000.0:35350-1000.0:35351-300000.0:35352-1000.0,27.81
0-1.0:1-1.0:2-1.0:3-1.0:4-1.0:5-1.0:6-1.0:7-1.0:8-1.0:9-1.0:10-1.0:35347-1:35348-0:35349-100000.0:35350-1000.0:35351-300000.0:35352-2500.0,44.06
0-1.0:2-1.0:3-1.0:4-1.0:5-1.0:6-1.0:7-1.0:8-1.0:9-1.0:10-1.0:8819-1.0:35347-1:35348-0:35349-100000.0:35350-1000.0:35351-500000.0:35352-100.0,48.72
0-1.0:2-1.0:3-1.0:4-1.0:5-1.0:6-1.0:7-1.0:8-1.0:9-1.0:10-1.0:8819-1.0:35347-1:35348-0:35349-100000.0:35350-1000.0:35351-500000.0:35352-250.0,44.38
0-1.0:2-1.0:3-1.0:4-1.0:5-1.0:6-1.0:7-1.0:8-1.0:9-1.0:10-1.0:8819-1.0:35347-1:35348-0:35349-100000.0:35350-1000.0:35351-500000.0:35352-500.0,62.26
0-1.0:1-1.0:2-1.0:3-1.0:4-1.0:5-1.0:6-1.0:7-1.0:8-1.0:9-1.0:10-1.0:35347-1:35348-0:35349-100000.0:35350-1000.0:35351-500000.0:35352-750.0,34.69
0-1.0:2-1.0:3-1.0:4-1.0:5-1.0:6-1.0:7-1.0:8-1.0:9-1.0:10-1.0:8819-1.0:35347-1:35348-0:35349-100000.0:35350-1000.0:35351-500000.0:35352-1000.0,29.48
0-1.0:2-1.0:3-1.0:4-1.0:5-1.0:6-1.0:7-1.0:8-1.0:9-1.0:10-1.0:8819-1.0:35347-1:35348-0:35349-100000.0:35350-1000.0:35351-500000.0:35352-2500.0,24.71
0-1.0:2-1.0:3-1.0:4-1.0:5-1.0:6-1.0:7-1.0:8-1.0:9-1.0:10-1.0:8819-1.0:35347-1:35348-0:35349-100000.0:35350-2000.0:35351-100000.0:35352-250.0,32.01
0-1.0:2-1.0:3-1.0:4-1.0:5-1.0:6-1.0:7-1.0:8-1.0:9-1.0:10-1.0:8819-1.0:35347-1:35348-0:35349-100000.0:35350-2000.0:35351-100000.0:35352-500.0,37.63
0-1.0:1-1.0:2-1.0:3-1.0:4-1.0:5-1.0:6-1.0:7-1.0:8-1.0:9-1.0:10-1.0:35347-1:35348-0:35349-100000.0:35350-2000.0:35351-100000.0:35352-750.0,27.57
0-1.0:2-1.0:3-1.0:4-1.0:5-1.0:6-1.0:7-1.0:8-1.0:9-1.0:10-1.0:8819-1.0:35347-1:35348-0:35349-100000.0:35350-2000.0:35351-100000.0:35352-1000.0,25.98
0-1.0:2-1.0:3-1.0:4-1.0:5-1.0:6-1.0:7-1.0:8-1.0:9-1.0:10-1.0:8819-1.0:35347-1:35348-0:35349-100000.0:35350-2000.0:35351-100000.0:35352-1500.0,30.72
0-1.0:2-1.0:3-1.0:4-1.0:5-1.0:6-1.0:7-1.0:8-1.0:9-1.0:10-1.0:8819-1.0:35347-1:35348-0:35349-100000.0:35350-2000.0:35351-100000.0:35352-2500.0,21.21
0-1.0:1-1.0:2-1.0:3-1.0:4-1.0:5-1.0:6-1.0:7-1.0:8-1.0:9-1.0:10-1.0:35347-1:35348-0:35349-100000.0:35350-2000.0:35351-100000.0:35352-5000.0,17.72
0-1.0:2-1.0:3-1.0:4-1.0:5-1.0:6-1.0:7-1.0:8-1.0:9-1.0:10-1.0:8819-1.0:35347-1:35348-0:35349-100000.0:35350-2000.0:35351-300000.0:35352-150.0,51.09
0-1.0:2-1.0:3-1.0:4-1.0:5-1.0:6-1.0:7-1.0:8-1.0:9-1.0:10-1.0:8819-1.0:35347-1:35348-0:35349-100000.0:35350-2000.0:35351-300000.0:35352-250.0,42.96
0-1.0:1-1.0:2-1.0:3-1.0:4-1.0:5-1.0:6-1.0:7-1.0:8-1.0:9-1.0:10-1.0:35347-1:35348-0:35349-100000.0:35350-2000.0:35351-300000.0:35352-500.0,39.71
0-1.0:1-1.0:2-1.0:3-1.0:4-1.0:5-1.0:6-1.0:7-1.0:8-1.0:9-1.0:10-1.0:35347-1:35348-0:35349-100000.0:35350-2000.0:35351-300000.0:35352-750.0,37.27
0-1.0:2-1.0:3-1.0:4-1.0:5-1.0:6-1.0:7-1.0:8-1.0:9-1.0:10-1.0:8819-1.0:35347-1:35348-0:35349-100000.0:35350-2000.0:35351-300000.0:35352-1000.0,28.06
0-1.0:1-1.0:2-1.0:3-1.0:4-1.0:5-1.0:6-1.0:7-1.0:8-1.0:9-1.0:10-1.0:35347-1:35348-0:35349-100000.0:35350-2000.0:35351-300000.0:35352-1500.0,32.8
0-1.0:2-1.0:3-1.0:4-1.0:5-1.0:6-1.0:7-1.0:8-1.0:9-1.0:10-1.0:8819-1.0:35347-1:35348-0:35349-100000.0:35350-2000.0:35351-300000.0:35352-2500.0,23.3
0-1.0:2-1.0:3-1.0:4-1.0:5-1.0:6-1.0:7-1.0:8-1.0:9-1.0:10-1.0:8819-1.0:35347-1:35348-0:35349-100000.0:35350-2000.0:35351-300000.0:35352-5000.0,19.8
0-1.0:2-1.0:3-1.0:4-1.0:5-1.0:6-1.0:7-1.0:8-1.0:9-1.0:10-1.0:8819-1.0:35347-1:35348-0:35349-100000.0:35350-2000.0:35351-500000.0:35352-100.0,43.71
0-1.0:2-1.0:3-1.0:4-1.0:5-1.0:6-1.0:7-1.0:8-1.0:9-1.0:10-1.0:8819-1.0:35347-1:35348-0:35349-100000.0:35350-2000.0:35351-500000.0:35352-150.0,42.12
0-1.0:1-1.0:2-1.0:3-1.0:4-1.0:5-1.0:6-1.0:7-1.0:8-1.0:9-1.0:10-1.0:35347-1:35348-0:35349-100000.0:35350-2000.0:35351-500000.0:35352-750.0,38.94
0-1.0:2-1.0:3-1.0:4-1.0:5-1.0:6-1.0:7-1.0:8-1.0:9-1.0:10-1.0:8819-1.0:35347-1:35348-0:35349-100000.0:35350-2000.0:35351-500000.0:35352-5000.0,21.47
0-1.0:2-1.0:3-1.0:4-1.0:5-1.0:6-1.0:7-1.0:8-1.0:9-1.0:10-1.0:8819-1.0:35347-2:35348-0:35349-4000.0:35350-1000.0:35351-100000.0:35352-150.0,16.45
0-1.0:1-1.0:2-1.0:3-1.0:4-1.0:5-1.0:6-1.0:7-1.0:8-1.0:9-1.0:10-1.0:35347-2:35348-0:35349-4000.0:35350-1000.0:35351-100000.0:35352-500.0,12.62
0-1.0:2-1.0:3-1.0:4-1.0:5-1.0:6-1.0:7-1.0:8-1.0:9-1.0:10-1.0:8819-1.0:35347-2:35348-0:35349-4000.0:35350-1000.0:35351-100000.0:35352-750.0,13.35
0-1.0:1-1.0:2-1.0:3-1.0:4-1.0:5-1.0:6-1.0:7-1.0:8-1.0:9-1.0:10-1.0:35347-2:35348-0:35349-4000.0:35350-1000.0:35351-100000.0:35352-1500.0,13.16
0-1.0:2-1.0:3-1.0:4-1.0:5-1.0:6-1.0:7-1.0:8-1.0:9-1.0:10-1.0:8819-1.0:35347-2:35348-0:35349-4000.0:35350-1000.0:35351-100000.0:35352-2500.0,11.58
0-1.0:2-1.0:3-1.0:4-1.0:5-1.0:6-1.0:7-1.0:8-1.0:9-1.0:10-1.0:8819-1.0:35347-2:35348-0:35349-4000.0:35350-1000.0:35351-300000.0:35352-150.0,18.54
0-1.0:1-1.0:2-1.0:3-1.0:4-1.0:5-1.0:6-1.0:7-1.0:8-1.0:9-1.0:10-1.0:35347-2:35348-0:35349-4000.0:35350-1000.0:35351-300000.0:35352-250.0,15.8
0-1.0:2-1.0:3-1.0:4-1.0:5-1.0:6-1.0:7-1.0:8-1.0:9-1.0:10-1.0:8819-1.0:35347-2:35348-0:35349-4000.0:35350-1000.0:35351-300000.0:35352-1000.0,24.3
0-1.0:2-1.0:3-1.0:4-1.0:5-1.0:6-1.0:7-1.0:8-1.0:9-1.0:10-1.0:8819-1.0:35347-2:35348-0:35349-4000.0:35350-1000.0:35351-300000.0:35352-2500.0,11.13
0-1.0:1-1.0:2-1.0:3-1.0:4-1.0:5-1.0:6-1.0:7-1.0:8-1.0:9-1.0:10-1.0:35347-2:35348-0:35349-4000.0:35350-1000.0:35351-500000.0:35352-100.0,25.68
0-1.0:1-1.0:2-1.0:3-1.0:4-1.0:5-1.0:6-1.0:7-1.0:8-1.0:9-1.0:10-1.0:35347-2:35348-0:35349-4000.0:35350-1000.0:35351-500000.0:35352-750.0,15.54
0-1.0:2-1.0:3-1.0:4-1.0:5-1.0:6-1.0:7-1.0:8-1.0:9-1.0:10-1.0:8819-1.0:35347-2:35348-0:35349-4000.0:35350-1000.0:35351-500000.0:35352-1000.0,17.96
0-1.0:1-1.0:2-1.0:3-1.0:4-1.0:5-1.0:6-1.0:7-1.0:8-1.0:9-1.0:10-1.0:35347-2:35348-0:35349-4000.0:35350-1000.0:35351-500000.0:35352-1500.0,14.03
0-1.0:1-1.0:2-1.0:3-1.0:4-1.0:5-1.0:6-1.0:7-1.0:8-1.0:9-1.0:10-1.0:35347-2:35348-0:35349-4000.0:35350-1000.0:35351-500000.0:35352-2500.0,12.8
0-1.0:2-1.0:3-1.0:4-1.0:5-1.0:6-1.0:7-1.0:8-1.0:9-1.0:10-1.0:8819-1.0:35347-2:35348-0:35349-4000.0:35350-1000.0:35351-500000.0:35352-5000.0,11.29
0-1.0:1-1.0:2-1.0:3-1.0:4-1.0:5-1.0:6-1.0:7-1.0:8-1.0:9-1.0:10-1.0:35347-2:35348-0:35349-4000.0:35350-2000.0:35351-100000.0:35352-100.0,17.39
0-1.0:2-1.0:3-1.0:4-1.0:5-1.0:6-1.0:7-1.0:8-1.0:9-1.0:10-1.0:8819-1.0:35347-2:35348-0:35349-4000.0:35350-2000.0:35351-100000.0:35352-150.0,21.3
0-1.0:1-1.0:2-1.0:3-1.0:4-1.0:5-1.0:6-1.0:7-1.0:8-1.0:9-1.0:10-1.0:35347-2:35348-0:35349-4000.0:35350-2000.0:35351-100000.0:35352-500.0,16.39
0-1.0:2-1.0:3-1.0:4-1.0:5-1.0:6-1.0:7-1.0:8-1.0:9-1.0:10-1.0:8819-1.0:35347-2:35348-0:35349-4000.0:35350-2000.0:35351-100000.0:35352-750.0,15.34
0-1.0:1-1.0:2-1.0:3-1.0:4-1.0:5-1.0:6-1.0:7-1.0:8-1.0:9-1.0:10-1.0:35347-2:35348-0:35349-4000.0:35350-2000.0:35351-100000.0:35352-1000.0,11.36
0-1.0:2-1.0:3-1.0:4-1.0:5-1.0:6-1.0:7-1.0:8-1.0:9-1.0:10-1.0:8819-1.0:35347-2:35348-0:35349-4000.0:35350-2000.0:35351-100000.0:35352-5000.0,10.83
0-1.0:1-1.0:2-1.0:3-1.0:4-1.0:5-1.0:6-1.0:7-1.0:8-1.0:9-1.0:10-1.0:35347-2:35348-0:35349-4000.0:35350-2000.0:35351-300000.0:35352-100.0,19.47
0-1.0:2-1.0:3-1.0:4-1.0:5-1.0:6-1.0:7-1.0:8-1.0:9-1.0:10-1.0:8819-1.0:35347-2:35348-0:35349-4000.0:35350-2000.0:35351-300000.0:35352-500.0,14.95
0-1.0:2-1.0:3-1.0:4-1.0:5-1.0:6-1.0:7-1.0:8-1.0:9-1.0:10-1.0:8819-1.0:35347-2:35348-0:35349-4000.0:35350-2000.0:35351-300000.0:35352-750.0,14.13
0-1.0:1-1.0:2-1.0:3-1.0:4-1.0:5-1.0:6-1.0:7-1.0:8-1.0:9-1.0:10-1.0:35347-2:35348-0:35349-4000.0:35350-2000.0:35351-300000.0:35352-1000.0,24.55
0-1.0:2-1.0:3-1.0:4-1.0:5-1.0:6-1.0:7-1.0:8-1.0:9-1.0:10-1.0:8819-1.0:35347-2:35348-0:35349-4000.0:35350-2000.0:35351-300000.0:35352-2500.0,12.58
0-1.0:2-1.0:3-1.0:4-1.0:5-1.0:6-1.0:7-1.0:8-1.0:9-1.0:10-1.0:8819-1.0:35347-2:35348-0:35349-4000.0:35350-2000.0:35351-300000.0:35352-5000.0,11.98
0-1.0:2-1.0:3-1.0:4-1.0:5-1.0:6-1.0:7-1.0:8-1.0:9-1.0:10-1.0:8819-1.0:35347-2:35348-0:35349-4000.0:35350-2000.0:35351-500000.0:35352-100.0,21.14
0-1.0:2-1.0:3-1.0:4-1.0:5-1.0:6-1.0:7-1.0:8-1.0:9-1.0:10-1.0:8819-1.0:35347-2:35348-0:35349-4000.0:35350-2000.0:35351-500000.0:35352-150.0,20.45
0-1.0:2-1.0:3-1.0:4-1.0:5-1.0:6-1.0:7-1.0:8-1.0:9-1.0:10-1.0:8819-1.0:35347-2:35348-0:35349-4000.0:35350-2000.0:35351-500000.0:35352-250.0,17.71
0-1.0:1-1.0:2-1.0:3-1.0:4-1.0:5-1.0:6-1.0:7-1.0:8-1.0:9-1.0:10-1.0:35347-2:35348-0:35349-4000.0:35350-2000.0:35351-500000.0:35352-500.0,16.62
0-1.0:2-1.0:3-1.0:4-1.0:5-1.0:6-1.0:7-1.0:8-1.0:9-1.0:10-1.0:8819-1.0:35347-2:35348-0:35349-4000.0:35350-2000.0:35351-500000.0:35352-750.0,15.79
0-1.0:1-1.0:2-1.0:3-1.0:4-1.0:5-1.0:6-1.0:7-1.0:8-1.0:9-1.0:10-1.0:35347-2:35348-0:35349-4000.0:35350-2000.0:35351-500000.0:35352-1000.0,15.11
0-1.0:2-1.0:3-1.0:4-1.0:5-1.0:6-1.0:7-1.0:8-1.0:9-1.0:10-1.0:8819-1.0:35347-2:35348-0:35349-4000.0:35350-2000.0:35351-500000.0:35352-1500.0,14.28
0-1.0:2-1.0:3-1.0:4-1.0:5-1.0:6-1.0:7-1.0:8-1.0:9-1.0:10-1.0:8819-1.0:35347-2:35348-0:35349-4000.0:35350-2000.0:35351-500000.0:35352-2500.0,13.05
0-1.0:2-1.0:3-1.0:4-1.0:5-1.0:6-1.0:7-1.0:8-1.0:9-1.0:10-1.0:8819-1.0:35347-2:35348-0:35349-8000.0:35350-1000.0:35351-100000.0:35352-100.0,17.14
0-1.0:2-1.0:3-1.0:4-1.0:5-1.0:6-1.0:7-1.0:8-1.0:9-1.0:10-1.0:8819-1.0:35347-2:35348-0:35349-8000.0:35350-1000.0:35351-100000.0:35352-150.0,16.45
0-1.0:1-1.0:2-1.0:3-1.0:4-1.0:5-1.0:6-1.0:7-1.0:8-1.0:9-1.0:10-1.0:35347-2:35348-0:35349-8000.0:35350-1000.0:35351-100000.0:35352-500.0,16.14
0-1.0:1-1.0:2-1.0:3-1.0:4-1.0:5-1.0:6-1.0:7-1.0:8-1.0:9-1.0:10-1.0:35347-2:35348-0:35349-8000.0:35350-1000.0:35351-100000.0:35352-750.0,11.79
0-1.0:1-1.0:2-1.0:3-1.0:4-1.0:5-1.0:6-1.0:7-1.0:8-1.0:9-1.0:10-1.0:35347-2:35348-0:35349-8000.0:35350-1000.0:35351-100000.0:35352-1500.0,10.83
0-1.0:2-1.0:3-1.0:4-1.0:5-1.0:6-1.0:7-1.0:8-1.0:9-1.0:10-1.0:8819-1.0:35347-2:35348-0:35349-8000.0:35350-1000.0:35351-100000.0:35352-2500.0,10.83
0-1.0:2-1.0:3-1.0:4-1.0:5-1.0:6-1.0:7-1.0:8-1.0:9-1.0:10-1.0:8819-1.0:35347-2:35348-0:35349-8000.0:35350-1000.0:35351-300000.0:35352-100.0,19.22
0-1.0:2-1.0:3-1.0:4-1.0:5-1.0:6-1.0:7-1.0:8-1.0:9-1.0:10-1.0:8819-1.0:35347-2:35348-0:35349-8000.0:35350-1000.0:35351-300000.0:35352-250.0,15.8
0-1.0:2-1.0:3-1.0:4-1.0:5-1.0:6-1.0:7-1.0:8-1.0:9-1.0:10-1.0:8819-1.0:35347-2:35348-0:35349-8000.0:35350-1000.0:35351-300000.0:35352-500.0,27.32
0-1.0:1-1.0:2-1.0:3-1.0:4-1.0:5-1.0:6-1.0:7-1.0:8-1.0:9-1.0:10-1.0:35347-2:35348-0:35349-8000.0:35350-1000.0:35351-300000.0:35352-750.0,17.17
0-1.0:2-1.0:3-1.0:4-1.0:5-1.0:6-1.0:7-1.0:8-1.0:9-1.0:10-1.0:8819-1.0:35347-2:35348-0:35349-8000.0:35350-1000.0:35351-300000.0:35352-1000.0,13.19
0-1.0:2-1.0:3-1.0:4-1.0:5-1.0:6-1.0:7-1.0:8-1.0:9-1.0:10-1.0:8819-1.0:35347-2:35348-0:35349-8000.0:35350-1000.0:35351-300000.0:35352-1500.0,15.24
0-1.0:2-1.0:3-1.0:4-1.0:5-1.0:6-1.0:7-1.0:8-1.0:9-1.0:10-1.0:8819-1.0:35347-2:35348-0:35349-8000.0:35350-1000.0:35351-300000.0:35352-2500.0,13.66
0-1.0:1-1.0:2-1.0:3-1.0:4-1.0:5-1.0:6-1.0:7-1.0:8-1.0:9-1.0:10-1.0:35347-2:35348-0:35349-8000.0:35350-1000.0:35351-300000.0:35352-5000.0,10.83
0-1.0:2-1.0:3-1.0:4-1.0:5-1.0:6-1.0:7-1.0:8-1.0:9-1.0:10-1.0:8819-1.0:35347-2:35348-0:35349-8000.0:35350-1000.0:35351-500000.0:35352-100.0,25.68
0-1.0:1-1.0:2-1.0:3-1.0:4-1.0:5-1.0:6-1.0:7-1.0:8-1.0:9-1.0:10-1.0:35347-2:35348-0:35349-8000.0:35350-1000.0:35351-500000.0:35352-250.0,19.28
0-1.0:2-1.0:3-1.0:4-1.0:5-1.0:6-1.0:7-1.0:8-1.0:9-1.0:10-1.0:8819-1.0:35347-2:35348-0:35349-8000.0:35350-1000.0:35351-500000.0:35352-750.0,15.54
0-1.0:2-1.0:3-1.0:4-1.0:5-1.0:6-1.0:7-1.0:8-1.0:9-1.0:10-1.0:8819-1.0:35347-2:35348-0:35349-8000.0:35350-1000.0:35351-500000.0:35352-1500.0,24.32
0-1.0:1-1.0:2-1.0:3-1.0:4-1.0:5-1.0:6-1.0:7-1.0:8-1.0:9-1.0:10-1.0:35347-2:35348-0:35349-8000.0:35350-1000.0:35351-500000.0:35352-5000.0,11.29
0-1.0:2-1.0:3-1.0:4-1.0:5-1.0:6-1.0:7-1.0:8-1.0:9-1.0:10-1.0:8819-1.0:35347-2:35348-0:35349-8000.0:35350-2000.0:35351-100000.0:35352-100.0,17.39
0-1.0:2-1.0:3-1.0:4-1.0:5-1.0:6-1.0:7-1.0:8-1.0:9-1.0:10-1.0:8819-1.0:35347-2:35348-0:35349-8000.0:35350-2000.0:35351-100000.0:35352-500.0,12.87
0-1.0:1-1.0:2-1.0:3-1.0:4-1.0:5-1.0:6-1.0:7-1.0:8-1.0:9-1.0:10-1.0:35347-2:35348-0:35349-8000.0:35350-2000.0:35351-100000.0:35352-1000.0,11.36
0-1.0:2-1.0:3-1.0:4-1.0:5-1.0:6-1.0:7-1.0:8-1.0:9-1.0:10-1.0:8819-1.0:35347-2:35348-0:35349-8000.0:35350-2000.0:35351-100000.0:35352-1500.0,10.83
0-1.0:2-1.0:3-1.0:4-1.0:5-1.0:6-1.0:7-1.0:8-1.0:9-1.0:10-1.0:8819-1.0:35347-2:35348-0:35349-8000.0:35350-2000.0:35351-100000.0:35352-2500.0,11.83
0-1.0:2-1.0:3-1.0:4-1.0:5-1.0:6-1.0:7-1.0:8-1.0:9-1.0:10-1.0:8819-1.0:35347-2:35348-0:35349-8000.0:35350-2000.0:35351-100000.0:35352-5000.0,10.83
0-1.0:1-1.0:2-1.0:3-1.0:4-1.0:5-1.0:6-1.0:7-1.0:8-1.0:9-1.0:10-1.0:35347-2:35348-0:35349-8000.0:35350-2000.0:35351-300000.0:35352-100.0,24.26
0-1.0:1-1.0:2-1.0:3-1.0:4-1.0:5-1.0:6-1.0:7-1.0:8-1.0:9-1.0:10-1.0:35347-2:35348-0:35349-8000.0:35350-2000.0:35351-300000.0:35352-150.0,18.79
0-1.0:2-1.0:3-1.0:4-1.0:5-1.0:6-1.0:7-1.0:8-1.0:9-1.0:10-1.0:8819-1.0:35347-2:35348-0:35349-8000.0:35350-2000.0:35351-300000.0:35352-250.0,16.05
0-1.0:1-1.0:2-1.0:3-1.0:4-1.0:5-1.0:6-1.0:7-1.0:8-1.0:9-1.0:10-1.0:35347-2:35348-0:35349-8000.0:35350-2000.0:35351-300000.0:35352-750.0,17.42
0-1.0:2-1.0:3-1.0:4-1.0:5-1.0:6-1.0:7-1.0:8-1.0:9-1.0:10-1.0:8819-1.0:35347-2:35348-0:35349-8000.0:35350-2000.0:35351-300000.0:35352-1000.0,14.91
0-1.0:2-1.0:3-1.0:4-1.0:5-1.0:6-1.0:7-1.0:8-1.0:9-1.0:10-1.0:8819-1.0:35347-2:35348-0:35349-8000.0:35350-2000.0:35351-300000.0:35352-1500.0,12.62
0-1.0:1-1.0:2-1.0:3-1.0:4-1.0:5-1.0:6-1.0:7-1.0:8-1.0:9-1.0:10-1.0:35347-2:35348-0:35349-8000.0:35350-2000.0:35351-300000.0:35352-2500.0,20.43
0-1.0:1-1.0:2-1.0:3-1.0:4-1.0:5-1.0:6-1.0:7-1.0:8-1.0:9-1.0:10-1.0:35347-2:35348-0:35349-8000.0:35350-2000.0:35351-300000.0:35352-5000.0,10.87
0-1.0:2-1.0:3-1.0:4-1.0:5-1.0:6-1.0:7-1.0:8-1.0:9-1.0:10-1.0:8819-1.0:35347-2:35348-0:35349-8000.0:35350-2000.0:35351-500000.0:35352-150.0,22.63
0-1.0:2-1.0:3-1.0:4-1.0:5-1.0:6-1.0:7-1.0:8-1.0:9-1.0:10-1.0:8819-1.0:35347-2:35348-0:35349-8000.0:35350-2000.0:35351-500000.0:35352-250.0,31.43
0-1.0:2-1.0:3-1.0:4-1.0:5-1.0:6-1.0:7-1.0:8-1.0:9-1.0:10-1.0:8819-1.0:35347-2:35348-0:35349-8000.0:35350-2000.0:35351-500000.0:35352-500.0,16.62
0-1.0:2-1.0:3-1.0:4-1.0:5-1.0:6-1.0:7-1.0:8-1.0:9-1.0:10-1.0:8819-1.0:35347-2:35348-0:35349-8000.0:35350-2000.0:35351-500000.0:35352-1500.0,14.28
0-1.0:2-1.0:3-1.0:4-1.0:5-1.0:6-1.0:7-1.0:8-1.0:9-1.0:10-1.0:8819-1.0:35347-2:35348-0:35349-8000.0:35350-2000.0:35351-500000.0:35352-5000.0,13.65
0-1.0:1-1.0:2-1.0:3-1.0:4-1.0:5-1.0:6-1.0:7-1.0:8-1.0:9-1.0:10-1.0:35347-2:35348-0:35349-12000.0:35350-1000.0:35351-100000.0:35352-100.0,17.14
0-1.0:1-1.0:2-1.0:3-1.0:4-1.0:5-1.0:6-1.0:7-1.0:8-1.0:9-1.0:10-1.0:35347-2:35348-0:35349-12000.0:35350-1000.0:35351-100000.0:35352-150.0,16.45
0-1.0:1-1.0:2-1.0:3-1.0:4-1.0:5-1.0:6-1.0:7-1.0:8-1.0:9-1.0:10-1.0:35347-2:35348-0:35349-12000.0:35350-1000.0:35351-100000.0:35352-250.0,15.53
0-1.0:1-1.0:2-1.0:3-1.0:4-1.0:5-1.0:6-1.0:7-1.0:8-1.0:9-1.0:10-1.0:35347-2:35348-0:35349-12000.0:35350-1000.0:35351-100000.0:35352-500.0,14.29
0-1.0:2-1.0:3-1.0:4-1.0:5-1.0:6-1.0:7-1.0:8-1.0:9-1.0:10-1.0:8819-1.0:35347-2:35348-0:35349-12000.0:35350-1000.0:35351-100000.0:35352-1500.0,10.83
0-1.0:2-1.0:3-1.0:4-1.0:5-1.0:6-1.0:7-1.0:8-1.0:9-1.0:10-1.0:8819-1.0:35347-2:35348-0:35349-12000.0:35350-1000.0:35351-100000.0:35352-2500.0,10.83
0-1.0:1-1.0:2-1.0:3-1.0:4-1.0:5-1.0:6-1.0:7-1.0:8-1.0:9-1.0:10-1.0:35347-2:35348-0:35349-12000.0:35350-1000.0:35351-100000.0:35352-5000.0,10.83
0-1.0:1-1.0:2-1.0:3-1.0:4-1.0:5-1.0:6-1.0:7-1.0:8-1.0:9-1.0:10-1.0:35347-2:35348-0:35349-12000.0:35350-1000.0:35351-300000.0:35352-100.0,19.22
0-1.0:2-1.0:3-1.0:4-1.0:5-1.0:6-1.0:7-1.0:8-1.0:9-1.0:10-1.0:8819-1.0:35347-2:35348-0:35349-12000.0:35350-1000.0:35351-300000.0:35352-150.0,23.14
0-1.0:2-1.0:3-1.0:4-1.0:5-1.0:6-1.0:7-1.0:8-1.0:9-1.0:10-1.0:8819-1.0:35347-2:35348-0:35349-12000.0:35350-1000.0:35351-500000.0:35352-250.0,17.46
0-1.0:1-1.0:2-1.0:3-1.0:4-1.0:5-1.0:6-1.0:7-1.0:8-1.0:9-1.0:10-1.0:35347-2:35348-0:35349-12000.0:35350-1000.0:35351-500000.0:35352-2500.0,12.8
0-1.0:2-1.0:3-1.0:4-1.0:5-1.0:6-1.0:7-1.0:8-1.0:9-1.0:10-1.0:8819-1.0:35347-2:35348-0:35349-12000.0:35350-1000.0:35351-500000.0:35352-5000.0,11.29
0-1.0:2-1.0:3-1.0:4-1.0:5-1.0:6-1.0:7-1.0:8-1.0:9-1.0:10-1.0:8819-1.0:35347-2:35348-0:35349-12000.0:35350-2000.0:35351-100000.0:35352-150.0,33.16
0-1.0:1-1.0:2-1.0:3-1.0:4-1.0:5-1.0:6-1.0:7-1.0:8-1.0:9-1.0:10-1.0:35347-2:35348-0:35349-12000.0:35350-2000.0:35351-100000.0:35352-1000.0,11.36
0-1.0:1-1.0:2-1.0:3-1.0:4-1.0:5-1.0:6-1.0:7-1.0:8-1.0:9-1.0:10-1.0:35347-2:35348-0:35349-12000.0:35350-2000.0:35351-100000.0:35352-1500.0,10.83
0-1.0:1-1.0:2-1.0:3-1.0:4-1.0:5-1.0:6-1.0:7-1.0:8-1.0:9-1.0:10-1.0:35347-2:35348-0:35349-12000.0:35350-2000.0:35351-100000.0:35352-2500.0,10.83
0-1.0:2-1.0:3-1.0:4-1.0:5-1.0:6-1.0:7-1.0:8-1.0:9-1.0:10-1.0:8819-1.0:35347-2:35348-0:35349-12000.0:35350-2000.0:35351-100000.0:35352-5000.0,10.83
0-1.0:1-1.0:2-1.0:3-1.0:4-1.0:5-1.0:6-1.0:7-1.0:8-1.0:9-1.0:10-1.0:35347-2:35348-0:35349-12000.0:35350-2000.0:35351-300000.0:35352-150.0,35.24
0-1.0:1-1.0:2-1.0:3-1.0:4-1.0:5-1.0:6-1.0:7-1.0:8-1.0:9-1.0:10-1.0:35347-2:35348-0:35349-12000.0:35350-2000.0:35351-300000.0:35352-500.0,14.95
0-1.0:2-1.0:3-1.0:4-1.0:5-1.0:6-1.0:7-1.0:8-1.0:9-1.0:10-1.0:8819-1.0:35347-2:35348-0:35349-12000.0:35350-2000.0:35351-300000.0:35352-1000.0,13.44
0-1.0:1-1.0:2-1.0:3-1.0:4-1.0:5-1.0:6-1.0:7-1.0:8-1.0:9-1.0:10-1.0:35347-2:35348-0:35349-12000.0:35350-2000.0:35351-300000.0:35352-1500.0,12.62
0-1.0:1-1.0:2-1.0:3-1.0:4-1.0:5-1.0:6-1.0:7-1.0:8-1.0:9-1.0:10-1.0:35347-2:35348-0:35349-12000.0:35350-2000.0:35351-300000.0:35352-2500.0,11.38
0-1.0:2-1.0:3-1.0:4-1.0:5-1.0:6-1.0:7-1.0:8-1.0:9-1.0:10-1.0:8819-1.0:35347-2:35348-0:35349-12000.0:35350-2000.0:35351-300000.0:35352-5000.0,10.83
0-1.0:2-1.0:3-1.0:4-1.0:5-1.0:6-1.0:7-1.0:8-1.0:9-1.0:10-1.0:8819-1.0:35347-2:35348-0:35349-12000.0:35350-2000.0:35351-500000.0:35352-100.0,23.41
0-1.0:1-1.0:2-1.0:3-1.0:4-1.0:5-1.0:6-1.0:7-1.0:8-1.0:9-1.0:10-1.0:35347-2:35348-0:35349-12000.0:35350-2000.0:35351-500000.0:35352-150.0,20.45
0-1.0:1-1.0:2-1.0:3-1.0:4-1.0:5-1.0:6-1.0:7-1.0:8-1.0:9-1.0:10-1.0:35347-2:35348-0:35349-12000.0:35350-2000.0:35351-500000.0:35352-1000.0,15.11
0-1.0:2-1.0:3-1.0:4-1.0:5-1.0:6-1.0:7-1.0:8-1.0:9-1.0:10-1.0:8819-1.0:35347-2:35348-0:35349-12000.0:35350-2000.0:35351-500000.0:35352-1500.0,17.16
0-1.0:2-1.0:3-1.0:4-1.0:5-1.0:6-1.0:7-1.0:8-1.0:9-1.0:10-1.0:8819-1.0:35347-2:35348-0:35349-12000.0:35350-2000.0:35351-500000.0:35352-2500.0,13.05
0-1.0:2-1.0:3-1.0:4-1.0:5-1.0:6-1.0:7-1.0:8-1.0:9-1.0:10-1.0:8819-1.0:35347-2:35348-0:35349-12000.0:35350-2000.0:35351-500000.0:35352-5000.0,11.54
0-1.0:2-1.0:3-1.0:4-1.0:5-1.0:6-1.0:7-1.0:8-1.0:9-1.0:10-1.0:8819-1.0:35347-2:35348-0:35349-16000.0:35350-1000.0:35351-100000.0:35352-100.0,22.27
0-1.0:2-1.0:3-1.0:4-1.0:5-1.0:6-1.0:7-1.0:8-1.0:9-1.0:10-1.0:8819-1.0:35347-2:35348-0:35349-16000.0:35350-1000.0:35351-100000.0:35352-150.0,33.39
0-1.0:1-1.0:2-1.0:3-1.0:4-1.0:5-1.0:6-1.0:7-1.0:8-1.0:9-1.0:10-1.0:35347-2:35348-0:35349-16000.0:35350-1000.0:35351-100000.0:35352-750.0,15.32
0-1.0:1-1.0:2-1.0:3-1.0:4-1.0:5-1.0:6-1.0:7-1.0:8-1.0:9-1.0:10-1.0:35347-2:35348-0:35349-16000.0:35350-1000.0:35351-100000.0:35352-2500.0,11.76
0-1.0:2-1.0:3-1.0:4-1.0:5-1.0:6-1.0:7-1.0:8-1.0:9-1.0:10-1.0:8819-1.0:35347-2:35348-0:35349-16000.0:35350-1000.0:35351-100000.0:35352-5000.0,10.83
0-1.0:2-1.0:3-1.0:4-1.0:5-1.0:6-1.0:7-1.0:8-1.0:9-1.0:10-1.0:8819-1.0:35347-2:35348-0:35349-16000.0:35350-1000.0:35351-300000.0:35352-150.0,23.46
0-1.0:2-1.0:3-1.0:4-1.0:5-1.0:6-1.0:7-1.0:8-1.0:9-1.0:10-1.0:8819-1.0:35347-2:35348-0:35349-16000.0:35350-1000.0:35351-300000.0:35352-250.0,16.0
0-1.0:2-1.0:3-1.0:4-1.0:5-1.0:6-1.0:7-1.0:8-1.0:9-1.0:10-1.0:8819-1.0:35347-2:35348-0:35349-16000.0:35350-1000.0:35351-300000.0:35352-500.0,16.55
0-1.0:2-1.0:3-1.0:4-1.0:5-1.0:6-1.0:7-1.0:8-1.0:9-1.0:10-1.0:8819-1.0:35347-2:35348-0:35349-16000.0:35350-1000.0:35351-300000.0:35352-750.0,14.05
0-1.0:1-1.0:2-1.0:3-1.0:4-1.0:5-1.0:6-1.0:7-1.0:8-1.0:9-1.0:10-1.0:35347-2:35348-0:35349-16000.0:35350-1000.0:35351-300000.0:35352-1000.0,16.51
0-1.0:1-1.0:2-1.0:3-1.0:4-1.0:5-1.0:6-1.0:7-1.0:8-1.0:9-1.0:10-1.0:35347-2:35348-0:35349-16000.0:35350-1000.0:35351-300000.0:35352-1500.0,12.52
0-1.0:2-1.0:3-1.0:4-1.0:5-1.0:6-1.0:7-1.0:8-1.0:9-1.0:10-1.0:8819-1.0:35347-2:35348-0:35349-16000.0:35350-1000.0:35351-300000.0:35352-5000.0,10.83
0-1.0:1-1.0:2-1.0:3-1.0:4-1.0:5-1.0:6-1.0:7-1.0:8-1.0:9-1.0:10-1.0:35347-2:35348-0:35349-16000.0:35350-1000.0:35351-500000.0:35352-250.0,17.66
0-1.0:2-1.0:3-1.0:4-1.0:5-1.0:6-1.0:7-1.0:8-1.0:9-1.0:10-1.0:8819-1.0:35347-2:35348-0:35349-16000.0:35350-1000.0:35351-500000.0:35352-500.0,20.14
0-1.0:1-1.0:2-1.0:3-1.0:4-1.0:5-1.0:6-1.0:7-1.0:8-1.0:9-1.0:10-1.0:35347-2:35348-0:35349-16000.0:35350-1000.0:35351-500000.0:35352-1000.0,18.18
0-1.0:2-1.0:3-1.0:4-1.0:5-1.0:6-1.0:7-1.0:8-1.0:9-1.0:10-1.0:8819-1.0:35347-2:35348-0:35349-16000.0:35350-1000.0:35351-500000.0:35352-1500.0,14.19
0-1.0:2-1.0:3-1.0:4-1.0:5-1.0:6-1.0:7-1.0:8-1.0:9-1.0:10-1.0:8819-1.0:35347-2:35348-0:35349-16000.0:35350-1000.0:35351-500000.0:35352-2500.0,15.51
0-1.0:2-1.0:3-1.0:4-1.0:5-1.0:6-1.0:7-1.0:8-1.0:9-1.0:10-1.0:8819-1.0:35347-2:35348-0:35349-16000.0:35350-1000.0:35351-500000.0:35352-5000.0,11.4
0-1.0:1-1.0:2-1.0:3-1.0:4-1.0:5-1.0:6-1.0:7-1.0:8-1.0:9-1.0:10-1.0:35347-2:35348-0:35349-16000.0:35350-2000.0:35351-100000.0:35352-100.0,22.52
0-1.0:2-1.0:3-1.0:4-1.0:5-1.0:6-1.0:7-1.0:8-1.0:9-1.0:10-1.0:8819-1.0:35347-2:35348-0:35349-16000.0:35350-2000.0:35351-100000.0:35352-250.0,14.16
0-1.0:2-1.0:3-1.0:4-1.0:5-1.0:6-1.0:7-1.0:8-1.0:9-1.0:10-1.0:8819-1.0:35347-2:35348-0:35349-16000.0:35350-2000.0:35351-100000.0:35352-500.0,16.64
0-1.0:1-1.0:2-1.0:3-1.0:4-1.0:5-1.0:6-1.0:7-1.0:8-1.0:9-1.0:10-1.0:35347-2:35348-0:35349-16000.0:35350-2000.0:35351-100000.0:35352-1500.0,10.83
0-1.0:1-1.0:2-1.0:3-1.0:4-1.0:5-1.0:6-1.0:7-1.0:8-1.0:9-1.0:10-1.0:35347-2:35348-0:35349-16000.0:35350-2000.0:35351-100000.0:35352-2500.0,10.83
0-1.0:2-1.0:3-1.0:4-1.0:5-1.0:6-1.0:7-1.0:8-1.0:9-1.0:10-1.0:8819-1.0:35347-2:35348-0:35349-16000.0:35350-2000.0:35351-100000.0:35352-5000.0,10.83
0-1.0:2-1.0:3-1.0:4-1.0:5-1.0:6-1.0:7-1.0:8-1.0:9-1.0:10-1.0:8819-1.0:35347-2:35348-0:35349-16000.0:35350-2000.0:35351-300000.0:35352-150.0,19.03
0-1.0:1-1.0:2-1.0:3-1.0:4-1.0:5-1.0:6-1.0:7-1.0:8-1.0:9-1.0:10-1.0:35347-2:35348-0:35349-16000.0:35350-2000.0:35351-300000.0:35352-500.0,15.13
0-1.0:2-1.0:3-1.0:4-1.0:5-1.0:6-1.0:7-1.0:8-1.0:9-1.0:10-1.0:8819-1.0:35347-2:35348-0:35349-16000.0:35350-2000.0:35351-300000.0:35352-750.0,14.3
0-1.0:2-1.0:3-1.0:4-1.0:5-1.0:6-1.0:7-1.0:8-1.0:9-1.0:10-1.0:8819-1.0:35347-2:35348-0:35349-16000.0:35350-2000.0:35351-300000.0:35352-1000.0,16.76
0-1.0:2-1.0:3-1.0:4-1.0:5-1.0:6-1.0:7-1.0:8-1.0:9-1.0:10-1.0:8819-1.0:35347-2:35348-0:35349-16000.0:35350-2000.0:35351-300000.0:35352-1500.0,12.77
0-1.0:2-1.0:3-1.0:4-1.0:5-1.0:6-1.0:7-1.0:8-1.0:9-1.0:10-1.0:8819-1.0:35347-2:35348-0:35349-16000.0:35350-2000.0:35351-300000.0:35352-2500.0,11.52
0-1.0:2-1.0:3-1.0:4-1.0:5-1.0:6-1.0:7-1.0:8-1.0:9-1.0:10-1.0:8819-1.0:35347-2:35348-0:35349-16000.0:35350-2000.0:35351-300000.0:35352-5000.0,10.83
0-1.0:1-1.0:2-1.0:3-1.0:4-1.0:5-1.0:6-1.0:7-1.0:8-1.0:9-1.0:10-1.0:35347-2:35348-0:35349-16000.0:35350-2000.0:35351-500000.0:35352-100.0,26.27
0-1.0:1-1.0:2-1.0:3-1.0:4-1.0:5-1.0:6-1.0:7-1.0:8-1.0:9-1.0:10-1.0:35347-2:35348-0:35349-16000.0:35350-2000.0:35351-500000.0:35352-150.0,20.7
0-1.0:2-1.0:3-1.0:4-1.0:5-1.0:6-1.0:7-1.0:8-1.0:9-1.0:10-1.0:8819-1.0:35347-2:35348-0:35349-16000.0:35350-2000.0:35351-500000.0:35352-250.0,17.91
0-1.0:2-1.0:3-1.0:4-1.0:5-1.0:6-1.0:7-1.0:8-1.0:9-1.0:10-1.0:8819-1.0:35347-2:35348-0:35349-16000.0:35350-2000.0:35351-500000.0:35352-500.0,18.47
0-1.0:2-1.0:3-1.0:4-1.0:5-1.0:6-1.0:7-1.0:8-1.0:9-1.0:10-1.0:8819-1.0:35347-2:35348-0:35349-16000.0:35350-2000.0:35351-500000.0:35352-750.0,15.97
0-1.0:2-1.0:3-1.0:4-1.0:5-1.0:6-1.0:7-1.0:8-1.0:9-1.0:10-1.0:8819-1.0:35347-2:35348-0:35349-16000.0:35350-2000.0:35351-500000.0:35352-1500.0,14.44
0-1.0:2-1.0:3-1.0:4-1.0:5-1.0:6-1.0:7-1.0:8-1.0:9-1.0:10-1.0:8819-1.0:35347-2:35348-0:35349-16000.0:35350-2000.0:35351-500000.0:35352-2500.0,15.76
0-1.0:1-1.0:2-1.0:3-1.0:4-1.0:5-1.0:6-1.0:7-1.0:8-1.0:9-1.0:10-1.0:35347-2:35348-0:35349-16000.0:35350-2000.0:35351-500000.0:35352-5000.0,11.65
0-1.0:2-1.0:3-1.0:4-1.0:5-1.0:6-1.0:7-1.0:8-1.0:9-1.0:10-1.0:8819-1.0:35347-2:35348-0:35349-20000.0:35350-1000.0:35351-100000.0:35352-100.0,18.49
0-1.0:2-1.0:3-1.0:4-1.0:5-1.0:6-1.0:7-1.0:8-1.0:9-1.0:10-1.0:8819-1.0:35347-2:35348-0:35349-20000.0:35350-1000.0:35351-100000.0:35352-150.0,17.75
0-1.0:2-1.0:3-1.0:4-1.0:5-1.0:6-1.0:7-1.0:8-1.0:9-1.0:10-1.0:8819-1.0:35347-2:35348-0:35349-20000.0:35350-1000.0:35351-100000.0:35352-750.0,12.72
0-1.0:2-1.0:3-1.0:4-1.0:5-1.0:6-1.0:7-1.0:8-1.0:9-1.0:10-1.0:8819-1.0:35347-2:35348-0:35349-20000.0:35350-1000.0:35351-100000.0:35352-1500.0,11.09
0-1.0:2-1.0:3-1.0:4-1.0:5-1.0:6-1.0:7-1.0:8-1.0:9-1.0:10-1.0:8819-1.0:35347-2:35348-0:35349-20000.0:35350-1000.0:35351-100000.0:35352-2500.0,10.83
0-1.0:1-1.0:2-1.0:3-1.0:4-1.0:5-1.0:6-1.0:7-1.0:8-1.0:9-1.0:10-1.0:35347-2:35348-0:35349-20000.0:35350-1000.0:35351-100000.0:35352-5000.0,10.83
0-1.0:2-1.0:3-1.0:4-1.0:5-1.0:6-1.0:7-1.0:8-1.0:9-1.0:10-1.0:8819-1.0:35347-2:35348-0:35349-20000.0:35350-1000.0:35351-300000.0:35352-150.0,19.83
0-1.0:2-1.0:3-1.0:4-1.0:5-1.0:6-1.0:7-1.0:8-1.0:9-1.0:10-1.0:8819-1.0:35347-2:35348-0:35349-20000.0:35350-1000.0:35351-300000.0:35352-250.0,16.87
0-1.0:2-1.0:3-1.0:4-1.0:5-1.0:6-1.0:7-1.0:8-1.0:9-1.0:10-1.0:8819-1.0:35347-2:35348-0:35349-20000.0:35350-1000.0:35351-300000.0:35352-500.0,19.46
0-1.0:2-1.0:3-1.0:4-1.0:5-1.0:6-1.0:7-1.0:8-1.0:9-1.0:10-1.0:8819-1.0:35347-2:35348-0:35349-20000.0:35350-1000.0:35351-300000.0:35352-1000.0,26.09
0-1.0:2-1.0:3-1.0:4-1.0:5-1.0:6-1.0:7-1.0:8-1.0:9-1.0:10-1.0:8819-1.0:35347-2:35348-0:35349-20000.0:35350-1000.0:35351-300000.0:35352-1500.0,16.25
0-1.0:1-1.0:2-1.0:3-1.0:4-1.0:5-1.0:6-1.0:7-1.0:8-1.0:9-1.0:10-1.0:35347-2:35348-0:35349-20000.0:35350-1000.0:35351-500000.0:35352-100.0,27.36
0-1.0:2-1.0:3-1.0:4-1.0:5-1.0:6-1.0:7-1.0:8-1.0:9-1.0:10-1.0:8819-1.0:35347-2:35348-0:35349-20000.0:35350-1000.0:35351-500000.0:35352-150.0,21.5
0-1.0:2-1.0:3-1.0:4-1.0:5-1.0:6-1.0:7-1.0:8-1.0:9-1.0:10-1.0:8819-1.0:35347-2:35348-0:35349-20000.0:35350-1000.0:35351-500000.0:35352-250.0,18.54
0-1.0:2-1.0:3-1.0:4-1.0:5-1.0:6-1.0:7-1.0:8-1.0:9-1.0:10-1.0:8819-1.0:35347-2:35348-0:35349-20000.0:35350-1000.0:35351-500000.0:35352-750.0,19.99
0-1.0:2-1.0:3-1.0:4-1.0:5-1.0:6-1.0:7-1.0:8-1.0:9-1.0:10-1.0:8819-1.0:35347-2:35348-0:35349-20000.0:35350-1000.0:35351-500000.0:35352-1000.0,15.73
0-1.0:2-1.0:3-1.0:4-1.0:5-1.0:6-1.0:7-1.0:8-1.0:9-1.0:10-1.0:8819-1.0:35347-2:35348-0:35349-20000.0:35350-1000.0:35351-500000.0:35352-1500.0,14.84
0-1.0:1-1.0:2-1.0:3-1.0:4-1.0:5-1.0:6-1.0:7-1.0:8-1.0:9-1.0:10-1.0:35347-2:35348-0:35349-20000.0:35350-2000.0:35351-100000.0:35352-100.0,21.26
0-1.0:1-1.0:2-1.0:3-1.0:4-1.0:5-1.0:6-1.0:7-1.0:8-1.0:9-1.0:10-1.0:35347-2:35348-0:35349-20000.0:35350-2000.0:35351-100000.0:35352-150.0,22.92
0-1.0:2-1.0:3-1.0:4-1.0:5-1.0:6-1.0:7-1.0:8-1.0:9-1.0:10-1.0:8819-1.0:35347-2:35348-0:35349-20000.0:35350-2000.0:35351-100000.0:35352-250.0,15.04
0-1.0:2-1.0:3-1.0:4-1.0:5-1.0:6-1.0:7-1.0:8-1.0:9-1.0:10-1.0:8819-1.0:35347-2:35348-0:35349-20000.0:35350-2000.0:35351-100000.0:35352-500.0,13.85
0-1.0:2-1.0:3-1.0:4-1.0:5-1.0:6-1.0:7-1.0:8-1.0:9-1.0:10-1.0:8819-1.0:35347-2:35348-0:35349-20000.0:35350-2000.0:35351-100000.0:35352-750.0,12.97
0-1.0:2-1.0:3-1.0:4-1.0:5-1.0:6-1.0:7-1.0:8-1.0:9-1.0:10-1.0:8819-1.0:35347-2:35348-0:35349-20000.0:35350-2000.0:35351-100000.0:35352-1000.0,15.55
0-1.0:2-1.0:3-1.0:4-1.0:5-1.0:6-1.0:7-1.0:8-1.0:9-1.0:10-1.0:8819-1.0:35347-2:35348-0:35349-20000.0:35350-2000.0:35351-100000.0:35352-1500.0,11.34
0-1.0:1-1.0:2-1.0:3-1.0:4-1.0:5-1.0:6-1.0:7-1.0:8-1.0:9-1.0:10-1.0:35347-2:35348-0:35349-20000.0:35350-2000.0:35351-100000.0:35352-2500.0,10.83
0-1.0:2-1.0:3-1.0:4-1.0:5-1.0:6-1.0:7-1.0:8-1.0:9-1.0:10-1.0:8819-1.0:35347-2:35348-0:35349-20000.0:35350-2000.0:35351-300000.0:35352-100.0,23.34
0-1.0:2-1.0:3-1.0:4-1.0:5-1.0:6-1.0:7-1.0:8-1.0:9-1.0:10-1.0:8819-1.0:35347-2:35348-0:35349-20000.0:35350-2000.0:35351-300000.0:35352-250.0,17.12
0-1.0:2-1.0:3-1.0:4-1.0:5-1.0:6-1.0:7-1.0:8-1.0:9-1.0:10-1.0:8819-1.0:35347-2:35348-0:35349-20000.0:35350-2000.0:35351-300000.0:35352-500.0,15.94
0-1.0:1-1.0:2-1.0:3-1.0:4-1.0:5-1.0:6-1.0:7-1.0:8-1.0:9-1.0:10-1.0:35347-2:35348-0:35349-20000.0:35350-2000.0:35351-300000.0:35352-750.0,18.58
0-1.0:1-1.0:2-1.0:3-1.0:4-1.0:5-1.0:6-1.0:7-1.0:8-1.0:9-1.0:10-1.0:35347-2:35348-0:35349-20000.0:35350-2000.0:35351-300000.0:35352-1500.0,16.5
0-1.0:2-1.0:3-1.0:4-1.0:5-1.0:6-1.0:7-1.0:8-1.0:9-1.0:10-1.0:8819-1.0:35347-2:35348-0:35349-20000.0:35350-2000.0:35351-300000.0:35352-5000.0,12.72
0-1.0:2-1.0:3-1.0:4-1.0:5-1.0:6-1.0:7-1.0:8-1.0:9-1.0:10-1.0:8819-1.0:35347-2:35348-0:35349-20000.0:35350-2000.0:35351-500000.0:35352-100.0,27.61
0-1.0:2-1.0:3-1.0:4-1.0:5-1.0:6-1.0:7-1.0:8-1.0:9-1.0:10-1.0:8819-1.0:35347-2:35348-0:35349-20000.0:35350-2000.0:35351-500000.0:35352-150.0,21.75
0-1.0:2-1.0:3-1.0:4-1.0:5-1.0:6-1.0:7-1.0:8-1.0:9-1.0:10-1.0:8819-1.0:35347-2:35348-0:35349-20000.0:35350-2000.0:35351-500000.0:35352-500.0,21.38
0-1.0:2-1.0:3-1.0:4-1.0:5-1.0:6-1.0:7-1.0:8-1.0:9-1.0:10-1.0:8819-1.0:35347-2:35348-0:35349-20000.0:35350-2000.0:35351-500000.0:35352-750.0,16.72
0-1.0:1-1.0:2-1.0:3-1.0:4-1.0:5-1.0:6-1.0:7-1.0:8-1.0:9-1.0:10-1.0:35347-2:35348-0:35349-20000.0:35350-2000.0:35351-500000.0:35352-1500.0,18.17
0-1.0:2-1.0:3-1.0:4-1.0:5-1.0:6-1.0:7-1.0:8-1.0:9-1.0:10-1.0:8819-1.0:35347-2:35348-0:35349-20000.0:35350-2000.0:35351-500000.0:35352-2500.0,15.09
0-1.0:2-1.0:3-1.0:4-1.0:5-1.0:6-1.0:7-1.0:8-1.0:9-1.0:10-1.0:8819-1.0:35347-2:35348-0:35349-20000.0:35350-2000.0:35351-500000.0:35352-5000.0,12.13
0-1.0:1-1.0:2-1.0:3-1.0:4-1.0:5-1.0:6-1.0:7-1.0:8-1.0:9-1.0:10-1.0:35347-2:35348-0:35349-24000.0:35350-1000.0:35351-100000.0:35352-100.0,24.96
0-1.0:1-1.0:2-1.0:3-1.0:4-1.0:5-1.0:6-1.0:7-1.0:8-1.0:9-1.0:10-1.0:35347-2:35348-0:35349-24000.0:35350-1000.0:35351-100000.0:35352-150.0,21.3
0-1.0:1-1.0:2-1.0:3-1.0:4-1.0:5-1.0:6-1.0:7-1.0:8-1.0:9-1.0:10-1.0:35347-2:35348-0:35349-24000.0:35350-1000.0:35351-100000.0:35352-250.0,15.66
0-1.0:2-1.0:3-1.0:4-1.0:5-1.0:6-1.0:7-1.0:8-1.0:9-1.0:10-1.0:8819-1.0:35347-2:35348-0:35349-24000.0:35350-1000.0:35351-100000.0:35352-500.0,14.41
0-1.0:1-1.0:2-1.0:3-1.0:4-1.0:5-1.0:6-1.0:7-1.0:8-1.0:9-1.0:10-1.0:35347-2:35348-0:35349-24000.0:35350-1000.0:35351-100000.0:35352-750.0,13.47
0-1.0:1-1.0:2-1.0:3-1.0:4-1.0:5-1.0:6-1.0:7-1.0:8-1.0:9-1.0:10-1.0:35347-2:35348-0:35349-24000.0:35350-1000.0:35351-100000.0:35352-1500.0,23.49
0-1.0:2-1.0:3-1.0:4-1.0:5-1.0:6-1.0:7-1.0:8-1.0:9-1.0:10-1.0:8819-1.0:35347-2:35348-0:35349-24000.0:35350-1000.0:35351-100000.0:35352-2500.0,10.83
0-1.0:2-1.0:3-1.0:4-1.0:5-1.0:6-1.0:7-1.0:8-1.0:9-1.0:10-1.0:8819-1.0:35347-2:35348-0:35349-24000.0:35350-1000.0:35351-100000.0:35352-5000.0,10.83
0-1.0:1-1.0:2-1.0:3-1.0:4-1.0:5-1.0:6-1.0:7-1.0:8-1.0:9-1.0:10-1.0:35347-2:35348-0:35349-24000.0:35350-1000.0:35351-300000.0:35352-100.0,21.66
0-1.0:1-1.0:2-1.0:3-1.0:4-1.0:5-1.0:6-1.0:7-1.0:8-1.0:9-1.0:10-1.0:35347-2:35348-0:35349-24000.0:35350-1000.0:35351-300000.0:35352-150.0,20.88
0-1.0:2-1.0:3-1.0:4-1.0:5-1.0:6-1.0:7-1.0:8-1.0:9-1.0:10-1.0:8819-1.0:35347-2:35348-0:35349-24000.0:35350-1000.0:35351-300000.0:35352-250.0,19.83
0-1.0:2-1.0:3-1.0:4-1.0:5-1.0:6-1.0:7-1.0:8-1.0:9-1.0:10-1.0:8819-1.0:35347-2:35348-0:35349-24000.0:35350-1000.0:35351-300000.0:35352-750.0,15.55
0-1.0:2-1.0:3-1.0:4-1.0:5-1.0:6-1.0:7-1.0:8-1.0:9-1.0:10-1.0:8819-1.0:35347-2:35348-0:35349-24000.0:35350-1000.0:35351-300000.0:35352-1000.0,16.46
0-1.0:2-1.0:3-1.0:4-1.0:5-1.0:6-1.0:7-1.0:8-1.0:9-1.0:10-1.0:8819-1.0:35347-2:35348-0:35349-24000.0:35350-1000.0:35351-300000.0:35352-2500.0,12.42
0-1.0:2-1.0:3-1.0:4-1.0:5-1.0:6-1.0:7-1.0:8-1.0:9-1.0:10-1.0:8819-1.0:35347-2:35348-0:35349-24000.0:35350-1000.0:35351-300000.0:35352-5000.0,10.83
0-1.0:1-1.0:2-1.0:3-1.0:4-1.0:5-1.0:6-1.0:7-1.0:8-1.0:9-1.0:10-1.0:35347-2:35348-0:35349-24000.0:35350-1000.0:35351-500000.0:35352-100.0,28.71
0-1.0:2-1.0:3-1.0:4-1.0:5-1.0:6-1.0:7-1.0:8-1.0:9-1.0:10-1.0:8819-1.0:35347-2:35348-0:35349-24000.0:35350-1000.0:35351-500000.0:35352-150.0,27.71
0-1.0:1-1.0:2-1.0:3-1.0:4-1.0:5-1.0:6-1.0:7-1.0:8-1.0:9-1.0:10-1.0:35347-2:35348-0:35349-24000.0:35350-1000.0:35351-500000.0:35352-250.0,23.71
0-1.0:1-1.0:2-1.0:3-1.0:4-1.0:5-1.0:6-1.0:7-1.0:8-1.0:9-1.0:10-1.0:35347-2:35348-0:35349-24000.0:35350-1000.0:35351-500000.0:35352-500.0,18.16
0-1.0:2-1.0:3-1.0:4-1.0:5-1.0:6-1.0:7-1.0:8-1.0:9-1.0:10-1.0:8819-1.0:35347-2:35348-0:35349-24000.0:35350-1000.0:35351-500000.0:35352-750.0,17.22
0-1.0:1-1.0:2-1.0:3-1.0:4-1.0:5-1.0:6-1.0:7-1.0:8-1.0:9-1.0:10-1.0:35347-2:35348-0:35349-24000.0:35350-1000.0:35351-500000.0:35352-5000.0,13.51
0-1.0:2-1.0:3-1.0:4-1.0:5-1.0:6-1.0:7-1.0:8-1.0:9-1.0:10-1.0:8819-1.0:35347-2:35348-0:35349-24000.0:35350-2000.0:35351-100000.0:35352-100.0,19.83
0-1.0:2-1.0:3-1.0:4-1.0:5-1.0:6-1.0:7-1.0:8-1.0:9-1.0:10-1.0:8819-1.0:35347-2:35348-0:35349-24000.0:35350-2000.0:35351-100000.0:35352-150.0,19.04
0-1.0:2-1.0:3-1.0:4-1.0:5-1.0:6-1.0:7-1.0:8-1.0:9-1.0:10-1.0:8819-1.0:35347-2:35348-0:35349-24000.0:35350-2000.0:35351-100000.0:35352-500.0,14.66
0-1.0:1-1.0:2-1.0:3-1.0:4-1.0:5-1.0:6-1.0:7-1.0:8-1.0:9-1.0:10-1.0:35347-2:35348-0:35349-24000.0:35350-2000.0:35351-100000.0:35352-750.0,13.72
0-1.0:2-1.0:3-1.0:4-1.0:5-1.0:6-1.0:7-1.0:8-1.0:9-1.0:10-1.0:8819-1.0:35347-2:35348-0:35349-24000.0:35350-2000.0:35351-100000.0:35352-1000.0,12.94
0-1.0:2-1.0:3-1.0:4-1.0:5-1.0:6-1.0:7-1.0:8-1.0:9-1.0:10-1.0:8819-1.0:35347-2:35348-0:35349-24000.0:35350-2000.0:35351-100000.0:35352-1500.0,12.0
0-1.0:2-1.0:3-1.0:4-1.0:5-1.0:6-1.0:7-1.0:8-1.0:9-1.0:10-1.0:8819-1.0:35347-2:35348-0:35349-24000.0:35350-2000.0:35351-100000.0:35352-2500.0,20.92
0-1.0:2-1.0:3-1.0:4-1.0:5-1.0:6-1.0:7-1.0:8-1.0:9-1.0:10-1.0:8819-1.0:35347-2:35348-0:35349-24000.0:35350-2000.0:35351-100000.0:35352-5000.0,10.83
0-1.0:1-1.0:2-1.0:3-1.0:4-1.0:5-1.0:6-1.0:7-1.0:8-1.0:9-1.0:10-1.0:35347-2:35348-0:35349-24000.0:35350-2000.0:35351-300000.0:35352-100.0,21.91
0-1.0:2-1.0:3-1.0:4-1.0:5-1.0:6-1.0:7-1.0:8-1.0:9-1.0:10-1.0:8819-1.0:35347-2:35348-0:35349-24000.0:35350-2000.0:35351-300000.0:35352-150.0,21.13
0-1.0:2-1.0:3-1.0:4-1.0:5-1.0:6-1.0:7-1.0:8-1.0:9-1.0:10-1.0:8819-1.0:35347-2:35348-0:35349-24000.0:35350-2000.0:35351-300000.0:35352-250.0,22.3
0-1.0:2-1.0:3-1.0:4-1.0:5-1.0:6-1.0:7-1.0:8-1.0:9-1.0:10-1.0:8819-1.0:35347-2:35348-0:35349-24000.0:35350-2000.0:35351-300000.0:35352-500.0,16.74
0-1.0:1-1.0:2-1.0:3-1.0:4-1.0:5-1.0:6-1.0:7-1.0:8-1.0:9-1.0:10-1.0:35347-2:35348-0:35349-24000.0:35350-2000.0:35351-300000.0:35352-750.0,15.8
0-1.0:2-1.0:3-1.0:4-1.0:5-1.0:6-1.0:7-1.0:8-1.0:9-1.0:10-1.0:8819-1.0:35347-2:35348-0:35349-24000.0:35350-2000.0:35351-300000.0:35352-1000.0,15.02
0-1.0:2-1.0:3-1.0:4-1.0:5-1.0:6-1.0:7-1.0:8-1.0:9-1.0:10-1.0:8819-1.0:35347-2:35348-0:35349-24000.0:35350-2000.0:35351-300000.0:35352-1500.0,17.31
0-1.0:2-1.0:3-1.0:4-1.0:5-1.0:6-1.0:7-1.0:8-1.0:9-1.0:10-1.0:8819-1.0:35347-2:35348-0:35349-24000.0:35350-2000.0:35351-300000.0:35352-2500.0,12.67
0-1.0:2-1.0:3-1.0:4-1.0:5-1.0:6-1.0:7-1.0:8-1.0:9-1.0:10-1.0:8819-1.0:35347-2:35348-0:35349-24000.0:35350-2000.0:35351-500000.0:35352-150.0,22.79
0-1.0:1-1.0:2-1.0:3-1.0:4-1.0:5-1.0:6-1.0:7-1.0:8-1.0:9-1.0:10-1.0:35347-2:35348-0:35349-24000.0:35350-2000.0:35351-500000.0:35352-500.0,22.37
0-1.0:1-1.0:2-1.0:3-1.0:4-1.0:5-1.0:6-1.0:7-1.0:8-1.0:9-1.0:10-1.0:35347-2:35348-0:35349-24000.0:35350-2000.0:35351-500000.0:35352-1500.0,15.75
0-1.0:2-1.0:3-1.0:4-1.0:5-1.0:6-1.0:7-1.0:8-1.0:9-1.0:10-1.0:8819-1.0:35347-2:35348-0:35349-24000.0:35350-2000.0:35351-500000.0:35352-2500.0,17.18
0-1.0:2-1.0:3-1.0:4-1.0:5-1.0:6-1.0:7-1.0:8-1.0:9-1.0:10-1.0:8819-1.0:35347-2:35348-0:35349-24000.0:35350-2000.0:35351-500000.0:35352-5000.0,14.98
0-1.0:1-1.0:2-1.0:3-1.0:4-1.0:5-1.0:6-1.0:7-1.0:8-1.0:9-1.0:10-1.0:35347-2:35348-0:35349-28000.0:35350-1000.0:35351-100000.0:35352-100.0,20.67
0-1.0:2-1.0:3-1.0:4-1.0:5-1.0:6-1.0:7-1.0:8-1.0:9-1.0:10-1.0:8819-1.0:35347-2:35348-0:35349-28000.0:35350-1000.0:35351-100000.0:35352-150.0,19.84
0-1.0:1-1.0:2-1.0:3-1.0:4-1.0:5-1.0:6-1.0:7-1.0:8-1.0:9-1.0:10-1.0:35347-2:35348-0:35349-28000.0:35350-1000.0:35351-100000.0:35352-250.0,16.53
0-1.0:1-1.0:2-1.0:3-1.0:4-1.0:5-1.0:6-1.0:7-1.0:8-1.0:9-1.0:10-1.0:35347-2:35348-0:35349-28000.0:35350-1000.0:35351-100000.0:35352-500.0,15.21
0-1.0:2-1.0:3-1.0:4-1.0:5-1.0:6-1.0:7-1.0:8-1.0:9-1.0:10-1.0:8819-1.0:35347-2:35348-0:35349-28000.0:35350-1000.0:35351-100000.0:35352-750.0,18.15
0-1.0:2-1.0:3-1.0:4-1.0:5-1.0:6-1.0:7-1.0:8-1.0:9-1.0:10-1.0:8819-1.0:35347-2:35348-0:35349-28000.0:35350-1000.0:35351-100000.0:35352-1500.0,12.4
0-1.0:1-1.0:2-1.0:3-1.0:4-1.0:5-1.0:6-1.0:7-1.0:8-1.0:9-1.0:10-1.0:35347-2:35348-0:35349-28000.0:35350-1000.0:35351-100000.0:35352-2500.0,10.91
0-1.0:2-1.0:3-1.0:4-1.0:5-1.0:6-1.0:7-1.0:8-1.0:9-1.0:10-1.0:8819-1.0:35347-2:35348-0:35349-28000.0:35350-1000.0:35351-100000.0:35352-5000.0,10.83
0-1.0:1-1.0:2-1.0:3-1.0:4-1.0:5-1.0:6-1.0:7-1.0:8-1.0:9-1.0:10-1.0:35347-2:35348-0:35349-28000.0:35350-1000.0:35351-300000.0:35352-100.0,22.75
0-1.0:2-1.0:3-1.0:4-1.0:5-1.0:6-1.0:7-1.0:8-1.0:9-1.0:10-1.0:8819-1.0:35347-2:35348-0:35349-28000.0:35350-1000.0:35351-300000.0:35352-150.0,21.93
0-1.0:1-1.0:2-1.0:3-1.0:4-1.0:5-1.0:6-1.0:7-1.0:8-1.0:9-1.0:10-1.0:35347-2:35348-0:35349-28000.0:35350-1000.0:35351-300000.0:35352-250.0,23.19
0-1.0:2-1.0:3-1.0:4-1.0:5-1.0:6-1.0:7-1.0:8-1.0:9-1.0:10-1.0:8819-1.0:35347-2:35348-0:35349-28000.0:35350-1000.0:35351-300000.0:35352-500.0,17.3
0-1.0:1-1.0:2-1.0:3-1.0:4-1.0:5-1.0:6-1.0:7-1.0:8-1.0:9-1.0:10-1.0:35347-2:35348-0:35349-28000.0:35350-1000.0:35351-300000.0:35352-1000.0,19.18
0-1.0:2-1.0:3-1.0:4-1.0:5-1.0:6-1.0:7-1.0:8-1.0:9-1.0:10-1.0:8819-1.0:35347-2:35348-0:35349-28000.0:35350-1000.0:35351-300000.0:35352-1500.0,14.48
0-1.0:2-1.0:3-1.0:4-1.0:5-1.0:6-1.0:7-1.0:8-1.0:9-1.0:10-1.0:8819-1.0:35347-2:35348-0:35349-28000.0:35350-1000.0:35351-300000.0:35352-2500.0,13.0
0-1.0:2-1.0:3-1.0:4-1.0:5-1.0:6-1.0:7-1.0:8-1.0:9-1.0:10-1.0:8819-1.0:35347-2:35348-0:35349-28000.0:35350-1000.0:35351-500000.0:35352-100.0,24.42
0-1.0:2-1.0:3-1.0:4-1.0:5-1.0:6-1.0:7-1.0:8-1.0:9-1.0:10-1.0:8819-1.0:35347-2:35348-0:35349-28000.0:35350-1000.0:35351-500000.0:35352-150.0,23.59
0-1.0:2-1.0:3-1.0:4-1.0:5-1.0:6-1.0:7-1.0:8-1.0:9-1.0:10-1.0:8819-1.0:35347-2:35348-0:35349-28000.0:35350-1000.0:35351-500000.0:35352-500.0,18.96
0-1.0:1-1.0:2-1.0:3-1.0:4-1.0:5-1.0:6-1.0:7-1.0:8-1.0:9-1.0:10-1.0:35347-2:35348-0:35349-28000.0:35350-1000.0:35351-500000.0:35352-750.0,32.08
0-1.0:2-1.0:3-1.0:4-1.0:5-1.0:6-1.0:7-1.0:8-1.0:9-1.0:10-1.0:8819-1.0:35347-2:35348-0:35349-28000.0:35350-1000.0:35351-500000.0:35352-1000.0,17.14
0-1.0:2-1.0:3-1.0:4-1.0:5-1.0:6-1.0:7-1.0:8-1.0:9-1.0:10-1.0:8819-1.0:35347-2:35348-0:35349-28000.0:35350-1000.0:35351-500000.0:35352-1500.0,19.58
0-1.0:1-1.0:2-1.0:3-1.0:4-1.0:5-1.0:6-1.0:7-1.0:8-1.0:9-1.0:10-1.0:35347-2:35348-0:35349-28000.0:35350-1000.0:35351-500000.0:35352-5000.0,12.84
0-1.0:1-1.0:2-1.0:3-1.0:4-1.0:5-1.0:6-1.0:7-1.0:8-1.0:9-1.0:10-1.0:35347-2:35348-0:35349-28000.0:35350-2000.0:35351-100000.0:35352-100.0,20.92
0-1.0:1-1.0:2-1.0:3-1.0:4-1.0:5-1.0:6-1.0:7-1.0:8-1.0:9-1.0:10-1.0:35347-2:35348-0:35349-28000.0:35350-2000.0:35351-100000.0:35352-150.0,25.58
0-1.0:2-1.0:3-1.0:4-1.0:5-1.0:6-1.0:7-1.0:8-1.0:9-1.0:10-1.0:8819-1.0:35347-2:35348-0:35349-28000.0:35350-2000.0:35351-100000.0:35352-250.0,16.78
0-1.0:2-1.0:3-1.0:4-1.0:5-1.0:6-1.0:7-1.0:8-1.0:9-1.0:10-1.0:8819-1.0:35347-2:35348-0:35349-28000.0:35350-2000.0:35351-100000.0:35352-500.0,19.67
0-1.0:1-1.0:2-1.0:3-1.0:4-1.0:5-1.0:6-1.0:7-1.0:8-1.0:9-1.0:10-1.0:35347-2:35348-0:35349-28000.0:35350-2000.0:35351-100000.0:35352-1000.0,26.93
0-1.0:1-1.0:2-1.0:3-1.0:4-1.0:5-1.0:6-1.0:7-1.0:8-1.0:9-1.0:10-1.0:35347-2:35348-0:35349-28000.0:35350-2000.0:35351-100000.0:35352-1500.0,12.65
0-1.0:2-1.0:3-1.0:4-1.0:5-1.0:6-1.0:7-1.0:8-1.0:9-1.0:10-1.0:8819-1.0:35347-2:35348-0:35349-28000.0:35350-2000.0:35351-100000.0:35352-2500.0,11.16
0-1.0:1-1.0:2-1.0:3-1.0:4-1.0:5-1.0:6-1.0:7-1.0:8-1.0:9-1.0:10-1.0:35347-2:35348-0:35349-28000.0:35350-2000.0:35351-300000.0:35352-100.0,23.0
0-1.0:2-1.0:3-1.0:4-1.0:5-1.0:6-1.0:7-1.0:8-1.0:9-1.0:10-1.0:8819-1.0:35347-2:35348-0:35349-28000.0:35350-2000.0:35351-300000.0:35352-150.0,22.18
0-1.0:2-1.0:3-1.0:4-1.0:5-1.0:6-1.0:7-1.0:8-1.0:9-1.0:10-1.0:8819-1.0:35347-2:35348-0:35349-28000.0:35350-2000.0:35351-300000.0:35352-250.0,18.87
0-1.0:2-1.0:3-1.0:4-1.0:5-1.0:6-1.0:7-1.0:8-1.0:9-1.0:10-1.0:8819-1.0:35347-2:35348-0:35349-28000.0:35350-2000.0:35351-300000.0:35352-500.0,17.55
0-1.0:2-1.0:3-1.0:4-1.0:5-1.0:6-1.0:7-1.0:8-1.0:9-1.0:10-1.0:8819-1.0:35347-2:35348-0:35349-28000.0:35350-2000.0:35351-300000.0:35352-750.0,16.55
0-1.0:2-1.0:3-1.0:4-1.0:5-1.0:6-1.0:7-1.0:8-1.0:9-1.0:10-1.0:8819-1.0:35347-2:35348-0:35349-28000.0:35350-2000.0:35351-300000.0:35352-1000.0,15.73
0-1.0:1-1.0:2-1.0:3-1.0:4-1.0:5-1.0:6-1.0:7-1.0:8-1.0:9-1.0:10-1.0:35347-2:35348-0:35349-28000.0:35350-2000.0:35351-300000.0:35352-1500.0,14.73
0-1.0:2-1.0:3-1.0:4-1.0:5-1.0:6-1.0:7-1.0:8-1.0:9-1.0:10-1.0:8819-1.0:35347-2:35348-0:35349-28000.0:35350-2000.0:35351-300000.0:35352-2500.0,13.25
0-1.0:1-1.0:2-1.0:3-1.0:4-1.0:5-1.0:6-1.0:7-1.0:8-1.0:9-1.0:10-1.0:35347-2:35348-0:35349-28000.0:35350-2000.0:35351-500000.0:35352-100.0,24.67
0-1.0:2-1.0:3-1.0:4-1.0:5-1.0:6-1.0:7-1.0:8-1.0:9-1.0:10-1.0:8819-1.0:35347-2:35348-0:35349-28000.0:35350-2000.0:35351-500000.0:35352-150.0,23.84
0-1.0:2-1.0:3-1.0:4-1.0:5-1.0:6-1.0:7-1.0:8-1.0:9-1.0:10-1.0:8819-1.0:35347-2:35348-0:35349-28000.0:35350-2000.0:35351-500000.0:35352-250.0,20.53
0-1.0:2-1.0:3-1.0:4-1.0:5-1.0:6-1.0:7-1.0:8-1.0:9-1.0:10-1.0:8819-1.0:35347-2:35348-0:35349-28000.0:35350-2000.0:35351-500000.0:35352-750.0,22.15
0-1.0:2-1.0:3-1.0:4-1.0:5-1.0:6-1.0:7-1.0:8-1.0:9-1.0:10-1.0:8819-1.0:35347-2:35348-0:35349-28000.0:35350-2000.0:35351-500000.0:35352-1000.0,17.39
0-1.0:2-1.0:3-1.0:4-1.0:5-1.0:6-1.0:7-1.0:8-1.0:9-1.0:10-1.0:8819-1.0:35347-2:35348-0:35349-28000.0:35350-2000.0:35351-500000.0:35352-1500.0,16.4
0-1.0:1-1.0:2-1.0:3-1.0:4-1.0:5-1.0:6-1.0:7-1.0:8-1.0:9-1.0:10-1.0:35347-2:35348-0:35349-28000.0:35350-2000.0:35351-500000.0:35352-2500.0,17.93
0-1.0:2-1.0:3-1.0:4-1.0:5-1.0:6-1.0:7-1.0:8-1.0:9-1.0:10-1.0:8819-1.0:35347-2:35348-0:35349-28000.0:35350-2000.0:35351-500000.0:35352-5000.0,13.09
0-1.0:2-1.0:3-1.0:4-1.0:5-1.0:6-1.0:7-1.0:8-1.0:9-1.0:10-1.0:8819-1.0:35347-2:35348-0:35349-32000.0:35350-1000.0:35351-100000.0:35352-500.0,15.96
0-1.0:1-1.0:2-1.0:3-1.0:4-1.0:5-1.0:6-1.0:7-1.0:8-1.0:9-1.0:10-1.0:35347-2:35348-0:35349-32000.0:35350-1000.0:35351-100000.0:35352-750.0,29.77
0-1.0:1-1.0:2-1.0:3-1.0:4-1.0:5-1.0:6-1.0:7-1.0:8-1.0:9-1.0:10-1.0:35347-2:35348-0:35349-32000.0:35350-1000.0:35351-100000.0:35352-1500.0,13.01
0-1.0:2-1.0:3-1.0:4-1.0:5-1.0:6-1.0:7-1.0:8-1.0:9-1.0:10-1.0:8819-1.0:35347-2:35348-0:35349-32000.0:35350-1000.0:35351-100000.0:35352-2500.0,11.45
0-1.0:1-1.0:2-1.0:3-1.0:4-1.0:5-1.0:6-1.0:7-1.0:8-1.0:9-1.0:10-1.0:35347-2:35348-0:35349-32000.0:35350-1000.0:35351-100000.0:35352-5000.0,12.2
0-1.0:1-1.0:2-1.0:3-1.0:4-1.0:5-1.0:6-1.0:7-1.0:8-1.0:9-1.0:10-1.0:35347-2:35348-0:35349-32000.0:35350-1000.0:35351-300000.0:35352-100.0,23.76
0-1.0:2-1.0:3-1.0:4-1.0:5-1.0:6-1.0:7-1.0:8-1.0:9-1.0:10-1.0:8819-1.0:35347-2:35348-0:35349-32000.0:35350-1000.0:35351-300000.0:35352-150.0,28.7
0-1.0:1-1.0:2-1.0:3-1.0:4-1.0:5-1.0:6-1.0:7-1.0:8-1.0:9-1.0:10-1.0:35347-2:35348-0:35349-32000.0:35350-1000.0:35351-300000.0:35352-250.0,19.43
0-1.0:2-1.0:3-1.0:4-1.0:5-1.0:6-1.0:7-1.0:8-1.0:9-1.0:10-1.0:8819-1.0:35347-2:35348-0:35349-32000.0:35350-1000.0:35351-300000.0:35352-750.0,21.16
0-1.0:2-1.0:3-1.0:4-1.0:5-1.0:6-1.0:7-1.0:8-1.0:9-1.0:10-1.0:8819-1.0:35347-2:35348-0:35349-32000.0:35350-1000.0:35351-300000.0:35352-1000.0,20.05
0-1.0:2-1.0:3-1.0:4-1.0:5-1.0:6-1.0:7-1.0:8-1.0:9-1.0:10-1.0:8819-1.0:35347-2:35348-0:35349-32000.0:35350-1000.0:35351-300000.0:35352-1500.0,18.72
0-1.0:2-1.0:3-1.0:4-1.0:5-1.0:6-1.0:7-1.0:8-1.0:9-1.0:10-1.0:8819-1.0:35347-2:35348-0:35349-50000.0:35350-1000.0:35351-100000.0:35352-750.0,17.98
0-1.0:1-1.0:2-1.0:3-1.0:4-1.0:5-1.0:6-1.0:7-1.0:8-1.0:9-1.0:10-1.0:35347-2:35348-0:35349-50000.0:35350-1000.0:35351-100000.0:35352-1500.0,15.68
0-1.0:2-1.0:3-1.0:4-1.0:5-1.0:6-1.0:7-1.0:8-1.0:9-1.0:10-1.0:8819-1.0:35347-2:35348-0:35349-50000.0:35350-1000.0:35351-100000.0:35352-2500.0,15.57
0-1.0:2-1.0:3-1.0:4-1.0:5-1.0:6-1.0:7-1.0:8-1.0:9-1.0:10-1.0:8819-1.0:35347-2:35348-0:35349-50000.0:35350-1000.0:35351-100000.0:35352-5000.0,11.5
0-1.0:2-1.0:3-1.0:4-1.0:5-1.0:6-1.0:7-1.0:8-1.0:9-1.0:10-1.0:8819-1.0:35347-2:35348-0:35349-50000.0:35350-1000.0:35351-300000.0:35352-100.0,28.21
0-1.0:2-1.0:3-1.0:4-1.0:5-1.0:6-1.0:7-1.0:8-1.0:9-1.0:10-1.0:8819-1.0:35347-2:35348-0:35349-50000.0:35350-1000.0:35351-300000.0:35352-150.0,27.17
0-1.0:2-1.0:3-1.0:4-1.0:5-1.0:6-1.0:7-1.0:8-1.0:9-1.0:10-1.0:8819-1.0:35347-2:35348-0:35349-50000.0:35350-1000.0:35351-300000.0:35352-250.0,28.7
0-1.0:2-1.0:3-1.0:4-1.0:5-1.0:6-1.0:7-1.0:8-1.0:9-1.0:10-1.0:8819-1.0:35347-2:35348-0:35349-50000.0:35350-1000.0:35351-300000.0:35352-500.0,21.32
0-1.0:2-1.0:3-1.0:4-1.0:5-1.0:6-1.0:7-1.0:8-1.0:9-1.0:10-1.0:8819-1.0:35347-2:35348-0:35349-50000.0:35350-1000.0:35351-300000.0:35352-750.0,24.98
0-1.0:2-1.0:3-1.0:4-1.0:5-1.0:6-1.0:7-1.0:8-1.0:9-1.0:10-1.0:8819-1.0:35347-2:35348-0:35349-50000.0:35350-1000.0:35351-300000.0:35352-1000.0,21.19
0-1.0:2-1.0:3-1.0:4-1.0:5-1.0:6-1.0:7-1.0:8-1.0:9-1.0:10-1.0:8819-1.0:35347-2:35348-0:35349-50000.0:35350-1000.0:35351-300000.0:35352-1500.0,22.05
0-1.0:1-1.0:2-1.0:3-1.0:4-1.0:5-1.0:6-1.0:7-1.0:8-1.0:9-1.0:10-1.0:35347-2:35348-0:35349-50000.0:35350-1000.0:35351-300000.0:35352-2500.0,17.66
0-1.0:2-1.0:3-1.0:4-1.0:5-1.0:6-1.0:7-1.0:8-1.0:9-1.0:10-1.0:8819-1.0:35347-2:35348-0:35349-50000.0:35350-1000.0:35351-300000.0:35352-5000.0,13.58
0-1.0:1-1.0:2-1.0:3-1.0:4-1.0:5-1.0:6-1.0:7-1.0:8-1.0:9-1.0:10-1.0:35347-2:35348-0:35349-50000.0:35350-1000.0:35351-500000.0:35352-100.0,29.88
0-1.0:2-1.0:3-1.0:4-1.0:5-1.0:6-1.0:7-1.0:8-1.0:9-1.0:10-1.0:8819-1.0:35347-2:35348-0:35349-50000.0:35350-1000.0:35351-500000.0:35352-150.0,35.69
0-1.0:1-1.0:2-1.0:3-1.0:4-1.0:5-1.0:6-1.0:7-1.0:8-1.0:9-1.0:10-1.0:35347-2:35348-0:35349-50000.0:35350-1000.0:35351-500000.0:35352-250.0,24.65
0-1.0:2-1.0:3-1.0:4-1.0:5-1.0:6-1.0:7-1.0:8-1.0:9-1.0:10-1.0:8819-1.0:35347-2:35348-0:35349-50000.0:35350-1000.0:35351-500000.0:35352-500.0,28.24
0-1.0:2-1.0:3-1.0:4-1.0:5-1.0:6-1.0:7-1.0:8-1.0:9-1.0:10-1.0:8819-1.0:35347-2:35348-0:35349-50000.0:35350-1000.0:35351-500000.0:35352-750.0,21.73
0-1.0:2-1.0:3-1.0:4-1.0:5-1.0:6-1.0:7-1.0:8-1.0:9-1.0:10-1.0:8819-1.0:35347-2:35348-0:35349-50000.0:35350-1000.0:35351-500000.0:35352-1000.0,22.86
0-1.0:1-1.0:2-1.0:3-1.0:4-1.0:5-1.0:6-1.0:7-1.0:8-1.0:9-1.0:10-1.0:35347-2:35348-0:35349-50000.0:35350-1000.0:35351-500000.0:35352-1500.0,23.71
0-1.0:2-1.0:3-1.0:4-1.0:5-1.0:6-1.0:7-1.0:8-1.0:9-1.0:10-1.0:8819-1.0:35347-2:35348-0:35349-50000.0:35350-1000.0:35351-500000.0:35352-2500.0,17.55
0-1.0:2-1.0:3-1.0:4-1.0:5-1.0:6-1.0:7-1.0:8-1.0:9-1.0:10-1.0:8819-1.0:35347-2:35348-0:35349-50000.0:35350-1000.0:35351-500000.0:35352-5000.0,15.25
0-1.0:1-1.0:2-1.0:3-1.0:4-1.0:5-1.0:6-1.0:7-1.0:8-1.0:9-1.0:10-1.0:35347-2:35348-0:35349-50000.0:35350-2000.0:35351-100000.0:35352-100.0,33.52
0-1.0:2-1.0:3-1.0:4-1.0:5-1.0:6-1.0:7-1.0:8-1.0:9-1.0:10-1.0:8819-1.0:35347-2:35348-0:35349-50000.0:35350-2000.0:35351-100000.0:35352-150.0,25.33
0-1.0:2-1.0:3-1.0:4-1.0:5-1.0:6-1.0:7-1.0:8-1.0:9-1.0:10-1.0:8819-1.0:35347-2:35348-0:35349-50000.0:35350-2000.0:35351-100000.0:35352-250.0,21.16
0-1.0:1-1.0:2-1.0:3-1.0:4-1.0:5-1.0:6-1.0:7-1.0:8-1.0:9-1.0:10-1.0:35347-2:35348-0:35349-50000.0:35350-2000.0:35351-100000.0:35352-500.0,24.74
0-1.0:2-1.0:3-1.0:4-1.0:5-1.0:6-1.0:7-1.0:8-1.0:9-1.0:10-1.0:8819-1.0:35347-2:35348-0:35349-50000.0:35350-2000.0:35351-100000.0:35352-750.0,18.23
0-1.0:2-1.0:3-1.0:4-1.0:5-1.0:6-1.0:7-1.0:8-1.0:9-1.0:10-1.0:8819-1.0:35347-2:35348-0:35349-50000.0:35350-2000.0:35351-100000.0:35352-1000.0,17.18
0-1.0:2-1.0:3-1.0:4-1.0:5-1.0:6-1.0:7-1.0:8-1.0:9-1.0:10-1.0:8819-1.0:35347-2:35348-0:35349-50000.0:35350-2000.0:35351-100000.0:35352-1500.0,15.93
0-1.0:1-1.0:2-1.0:3-1.0:4-1.0:5-1.0:6-1.0:7-1.0:8-1.0:9-1.0:10-1.0:35347-2:35348-0:35349-50000.0:35350-2000.0:35351-100000.0:35352-2500.0,17.82
0-1.0:2-1.0:3-1.0:4-1.0:5-1.0:6-1.0:7-1.0:8-1.0:9-1.0:10-1.0:8819-1.0:35347-2:35348-0:35349-50000.0:35350-2000.0:35351-100000.0:35352-5000.0,11.75
0-1.0:1-1.0:2-1.0:3-1.0:4-1.0:5-1.0:6-1.0:7-1.0:8-1.0:9-1.0:10-1.0:35347-2:35348-0:35349-50000.0:35350-2000.0:35351-300000.0:35352-100.0,35.61
0-1.0:2-1.0:3-1.0:4-1.0:5-1.0:6-1.0:7-1.0:8-1.0:9-1.0:10-1.0:8819-1.0:35347-2:35348-0:35349-50000.0:35350-2000.0:35351-300000.0:35352-250.0,23.24
0-1.0:2-1.0:3-1.0:4-1.0:5-1.0:6-1.0:7-1.0:8-1.0:9-1.0:10-1.0:8819-1.0:35347-2:35348-0:35349-50000.0:35350-2000.0:35351-300000.0:35352-500.0,21.57
0-1.0:2-1.0:3-1.0:4-1.0:5-1.0:6-1.0:7-1.0:8-1.0:9-1.0:10-1.0:8819-1.0:35347-2:35348-0:35349-50000.0:35350-2000.0:35351-300000.0:35352-750.0,20.31
0-1.0:2-1.0:3-1.0:4-1.0:5-1.0:6-1.0:7-1.0:8-1.0:9-1.0:10-1.0:8819-1.0:35347-2:35348-0:35349-50000.0:35350-2000.0:35351-300000.0:35352-1000.0,36.04
0-1.0:2-1.0:3-1.0:4-1.0:5-1.0:6-1.0:7-1.0:8-1.0:9-1.0:10-1.0:8819-1.0:35347-2:35348-0:35349-50000.0:35350-2000.0:35351-300000.0:35352-1500.0,18.01
0-1.0:1-1.0:2-1.0:3-1.0:4-1.0:5-1.0:6-1.0:7-1.0:8-1.0:9-1.0:10-1.0:35347-2:35348-0:35349-50000.0:35350-2000.0:35351-300000.0:35352-2500.0,16.13
0-1.0:2-1.0:3-1.0:4-1.0:5-1.0:6-1.0:7-1.0:8-1.0:9-1.0:10-1.0:8819-1.0:35347-2:35348-0:35349-50000.0:35350-2000.0:35351-300000.0:35352-5000.0,16.97
0-1.0:1-1.0:2-1.0:3-1.0:4-1.0:5-1.0:6-1.0:7-1.0:8-1.0:9-1.0:10-1.0:35347-2:35348-0:35349-50000.0:35350-2000.0:35351-500000.0:35352-100.0,30.13
0-1.0:1-1.0:2-1.0:3-1.0:4-1.0:5-1.0:6-1.0:7-1.0:8-1.0:9-1.0:10-1.0:35347-2:35348-0:35349-50000.0:35350-2000.0:35351-500000.0:35352-150.0,29.08
0-1.0:2-1.0:3-1.0:4-1.0:5-1.0:6-1.0:7-1.0:8-1.0:9-1.0:10-1.0:8819-1.0:35347-2:35348-0:35349-50000.0:35350-2000.0:35351-500000.0:35352-250.0,24.9
0-1.0:1-1.0:2-1.0:3-1.0:4-1.0:5-1.0:6-1.0:7-1.0:8-1.0:9-1.0:10-1.0:35347-2:35348-0:35349-50000.0:35350-2000.0:35351-500000.0:35352-500.0,23.23
0-1.0:2-1.0:3-1.0:4-1.0:5-1.0:6-1.0:7-1.0:8-1.0:9-1.0:10-1.0:8819-1.0:35347-2:35348-0:35349-50000.0:35350-2000.0:35351-500000.0:35352-750.0,26.89
0-1.0:2-1.0:3-1.0:4-1.0:5-1.0:6-1.0:7-1.0:8-1.0:9-1.0:10-1.0:8819-1.0:35347-2:35348-0:35349-50000.0:35350-2000.0:35351-500000.0:35352-1000.0,25.56
0-1.0:2-1.0:3-1.0:4-1.0:5-1.0:6-1.0:7-1.0:8-1.0:9-1.0:10-1.0:8819-1.0:35347-2:35348-0:35349-50000.0:35350-2000.0:35351-500000.0:35352-1500.0,19.68
0-1.0:1-1.0:2-1.0:3-1.0:4-1.0:5-1.0:6-1.0:7-1.0:8-1.0:9-1.0:10-1.0:35347-2:35348-0:35349-50000.0:35350-2000.0:35351-500000.0:35352-2500.0,17.8
0-1.0:1-1.0:2-1.0:3-1.0:4-1.0:5-1.0:6-1.0:7-1.0:8-1.0:9-1.0:10-1.0:35347-2:35348-0:35349-50000.0:35350-2000.0:35351-500000.0:35352-5000.0,15.5
0-1.0:2-1.0:3-1.0:4-1.0:5-1.0:6-1.0:7-1.0:8-1.0:9-1.0:10-1.0:8819-1.0:35347-2:35348-0:35349-60000.0:35350-1000.0:35351-100000.0:35352-100.0,32.1
0-1.0:1-1.0:2-1.0:3-1.0:4-1.0:5-1.0:6-1.0:7-1.0:8-1.0:9-1.0:10-1.0:35347-2:35348-0:35349-60000.0:35350-1000.0:35351-100000.0:35352-150.0,27.18
0-1.0:2-1.0:3-1.0:4-1.0:5-1.0:6-1.0:7-1.0:8-1.0:9-1.0:10-1.0:8819-1.0:35347-2:35348-0:35349-60000.0:35350-1000.0:35351-100000.0:35352-250.0,28.9
0-1.0:2-1.0:3-1.0:4-1.0:5-1.0:6-1.0:7-1.0:8-1.0:9-1.0:10-1.0:8819-1.0:35347-2:35348-0:35349-60000.0:35350-1000.0:35351-100000.0:35352-500.0,41.62
0-1.0:2-1.0:3-1.0:4-1.0:5-1.0:6-1.0:7-1.0:8-1.0:9-1.0:10-1.0:8819-1.0:35347-2:35348-0:35349-60000.0:35350-1000.0:35351-100000.0:35352-750.0,19.48
0-1.0:2-1.0:3-1.0:4-1.0:5-1.0:6-1.0:7-1.0:8-1.0:9-1.0:10-1.0:8819-1.0:35347-2:35348-0:35349-60000.0:35350-1000.0:35351-100000.0:35352-1500.0,16.99
0-1.0:1-1.0:2-1.0:3-1.0:4-1.0:5-1.0:6-1.0:7-1.0:8-1.0:9-1.0:10-1.0:35347-2:35348-0:35349-60000.0:35350-1000.0:35351-100000.0:35352-2500.0,14.95
0-1.0:2-1.0:3-1.0:4-1.0:5-1.0:6-1.0:7-1.0:8-1.0:9-1.0:10-1.0:8819-1.0:35347-2:35348-0:35349-60000.0:35350-1000.0:35351-100000.0:35352-5000.0,12.46
0-1.0:1-1.0:2-1.0:3-1.0:4-1.0:5-1.0:6-1.0:7-1.0:8-1.0:9-1.0:10-1.0:35347-2:35348-0:35349-60000.0:35350-1000.0:35351-300000.0:35352-100.0,38.21
0-1.0:2-1.0:3-1.0:4-1.0:5-1.0:6-1.0:7-1.0:8-1.0:9-1.0:10-1.0:8819-1.0:35347-2:35348-0:35349-60000.0:35350-1000.0:35351-300000.0:35352-150.0,29.27
0-1.0:2-1.0:3-1.0:4-1.0:5-1.0:6-1.0:7-1.0:8-1.0:9-1.0:10-1.0:8819-1.0:35347-2:35348-0:35349-60000.0:35350-1000.0:35351-300000.0:35352-250.0,24.74
0-1.0:2-1.0:3-1.0:4-1.0:5-1.0:6-1.0:7-1.0:8-1.0:9-1.0:10-1.0:8819-1.0:35347-2:35348-0:35349-60000.0:35350-1000.0:35351-300000.0:35352-500.0,28.68
0-1.0:2-1.0:3-1.0:4-1.0:5-1.0:6-1.0:7-1.0:8-1.0:9-1.0:10-1.0:8819-1.0:35347-2:35348-0:35349-60000.0:35350-1000.0:35351-300000.0:35352-750.0,26.94
0-1.0:2-1.0:3-1.0:4-1.0:5-1.0:6-1.0:7-1.0:8-1.0:9-1.0:10-1.0:8819-1.0:35347-2:35348-0:35349-60000.0:35350-1000.0:35351-300000.0:35352-1000.0,20.43
0-1.0:2-1.0:3-1.0:4-1.0:5-1.0:6-1.0:7-1.0:8-1.0:9-1.0:10-1.0:8819-1.0:35347-2:35348-0:35349-60000.0:35350-1000.0:35351-300000.0:35352-1500.0,19.07
0-1.0:2-1.0:3-1.0:4-1.0:5-1.0:6-1.0:7-1.0:8-1.0:9-1.0:10-1.0:8819-1.0:35347-2:35348-0:35349-60000.0:35350-1000.0:35351-300000.0:35352-2500.0,17.03
0-1.0:2-1.0:3-1.0:4-1.0:5-1.0:6-1.0:7-1.0:8-1.0:9-1.0:10-1.0:8819-1.0:35347-2:35348-0:35349-60000.0:35350-1000.0:35351-300000.0:35352-5000.0,14.54
0-1.0:1-1.0:2-1.0:3-1.0:4-1.0:5-1.0:6-1.0:7-1.0:8-1.0:9-1.0:10-1.0:35347-2:35348-0:35349-60000.0:35350-1000.0:35351-500000.0:35352-100.0,35.85
0-1.0:2-1.0:3-1.0:4-1.0:5-1.0:6-1.0:7-1.0:8-1.0:9-1.0:10-1.0:8819-1.0:35347-2:35348-0:35349-60000.0:35350-1000.0:35351-500000.0:35352-150.0,30.93
0-1.0:1-1.0:2-1.0:3-1.0:4-1.0:5-1.0:6-1.0:7-1.0:8-1.0:9-1.0:10-1.0:35347-2:35348-0:35349-60000.0:35350-1000.0:35351-500000.0:35352-250.0,26.4
0-1.0:2-1.0:3-1.0:4-1.0:5-1.0:6-1.0:7-1.0:8-1.0:9-1.0:10-1.0:8819-1.0:35347-2:35348-0:35349-60000.0:35350-1000.0:35351-500000.0:35352-500.0,27.37
0-1.0:2-1.0:3-1.0:4-1.0:5-1.0:6-1.0:7-1.0:8-1.0:9-1.0:10-1.0:8819-1.0:35347-2:35348-0:35349-60000.0:35350-1000.0:35351-500000.0:35352-750.0,23.23
0-1.0:2-1.0:3-1.0:4-1.0:5-1.0:6-1.0:7-1.0:8-1.0:9-1.0:10-1.0:8819-1.0:35347-2:35348-0:35349-60000.0:35350-1000.0:35351-500000.0:35352-1000.0,22.1
0-1.0:2-1.0:3-1.0:4-1.0:5-1.0:6-1.0:7-1.0:8-1.0:9-1.0:10-1.0:8819-1.0:35347-2:35348-0:35349-60000.0:35350-1000.0:35351-500000.0:35352-1500.0,23.01
0-1.0:2-1.0:3-1.0:4-1.0:5-1.0:6-1.0:7-1.0:8-1.0:9-1.0:10-1.0:8819-1.0:35347-2:35348-0:35349-60000.0:35350-1000.0:35351-500000.0:35352-2500.0,18.7
0-1.0:2-1.0:3-1.0:4-1.0:5-1.0:6-1.0:7-1.0:8-1.0:9-1.0:10-1.0:8819-1.0:35347-2:35348-0:35349-60000.0:35350-2000.0:35351-100000.0:35352-100.0,28.57
0-1.0:2-1.0:3-1.0:4-1.0:5-1.0:6-1.0:7-1.0:8-1.0:9-1.0:10-1.0:8819-1.0:35347-2:35348-0:35349-60000.0:35350-2000.0:35351-100000.0:35352-150.0,27.43
0-1.0:2-1.0:3-1.0:4-1.0:5-1.0:6-1.0:7-1.0:8-1.0:9-1.0:10-1.0:8819-1.0:35347-2:35348-0:35349-60000.0:35350-2000.0:35351-100000.0:35352-250.0,22.9
0-1.0:1-1.0:2-1.0:3-1.0:4-1.0:5-1.0:6-1.0:7-1.0:8-1.0:9-1.0:10-1.0:35347-2:35348-0:35349-60000.0:35350-2000.0:35351-100000.0:35352-500.0,26.84
0-1.0:2-1.0:3-1.0:4-1.0:5-1.0:6-1.0:7-1.0:8-1.0:9-1.0:10-1.0:8819-1.0:35347-2:35348-0:35349-60000.0:35350-2000.0:35351-100000.0:35352-750.0,25.11
0-1.0:2-1.0:3-1.0:4-1.0:5-1.0:6-1.0:7-1.0:8-1.0:9-1.0:10-1.0:8819-1.0:35347-2:35348-0:35349-60000.0:35350-2000.0:35351-100000.0:35352-1000.0,21.05
0-1.0:2-1.0:3-1.0:4-1.0:5-1.0:6-1.0:7-1.0:8-1.0:9-1.0:10-1.0:8819-1.0:35347-2:35348-0:35349-60000.0:35350-2000.0:35351-100000.0:35352-1500.0,17.24
0-1.0:2-1.0:3-1.0:4-1.0:5-1.0:6-1.0:7-1.0:8-1.0:9-1.0:10-1.0:8819-1.0:35347-2:35348-0:35349-60000.0:35350-2000.0:35351-100000.0:35352-2500.0,15.2
0-1.0:2-1.0:3-1.0:4-1.0:5-1.0:6-1.0:7-1.0:8-1.0:9-1.0:10-1.0:8819-1.0:35347-2:35348-0:35349-60000.0:35350-2000.0:35351-100000.0:35352-5000.0,12.71
0-1.0:1-1.0:2-1.0:3-1.0:4-1.0:5-1.0:6-1.0:7-1.0:8-1.0:9-1.0:10-1.0:35347-2:35348-0:35349-60000.0:35350-2000.0:35351-300000.0:35352-100.0,30.65
0-1.0:2-1.0:3-1.0:4-1.0:5-1.0:6-1.0:7-1.0:8-1.0:9-1.0:10-1.0:8819-1.0:35347-2:35348-0:35349-60000.0:35350-2000.0:35351-300000.0:35352-150.0,29.52
0-1.0:1-1.0:2-1.0:3-1.0:4-1.0:5-1.0:6-1.0:7-1.0:8-1.0:9-1.0:10-1.0:35347-2:35348-0:35349-60000.0:35350-2000.0:35351-300000.0:35352-250.0,24.99
0-1.0:1-1.0:2-1.0:3-1.0:4-1.0:5-1.0:6-1.0:7-1.0:8-1.0:9-1.0:10-1.0:35347-2:35348-0:35349-60000.0:35350-2000.0:35351-300000.0:35352-500.0,23.17
0-1.0:2-1.0:3-1.0:4-1.0:5-1.0:6-1.0:7-1.0:8-1.0:9-1.0:10-1.0:8819-1.0:35347-2:35348-0:35349-60000.0:35350-2000.0:35351-300000.0:35352-750.0,27.19
0-1.0:2-1.0:3-1.0:4-1.0:5-1.0:6-1.0:7-1.0:8-1.0:9-1.0:10-1.0:8819-1.0:35347-2:35348-0:35349-60000.0:35350-2000.0:35351-300000.0:35352-1000.0,20.68
0-1.0:2-1.0:3-1.0:4-1.0:5-1.0:6-1.0:7-1.0:8-1.0:9-1.0:10-1.0:8819-1.0:35347-2:35348-0:35349-60000.0:35350-2000.0:35351-300000.0:35352-1500.0,19.32
0-1.0:2-1.0:3-1.0:4-1.0:5-1.0:6-1.0:7-1.0:8-1.0:9-1.0:10-1.0:8819-1.0:35347-2:35348-0:35349-60000.0:35350-2000.0:35351-300000.0:35352-2500.0,17.28
0-1.0:1-1.0:2-1.0:3-1.0:4-1.0:5-1.0:6-1.0:7-1.0:8-1.0:9-1.0:10-1.0:35347-2:35348-0:35349-60000.0:35350-2000.0:35351-300000.0:35352-5000.0,14.79
0-1.0:2-1.0:3-1.0:4-1.0:5-1.0:6-1.0:7-1.0:8-1.0:9-1.0:10-1.0:8819-1.0:35347-2:35348-0:35349-60000.0:35350-2000.0:35351-500000.0:35352-100.0,32.32
0-1.0:1-1.0:2-1.0:3-1.0:4-1.0:5-1.0:6-1.0:7-1.0:8-1.0:9-1.0:10-1.0:35347-2:35348-0:35349-60000.0:35350-2000.0:35351-500000.0:35352-150.0,31.18
0-1.0:2-1.0:3-1.0:4-1.0:5-1.0:6-1.0:7-1.0:8-1.0:9-1.0:10-1.0:8819-1.0:35347-2:35348-0:35349-60000.0:35350-2000.0:35351-500000.0:35352-250.0,32.9
0-1.0:2-1.0:3-1.0:4-1.0:5-1.0:6-1.0:7-1.0:8-1.0:9-1.0:10-1.0:8819-1.0:35347-2:35348-0:35349-60000.0:35350-2000.0:35351-500000.0:35352-500.0,24.84
0-1.0:2-1.0:3-1.0:4-1.0:5-1.0:6-1.0:7-1.0:8-1.0:9-1.0:10-1.0:8819-1.0:35347-2:35348-0:35349-60000.0:35350-2000.0:35351-500000.0:35352-750.0,28.86
0-1.0:2-1.0:3-1.0:4-1.0:5-1.0:6-1.0:7-1.0:8-1.0:9-1.0:10-1.0:8819-1.0:35347-2:35348-0:35349-60000.0:35350-2000.0:35351-500000.0:35352-1000.0,22.35
0-1.0:2-1.0:3-1.0:4-1.0:5-1.0:6-1.0:7-1.0:8-1.0:9-1.0:10-1.0:8819-1.0:35347-2:35348-0:35349-60000.0:35350-2000.0:35351-500000.0:35352-1500.0,20.99
0-1.0:2-1.0:3-1.0:4-1.0:5-1.0:6-1.0:7-1.0:8-1.0:9-1.0:10-1.0:8819-1.0:35347-2:35348-0:35349-60000.0:35350-2000.0:35351-500000.0:35352-2500.0,23.08
0-1.0:2-1.0:3-1.0:4-1.0:5-1.0:6-1.0:7-1.0:8-1.0:9-1.0:10-1.0:8819-1.0:35347-2:35348-0:35349-60000.0:35350-2000.0:35351-500000.0:35352-5000.0,18.12
0-1.0:1-1.0:2-1.0:3-1.0:4-1.0:5-1.0:6-1.0:7-1.0:8-1.0:9-1.0:10-1.0:35347-2:35348-0:35349-70000.0:35350-1000.0:35351-100000.0:35352-100.0,30.42
0-1.0:2-1.0:3-1.0:4-1.0:5-1.0:6-1.0:7-1.0:8-1.0:9-1.0:10-1.0:8819-1.0:35347-2:35348-0:35349-70000.0:35350-1000.0:35351-100000.0:35352-150.0,37.35
0-1.0:1-1.0:2-1.0:3-1.0:4-1.0:5-1.0:6-1.0:7-1.0:8-1.0:9-1.0:10-1.0:35347-2:35348-0:35349-70000.0:35350-1000.0:35351-100000.0:35352-250.0,24.33
0-1.0:2-1.0:3-1.0:4-1.0:5-1.0:6-1.0:7-1.0:8-1.0:9-1.0:10-1.0:8819-1.0:35347-2:35348-0:35349-70000.0:35350-1000.0:35351-100000.0:35352-500.0,22.39
0-1.0:2-1.0:3-1.0:4-1.0:5-1.0:6-1.0:7-1.0:8-1.0:9-1.0:10-1.0:8819-1.0:35347-2:35348-0:35349-70000.0:35350-1000.0:35351-100000.0:35352-750.0,26.76
0-1.0:1-1.0:2-1.0:3-1.0:4-1.0:5-1.0:6-1.0:7-1.0:8-1.0:9-1.0:10-1.0:35347-2:35348-0:35349-70000.0:35350-1000.0:35351-100000.0:35352-1500.0,23.34
0-1.0:2-1.0:3-1.0:4-1.0:5-1.0:6-1.0:7-1.0:8-1.0:9-1.0:10-1.0:8819-1.0:35347-2:35348-0:35349-70000.0:35350-1000.0:35351-100000.0:35352-2500.0,20.54
0-1.0:1-1.0:2-1.0:3-1.0:4-1.0:5-1.0:6-1.0:7-1.0:8-1.0:9-1.0:10-1.0:35347-2:35348-0:35349-70000.0:35350-1000.0:35351-100000.0:35352-5000.0,17.12
0-1.0:2-1.0:3-1.0:4-1.0:5-1.0:6-1.0:7-1.0:8-1.0:9-1.0:10-1.0:8819-1.0:35347-2:35348-0:35349-70000.0:35350-1000.0:35351-300000.0:35352-100.0,40.99
0-1.0:1-1.0:2-1.0:3-1.0:4-1.0:5-1.0:6-1.0:7-1.0:8-1.0:9-1.0:10-1.0:35347-2:35348-0:35349-70000.0:35350-1000.0:35351-300000.0:35352-150.0,31.28
0-1.0:2-1.0:3-1.0:4-1.0:5-1.0:6-1.0:7-1.0:8-1.0:9-1.0:10-1.0:8819-1.0:35347-2:35348-0:35349-70000.0:35350-1000.0:35351-300000.0:35352-250.0,26.42
0-1.0:2-1.0:3-1.0:4-1.0:5-1.0:6-1.0:7-1.0:8-1.0:9-1.0:10-1.0:8819-1.0:35347-2:35348-0:35349-70000.0:35350-1000.0:35351-300000.0:35352-500.0,24.47
0-1.0:2-1.0:3-1.0:4-1.0:5-1.0:6-1.0:7-1.0:8-1.0:9-1.0:10-1.0:8819-1.0:35347-2:35348-0:35349-70000.0:35350-1000.0:35351-300000.0:35352-750.0,28.85
0-1.0:2-1.0:3-1.0:4-1.0:5-1.0:6-1.0:7-1.0:8-1.0:9-1.0:10-1.0:8819-1.0:35347-2:35348-0:35349-70000.0:35350-1000.0:35351-300000.0:35352-1000.0,27.29
0-1.0:1-1.0:2-1.0:3-1.0:4-1.0:5-1.0:6-1.0:7-1.0:8-1.0:9-1.0:10-1.0:35347-2:35348-0:35349-70000.0:35350-1000.0:35351-300000.0:35352-1500.0,20.33
0-1.0:2-1.0:3-1.0:4-1.0:5-1.0:6-1.0:7-1.0:8-1.0:9-1.0:10-1.0:8819-1.0:35347-2:35348-0:35349-70000.0:35350-1000.0:35351-300000.0:35352-2500.0,34.25
0-1.0:2-1.0:3-1.0:4-1.0:5-1.0:6-1.0:7-1.0:8-1.0:9-1.0:10-1.0:8819-1.0:35347-2:35348-0:35349-70000.0:35350-1000.0:35351-300000.0:35352-5000.0,15.47
0-1.0:1-1.0:2-1.0:3-1.0:4-1.0:5-1.0:6-1.0:7-1.0:8-1.0:9-1.0:10-1.0:35347-2:35348-0:35349-70000.0:35350-1000.0:35351-500000.0:35352-100.0,34.17
0-1.0:1-1.0:2-1.0:3-1.0:4-1.0:5-1.0:6-1.0:7-1.0:8-1.0:9-1.0:10-1.0:35347-2:35348-0:35349-70000.0:35350-1000.0:35351-500000.0:35352-150.0,32.95
0-1.0:2-1.0:3-1.0:4-1.0:5-1.0:6-1.0:7-1.0:8-1.0:9-1.0:10-1.0:8819-1.0:35347-2:35348-0:35349-70000.0:35350-1000.0:35351-500000.0:35352-250.0,28.08
0-1.0:2-1.0:3-1.0:4-1.0:5-1.0:6-1.0:7-1.0:8-1.0:9-1.0:10-1.0:8819-1.0:35347-2:35348-0:35349-70000.0:35350-1000.0:35351-500000.0:35352-500.0,26.14
0-1.0:2-1.0:3-1.0:4-1.0:5-1.0:6-1.0:7-1.0:8-1.0:9-1.0:10-1.0:8819-1.0:35347-2:35348-0:35349-70000.0:35350-1000.0:35351-500000.0:35352-750.0,24.68
0-1.0:2-1.0:3-1.0:4-1.0:5-1.0:6-1.0:7-1.0:8-1.0:9-1.0:10-1.0:8819-1.0:35347-2:35348-0:35349-70000.0:35350-1000.0:35351-500000.0:35352-1000.0,23.46
0-1.0:1-1.0:2-1.0:3-1.0:4-1.0:5-1.0:6-1.0:7-1.0:8-1.0:9-1.0:10-1.0:35347-2:35348-0:35349-70000.0:35350-1000.0:35351-500000.0:35352-1500.0,22.0
0-1.0:2-1.0:3-1.0:4-1.0:5-1.0:6-1.0:7-1.0:8-1.0:9-1.0:10-1.0:8819-1.0:35347-2:35348-0:35349-70000.0:35350-1000.0:35351-500000.0:35352-2500.0,19.81
0-1.0:2-1.0:3-1.0:4-1.0:5-1.0:6-1.0:7-1.0:8-1.0:9-1.0:10-1.0:8819-1.0:35347-2:35348-0:35349-70000.0:35350-1000.0:35351-500000.0:35352-5000.0,17.13
0-1.0:2-1.0:3-1.0:4-1.0:5-1.0:6-1.0:7-1.0:8-1.0:9-1.0:10-1.0:8819-1.0:35347-2:35348-0:35349-70000.0:35350-2000.0:35351-100000.0:35352-150.0,33.4
0-1.0:2-1.0:3-1.0:4-1.0:5-1.0:6-1.0:7-1.0:8-1.0:9-1.0:10-1.0:8819-1.0:35347-2:35348-0:35349-70000.0:35350-2000.0:35351-100000.0:35352-250.0,27.88
0-1.0:2-1.0:3-1.0:4-1.0:5-1.0:6-1.0:7-1.0:8-1.0:9-1.0:10-1.0:8819-1.0:35347-2:35348-0:35349-70000.0:35350-2000.0:35351-100000.0:35352-1000.0,19.96
0-1.0:2-1.0:3-1.0:4-1.0:5-1.0:6-1.0:7-1.0:8-1.0:9-1.0:10-1.0:8819-1.0:35347-2:35348-0:35349-70000.0:35350-2000.0:35351-100000.0:35352-1500.0,23.59
0-1.0:1-1.0:2-1.0:3-1.0:4-1.0:5-1.0:6-1.0:7-1.0:8-1.0:9-1.0:10-1.0:35347-2:35348-0:35349-70000.0:35350-2000.0:35351-100000.0:35352-2500.0,32.42
0-1.0:1-1.0:2-1.0:3-1.0:4-1.0:5-1.0:6-1.0:7-1.0:8-1.0:9-1.0:10-1.0:35347-2:35348-0:35349-70000.0:35350-2000.0:35351-100000.0:35352-5000.0,17.37
0-1.0:2-1.0:3-1.0:4-1.0:5-1.0:6-1.0:7-1.0:8-1.0:9-1.0:10-1.0:8819-1.0:35347-2:35348-0:35349-70000.0:35350-2000.0:35351-300000.0:35352-100.0,41.24
0-1.0:2-1.0:3-1.0:4-1.0:5-1.0:6-1.0:7-1.0:8-1.0:9-1.0:10-1.0:8819-1.0:35347-2:35348-0:35349-70000.0:35350-2000.0:35351-300000.0:35352-150.0,31.53
0-1.0:1-1.0:2-1.0:3-1.0:4-1.0:5-1.0:6-1.0:7-1.0:8-1.0:9-1.0:10-1.0:35347-2:35348-0:35349-70000.0:35350-2000.0:35351-300000.0:35352-250.0,51.07
0-1.0:2-1.0:3-1.0:4-1.0:5-1.0:6-1.0:7-1.0:8-1.0:9-1.0:10-1.0:8819-1.0:35347-2:35348-0:35349-70000.0:35350-2000.0:35351-300000.0:35352-750.0,29.1
0-1.0:2-1.0:3-1.0:4-1.0:5-1.0:6-1.0:7-1.0:8-1.0:9-1.0:10-1.0:8819-1.0:35347-2:35348-0:35349-70000.0:35350-2000.0:35351-300000.0:35352-1500.0,20.58
0-1.0:2-1.0:3-1.0:4-1.0:5-1.0:6-1.0:7-1.0:8-1.0:9-1.0:10-1.0:8819-1.0:35347-2:35348-0:35349-70000.0:35350-2000.0:35351-300000.0:35352-2500.0,22.87
0-1.0:1-1.0:2-1.0:3-1.0:4-1.0:5-1.0:6-1.0:7-1.0:8-1.0:9-1.0:10-1.0:35347-2:35348-0:35349-70000.0:35350-2000.0:35351-300000.0:35352-5000.0,15.72
0-1.0:2-1.0:3-1.0:4-1.0:5-1.0:6-1.0:7-1.0:8-1.0:9-1.0:10-1.0:8819-1.0:35347-2:35348-0:35349-70000.0:35350-2000.0:35351-500000.0:35352-150.0,33.2
0-1.0:2-1.0:3-1.0:4-1.0:5-1.0:6-1.0:7-1.0:8-1.0:9-1.0:10-1.0:8819-1.0:35347-2:35348-0:35349-70000.0:35350-2000.0:35351-500000.0:35352-500.0,48.84
0-1.0:2-1.0:3-1.0:4-1.0:5-1.0:6-1.0:7-1.0:8-1.0:9-1.0:10-1.0:8819-1.0:35347-2:35348-0:35349-70000.0:35350-2000.0:35351-500000.0:35352-750.0,24.93
0-1.0:1-1.0:2-1.0:3-1.0:4-1.0:5-1.0:6-1.0:7-1.0:8-1.0:9-1.0:10-1.0:35347-2:35348-0:35349-70000.0:35350-2000.0:35351-500000.0:35352-1000.0,29.21
0-1.0:1-1.0:2-1.0:3-1.0:4-1.0:5-1.0:6-1.0:7-1.0:8-1.0:9-1.0:10-1.0:35347-2:35348-0:35349-70000.0:35350-2000.0:35351-500000.0:35352-2500.0,22.23
0-1.0:2-1.0:3-1.0:4-1.0:5-1.0:6-1.0:7-1.0:8-1.0:9-1.0:10-1.0:8819-1.0:35347-2:35348-0:35349-70000.0:35350-2000.0:35351-500000.0:35352-5000.0,17.38
0-1.0:2-1.0:3-1.0:4-1.0:5-1.0:6-1.0:7-1.0:8-1.0:9-1.0:10-1.0:8819-1.0:35347-2:35348-0:35349-80000.0:35350-1000.0:35351-100000.0:35352-150.0,31.22
0-1.0:2-1.0:3-1.0:4-1.0:5-1.0:6-1.0:7-1.0:8-1.0:9-1.0:10-1.0:8819-1.0:35347-2:35348-0:35349-80000.0:35350-1000.0:35351-100000.0:35352-250.0,26.01
0-1.0:2-1.0:3-1.0:4-1.0:5-1.0:6-1.0:7-1.0:8-1.0:9-1.0:10-1.0:8819-1.0:35347-2:35348-0:35349-80000.0:35350-1000.0:35351-100000.0:35352-500.0,27.02
0-1.0:2-1.0:3-1.0:4-1.0:5-1.0:6-1.0:7-1.0:8-1.0:9-1.0:10-1.0:8819-1.0:35347-2:35348-0:35349-80000.0:35350-1000.0:35351-100000.0:35352-750.0,22.37
0-1.0:2-1.0:3-1.0:4-1.0:5-1.0:6-1.0:7-1.0:8-1.0:9-1.0:10-1.0:8819-1.0:35347-2:35348-0:35349-80000.0:35350-1000.0:35351-100000.0:35352-5000.0,14.31
0-1.0:2-1.0:3-1.0:4-1.0:5-1.0:6-1.0:7-1.0:8-1.0:9-1.0:10-1.0:8819-1.0:35347-2:35348-0:35349-80000.0:35350-1000.0:35351-300000.0:35352-100.0,34.6
0-1.0:2-1.0:3-1.0:4-1.0:5-1.0:6-1.0:7-1.0:8-1.0:9-1.0:10-1.0:8819-1.0:35347-2:35348-0:35349-80000.0:35350-1000.0:35351-300000.0:35352-150.0,33.3
0-1.0:2-1.0:3-1.0:4-1.0:5-1.0:6-1.0:7-1.0:8-1.0:9-1.0:10-1.0:8819-1.0:35347-2:35348-0:35349-80000.0:35350-1000.0:35351-300000.0:35352-250.0,31.46
0-1.0:1-1.0:2-1.0:3-1.0:4-1.0:5-1.0:6-1.0:7-1.0:8-1.0:9-1.0:10-1.0:35347-2:35348-0:35349-80000.0:35350-1000.0:35351-300000.0:35352-500.0,26.02
0-1.0:2-1.0:3-1.0:4-1.0:5-1.0:6-1.0:7-1.0:8-1.0:9-1.0:10-1.0:8819-1.0:35347-2:35348-0:35349-80000.0:35350-1000.0:35351-300000.0:35352-750.0,24.46
0-1.0:2-1.0:3-1.0:4-1.0:5-1.0:6-1.0:7-1.0:8-1.0:9-1.0:10-1.0:8819-1.0:35347-2:35348-0:35349-80000.0:35350-1000.0:35351-300000.0:35352-1000.0,23.15
0-1.0:1-1.0:2-1.0:3-1.0:4-1.0:5-1.0:6-1.0:7-1.0:8-1.0:9-1.0:10-1.0:35347-2:35348-0:35349-80000.0:35350-1000.0:35351-300000.0:35352-1500.0,41.0
0-1.0:2-1.0:3-1.0:4-1.0:5-1.0:6-1.0:7-1.0:8-1.0:9-1.0:10-1.0:8819-1.0:35347-2:35348-0:35349-80000.0:35350-1000.0:35351-300000.0:35352-5000.0,16.39
0-1.0:2-1.0:3-1.0:4-1.0:5-1.0:6-1.0:7-1.0:8-1.0:9-1.0:10-1.0:8819-1.0:35347-2:35348-0:35349-80000.0:35350-1000.0:35351-500000.0:35352-100.0,36.27
0-1.0:2-1.0:3-1.0:4-1.0:5-1.0:6-1.0:7-1.0:8-1.0:9-1.0:10-1.0:8819-1.0:35347-2:35348-0:35349-80000.0:35350-1000.0:35351-500000.0:35352-250.0,33.12
0-1.0:2-1.0:3-1.0:4-1.0:5-1.0:6-1.0:7-1.0:8-1.0:9-1.0:10-1.0:8819-1.0:35347-2:35348-0:35349-80000.0:35350-1000.0:35351-500000.0:35352-500.0,27.68
0-1.0:2-1.0:3-1.0:4-1.0:5-1.0:6-1.0:7-1.0:8-1.0:9-1.0:10-1.0:8819-1.0:35347-2:35348-0:35349-80000.0:35350-1000.0:35351-500000.0:35352-750.0,26.12
0-1.0:1-1.0:2-1.0:3-1.0:4-1.0:5-1.0:6-1.0:7-1.0:8-1.0:9-1.0:10-1.0:35347-2:35348-0:35349-80000.0:35350-1000.0:35351-500000.0:35352-1000.0,24.82
0-1.0:2-1.0:3-1.0:4-1.0:5-1.0:6-1.0:7-1.0:8-1.0:9-1.0:10-1.0:8819-1.0:35347-2:35348-0:35349-80000.0:35350-1000.0:35351-500000.0:35352-1500.0,42.67
0-1.0:2-1.0:3-1.0:4-1.0:5-1.0:6-1.0:7-1.0:8-1.0:9-1.0:10-1.0:8819-1.0:35347-2:35348-0:35349-80000.0:35350-1000.0:35351-500000.0:35352-2500.0,20.92
0-1.0:1-1.0:2-1.0:3-1.0:4-1.0:5-1.0:6-1.0:7-1.0:8-1.0:9-1.0:10-1.0:35347-2:35348-0:35349-80000.0:35350-2000.0:35351-100000.0:35352-100.0,36.97
0-1.0:2-1.0:3-1.0:4-1.0:5-1.0:6-1.0:7-1.0:8-1.0:9-1.0:10-1.0:8819-1.0:35347-2:35348-0:35349-80000.0:35350-2000.0:35351-100000.0:35352-250.0,26.26
0-1.0:2-1.0:3-1.0:4-1.0:5-1.0:6-1.0:7-1.0:8-1.0:9-1.0:10-1.0:8819-1.0:35347-2:35348-0:35349-80000.0:35350-2000.0:35351-100000.0:35352-500.0,24.18
0-1.0:2-1.0:3-1.0:4-1.0:5-1.0:6-1.0:7-1.0:8-1.0:9-1.0:10-1.0:8819-1.0:35347-2:35348-0:35349-80000.0:35350-2000.0:35351-100000.0:35352-1000.0,21.32
0-1.0:1-1.0:2-1.0:3-1.0:4-1.0:5-1.0:6-1.0:7-1.0:8-1.0:9-1.0:10-1.0:35347-2:35348-0:35349-80000.0:35350-2000.0:35351-100000.0:35352-2500.0,22.17
0-1.0:2-1.0:3-1.0:4-1.0:5-1.0:6-1.0:7-1.0:8-1.0:9-1.0:10-1.0:8819-1.0:35347-2:35348-0:35349-80000.0:35350-2000.0:35351-100000.0:35352-5000.0,14.56
0-1.0:2-1.0:3-1.0:4-1.0:5-1.0:6-1.0:7-1.0:8-1.0:9-1.0:10-1.0:8819-1.0:35347-2:35348-0:35349-80000.0:35350-2000.0:35351-300000.0:35352-100.0,34.85
0-1.0:2-1.0:3-1.0:4-1.0:5-1.0:6-1.0:7-1.0:8-1.0:9-1.0:10-1.0:8819-1.0:35347-2:35348-0:35349-80000.0:35350-2000.0:35351-300000.0:35352-150.0,33.55
0-1.0:2-1.0:3-1.0:4-1.0:5-1.0:6-1.0:7-1.0:8-1.0:9-1.0:10-1.0:8819-1.0:35347-2:35348-0:35349-80000.0:35350-2000.0:35351-300000.0:35352-250.0,28.35
0-1.0:2-1.0:3-1.0:4-1.0:5-1.0:6-1.0:7-1.0:8-1.0:9-1.0:10-1.0:8819-1.0:35347-2:35348-0:35349-80000.0:35350-2000.0:35351-300000.0:35352-1000.0,23.4
0-1.0:2-1.0:3-1.0:4-1.0:5-1.0:6-1.0:7-1.0:8-1.0:9-1.0:10-1.0:8819-1.0:35347-2:35348-0:35349-80000.0:35350-2000.0:35351-300000.0:35352-1500.0,21.84
0-1.0:1-1.0:2-1.0:3-1.0:4-1.0:5-1.0:6-1.0:7-1.0:8-1.0:9-1.0:10-1.0:35347-2:35348-0:35349-80000.0:35350-2000.0:35351-300000.0:35352-5000.0,20.6
0-1.0:2-1.0:3-1.0:4-1.0:5-1.0:6-1.0:7-1.0:8-1.0:9-1.0:10-1.0:8819-1.0:35347-2:35348-0:35349-80000.0:35350-2000.0:35351-500000.0:35352-100.0,36.52
0-1.0:1-1.0:2-1.0:3-1.0:4-1.0:5-1.0:6-1.0:7-1.0:8-1.0:9-1.0:10-1.0:35347-2:35348-0:35349-80000.0:35350-2000.0:35351-500000.0:35352-150.0,39.25
0-1.0:1-1.0:2-1.0:3-1.0:4-1.0:5-1.0:6-1.0:7-1.0:8-1.0:9-1.0:10-1.0:35347-2:35348-0:35349-80000.0:35350-2000.0:35351-500000.0:35352-250.0,30.01
0-1.0:2-1.0:3-1.0:4-1.0:5-1.0:6-1.0:7-1.0:8-1.0:9-1.0:10-1.0:8819-1.0:35347-2:35348-0:35349-80000.0:35350-2000.0:35351-500000.0:35352-500.0,34.55
0-1.0:2-1.0:3-1.0:4-1.0:5-1.0:6-1.0:7-1.0:8-1.0:9-1.0:10-1.0:8819-1.0:35347-2:35348-0:35349-80000.0:35350-2000.0:35351-500000.0:35352-750.0,26.37
0-1.0:2-1.0:3-1.0:4-1.0:5-1.0:6-1.0:7-1.0:8-1.0:9-1.0:10-1.0:8819-1.0:35347-2:35348-0:35349-80000.0:35350-2000.0:35351-500000.0:35352-1000.0,25.07
0-1.0:1-1.0:2-1.0:3-1.0:4-1.0:5-1.0:6-1.0:7-1.0:8-1.0:9-1.0:10-1.0:35347-2:35348-0:35349-80000.0:35350-2000.0:35351-500000.0:35352-1500.0,42.92
0-1.0:2-1.0:3-1.0:4-1.0:5-1.0:6-1.0:7-1.0:8-1.0:9-1.0:10-1.0:8819-1.0:35347-2:35348-0:35349-80000.0:35350-2000.0:35351-500000.0:35352-5000.0,18.31
0-1.0:2-1.0:3-1.0:4-1.0:5-1.0:6-1.0:7-1.0:8-1.0:9-1.0:10-1.0:8819-1.0:35347-2:35348-0:35349-90000.0:35350-1000.0:35351-100000.0:35352-100.0,34.37
0-1.0:2-1.0:3-1.0:4-1.0:5-1.0:6-1.0:7-1.0:8-1.0:9-1.0:10-1.0:8819-1.0:35347-2:35348-0:35349-90000.0:35350-1000.0:35351-100000.0:35352-150.0,42.19
0-1.0:2-1.0:3-1.0:4-1.0:5-1.0:6-1.0:7-1.0:8-1.0:9-1.0:10-1.0:8819-1.0:35347-2:35348-0:35349-90000.0:35350-1000.0:35351-100000.0:35352-500.0,50.59
0-1.0:1-1.0:2-1.0:3-1.0:4-1.0:5-1.0:6-1.0:7-1.0:8-1.0:9-1.0:10-1.0:35347-2:35348-0:35349-90000.0:35350-1000.0:35351-100000.0:35352-750.0,30.23
0-1.0:1-1.0:2-1.0:3-1.0:4-1.0:5-1.0:6-1.0:7-1.0:8-1.0:9-1.0:10-1.0:35347-2:35348-0:35349-90000.0:35350-1000.0:35351-100000.0:35352-1500.0,20.62
0-1.0:2-1.0:3-1.0:4-1.0:5-1.0:6-1.0:7-1.0:8-1.0:9-1.0:10-1.0:8819-1.0:35347-2:35348-0:35349-90000.0:35350-1000.0:35351-100000.0:35352-5000.0,15.12
0-1.0:1-1.0:2-1.0:3-1.0:4-1.0:5-1.0:6-1.0:7-1.0:8-1.0:9-1.0:10-1.0:35347-2:35348-0:35349-90000.0:35350-1000.0:35351-300000.0:35352-100.0,36.45
0-1.0:2-1.0:3-1.0:4-1.0:5-1.0:6-1.0:7-1.0:8-1.0:9-1.0:10-1.0:8819-1.0:35347-2:35348-0:35349-90000.0:35350-1000.0:35351-300000.0:35352-150.0,39.51
0-1.0:2-1.0:3-1.0:4-1.0:5-1.0:6-1.0:7-1.0:8-1.0:9-1.0:10-1.0:8819-1.0:35347-2:35348-0:35349-90000.0:35350-1000.0:35351-300000.0:35352-250.0,37.24
0-1.0:2-1.0:3-1.0:4-1.0:5-1.0:6-1.0:7-1.0:8-1.0:9-1.0:10-1.0:8819-1.0:35347-2:35348-0:35349-90000.0:35350-1000.0:35351-300000.0:35352-1000.0,30.56
0-1.0:2-1.0:3-1.0:4-1.0:5-1.0:6-1.0:7-1.0:8-1.0:9-1.0:10-1.0:8819-1.0:35347-2:35348-0:35349-90000.0:35350-1000.0:35351-300000.0:35352-1500.0,22.7
0-1.0:1-1.0:2-1.0:3-1.0:4-1.0:5-1.0:6-1.0:7-1.0:8-1.0:9-1.0:10-1.0:35347-2:35348-0:35349-90000.0:35350-1000.0:35351-300000.0:35352-2500.0,20.23
0-1.0:2-1.0:3-1.0:4-1.0:5-1.0:6-1.0:7-1.0:8-1.0:9-1.0:10-1.0:8819-1.0:35347-2:35348-0:35349-90000.0:35350-1000.0:35351-300000.0:35352-5000.0,17.2
0-1.0:2-1.0:3-1.0:4-1.0:5-1.0:6-1.0:7-1.0:8-1.0:9-1.0:10-1.0:8819-1.0:35347-2:35348-0:35349-90000.0:35350-1000.0:35351-500000.0:35352-100.0,38.12
0-1.0:2-1.0:3-1.0:4-1.0:5-1.0:6-1.0:7-1.0:8-1.0:9-1.0:10-1.0:8819-1.0:35347-2:35348-0:35349-90000.0:35350-1000.0:35351-500000.0:35352-150.0,41.18
0-1.0:1-1.0:2-1.0:3-1.0:4-1.0:5-1.0:6-1.0:7-1.0:8-1.0:9-1.0:10-1.0:35347-2:35348-0:35349-90000.0:35350-1000.0:35351-500000.0:35352-250.0,38.9
0-1.0:1-1.0:2-1.0:3-1.0:4-1.0:5-1.0:6-1.0:7-1.0:8-1.0:9-1.0:10-1.0:35347-2:35348-0:35349-90000.0:35350-1000.0:35351-500000.0:35352-500.0,29.04
0-1.0:2-1.0:3-1.0:4-1.0:5-1.0:6-1.0:7-1.0:8-1.0:9-1.0:10-1.0:8819-1.0:35347-2:35348-0:35349-90000.0:35350-1000.0:35351-500000.0:35352-750.0,51.04
0-1.0:1-1.0:2-1.0:3-1.0:4-1.0:5-1.0:6-1.0:7-1.0:8-1.0:9-1.0:10-1.0:35347-2:35348-0:35349-90000.0:35350-1000.0:35351-500000.0:35352-1500.0,24.37
0-1.0:1-1.0:2-1.0:3-1.0:4-1.0:5-1.0:6-1.0:7-1.0:8-1.0:9-1.0:10-1.0:35347-2:35348-0:35349-90000.0:35350-1000.0:35351-500000.0:35352-2500.0,21.89
0-1.0:2-1.0:3-1.0:4-1.0:5-1.0:6-1.0:7-1.0:8-1.0:9-1.0:10-1.0:8819-1.0:35347-2:35348-0:35349-90000.0:35350-1000.0:35351-500000.0:35352-5000.0,18.87
0-1.0:2-1.0:3-1.0:4-1.0:5-1.0:6-1.0:7-1.0:8-1.0:9-1.0:10-1.0:8819-1.0:35347-2:35348-0:35349-90000.0:35350-2000.0:35351-100000.0:35352-100.0,34.62
0-1.0:1-1.0:2-1.0:3-1.0:4-1.0:5-1.0:6-1.0:7-1.0:8-1.0:9-1.0:10-1.0:35347-2:35348-0:35349-90000.0:35350-2000.0:35351-100000.0:35352-150.0,33.24
0-1.0:2-1.0:3-1.0:4-1.0:5-1.0:6-1.0:7-1.0:8-1.0:9-1.0:10-1.0:8819-1.0:35347-2:35348-0:35349-90000.0:35350-2000.0:35351-100000.0:35352-250.0,27.74
0-1.0:2-1.0:3-1.0:4-1.0:5-1.0:6-1.0:7-1.0:8-1.0:9-1.0:10-1.0:8819-1.0:35347-2:35348-0:35349-90000.0:35350-2000.0:35351-100000.0:35352-500.0,25.54
0-1.0:2-1.0:3-1.0:4-1.0:5-1.0:6-1.0:7-1.0:8-1.0:9-1.0:10-1.0:8819-1.0:35347-2:35348-0:35349-90000.0:35350-2000.0:35351-100000.0:35352-750.0,47.54
0-1.0:2-1.0:3-1.0:4-1.0:5-1.0:6-1.0:7-1.0:8-1.0:9-1.0:10-1.0:8819-1.0:35347-2:35348-0:35349-90000.0:35350-2000.0:35351-100000.0:35352-2500.0,18.4
0-1.0:2-1.0:3-1.0:4-1.0:5-1.0:6-1.0:7-1.0:8-1.0:9-1.0:10-1.0:8819-1.0:35347-2:35348-0:35349-90000.0:35350-2000.0:35351-100000.0:35352-5000.0,30.49
0-1.0:1-1.0:2-1.0:3-1.0:4-1.0:5-1.0:6-1.0:7-1.0:8-1.0:9-1.0:10-1.0:35347-2:35348-0:35349-90000.0:35350-2000.0:35351-300000.0:35352-100.0,36.7
0-1.0:1-1.0:2-1.0:3-1.0:4-1.0:5-1.0:6-1.0:7-1.0:8-1.0:9-1.0:10-1.0:35347-2:35348-0:35349-90000.0:35350-2000.0:35351-300000.0:35352-150.0,35.33
0-1.0:2-1.0:3-1.0:4-1.0:5-1.0:6-1.0:7-1.0:8-1.0:9-1.0:10-1.0:8819-1.0:35347-2:35348-0:35349-90000.0:35350-2000.0:35351-300000.0:35352-500.0,27.63
0-1.0:2-1.0:3-1.0:4-1.0:5-1.0:6-1.0:7-1.0:8-1.0:9-1.0:10-1.0:8819-1.0:35347-2:35348-0:35349-90000.0:35350-2000.0:35351-300000.0:35352-750.0,25.98
0-1.0:2-1.0:3-1.0:4-1.0:5-1.0:6-1.0:7-1.0:8-1.0:9-1.0:10-1.0:8819-1.0:35347-2:35348-0:35349-90000.0:35350-2000.0:35351-300000.0:35352-2500.0,20.48
0-1.0:2-1.0:3-1.0:4-1.0:5-1.0:6-1.0:7-1.0:8-1.0:9-1.0:10-1.0:8819-1.0:35347-2:35348-0:35349-90000.0:35350-2000.0:35351-300000.0:35352-5000.0,21.67
0-1.0:1-1.0:2-1.0:3-1.0:4-1.0:5-1.0:6-1.0:7-1.0:8-1.0:9-1.0:10-1.0:35347-2:35348-0:35349-90000.0:35350-2000.0:35351-500000.0:35352-150.0,46.19
0-1.0:1-1.0:2-1.0:3-1.0:4-1.0:5-1.0:6-1.0:7-1.0:8-1.0:9-1.0:10-1.0:35347-2:35348-0:35349-90000.0:35350-2000.0:35351-500000.0:35352-250.0,39.15
0-1.0:1-1.0:2-1.0:3-1.0:4-1.0:5-1.0:6-1.0:7-1.0:8-1.0:9-1.0:10-1.0:35347-2:35348-0:35349-90000.0:35350-2000.0:35351-500000.0:35352-750.0,34.23
0-1.0:2-1.0:3-1.0:4-1.0:5-1.0:6-1.0:7-1.0:8-1.0:9-1.0:10-1.0:8819-1.0:35347-2:35348-0:35349-90000.0:35350-2000.0:35351-500000.0:35352-1000.0,26.27
0-1.0:2-1.0:3-1.0:4-1.0:5-1.0:6-1.0:7-1.0:8-1.0:9-1.0:10-1.0:8819-1.0:35347-2:35348-0:35349-90000.0:35350-2000.0:35351-500000.0:35352-1500.0,24.62
0-1.0:2-1.0:3-1.0:4-1.0:5-1.0:6-1.0:7-1.0:8-1.0:9-1.0:10-1.0:8819-1.0:35347-2:35348-0:35349-90000.0:35350-2000.0:35351-500000.0:35352-2500.0,22.14
0-1.0:1-1.0:2-1.0:3-1.0:4-1.0:5-1.0:6-1.0:7-1.0:8-1.0:9-1.0:10-1.0:35347-2:35348-0:35349-90000.0:35350-2000.0:35351-500000.0:35352-5000.0,23.33
0-1.0:1-1.0:2-1.0:3-1.0:4-1.0:5-1.0:6-1.0:7-1.0:8-1.0:9-1.0:10-1.0:35347-2:35348-0:35349-100000.0:35350-1000.0:35351-100000.0:35352-100.0,46.21
0-1.0:2-1.0:3-1.0:4-1.0:5-1.0:6-1.0:7-1.0:8-1.0:9-1.0:10-1.0:8819-1.0:35347-2:35348-0:35349-100000.0:35350-1000.0:35351-100000.0:35352-150.0,34.68
0-1.0:1-1.0:2-1.0:3-1.0:4-1.0:5-1.0:6-1.0:7-1.0:8-1.0:9-1.0:10-1.0:35347-2:35348-0:35349-100000.0:35350-1000.0:35351-100000.0:35352-250.0,36.97
0-1.0:2-1.0:3-1.0:4-1.0:5-1.0:6-1.0:7-1.0:8-1.0:9-1.0:10-1.0:8819-1.0:35347-2:35348-0:35349-100000.0:35350-1000.0:35351-100000.0:35352-500.0,34.01
0-1.0:1-1.0:2-1.0:3-1.0:4-1.0:5-1.0:6-1.0:7-1.0:8-1.0:9-1.0:10-1.0:35347-2:35348-0:35349-100000.0:35350-1000.0:35351-100000.0:35352-1500.0,27.73
0-1.0:2-1.0:3-1.0:4-1.0:5-1.0:6-1.0:7-1.0:8-1.0:9-1.0:10-1.0:8819-1.0:35347-2:35348-0:35349-100000.0:35350-1000.0:35351-100000.0:35352-5000.0,20.33
0-1.0:1-1.0:2-1.0:3-1.0:4-1.0:5-1.0:6-1.0:7-1.0:8-1.0:9-1.0:10-1.0:35347-2:35348-0:35349-100000.0:35350-1000.0:35351-300000.0:35352-150.0,46.45
0-1.0:2-1.0:3-1.0:4-1.0:5-1.0:6-1.0:7-1.0:8-1.0:9-1.0:10-1.0:8819-1.0:35347-2:35348-0:35349-100000.0:35350-1000.0:35351-300000.0:35352-250.0,30.99
0-1.0:2-1.0:3-1.0:4-1.0:5-1.0:6-1.0:7-1.0:8-1.0:9-1.0:10-1.0:8819-1.0:35347-2:35348-0:35349-100000.0:35350-1000.0:35351-300000.0:35352-500.0,28.68
0-1.0:2-1.0:3-1.0:4-1.0:5-1.0:6-1.0:7-1.0:8-1.0:9-1.0:10-1.0:8819-1.0:35347-2:35348-0:35349-100000.0:35350-1000.0:35351-300000.0:35352-1500.0,29.81
0-1.0:1-1.0:2-1.0:3-1.0:4-1.0:5-1.0:6-1.0:7-1.0:8-1.0:9-1.0:10-1.0:35347-2:35348-0:35349-100000.0:35350-1000.0:35351-300000.0:35352-2500.0,21.16
0-1.0:1-1.0:2-1.0:3-1.0:4-1.0:5-1.0:6-1.0:7-1.0:8-1.0:9-1.0:10-1.0:35347-2:35348-0:35349-100000.0:35350-1000.0:35351-300000.0:35352-5000.0,20.09
0-1.0:2-1.0:3-1.0:4-1.0:5-1.0:6-1.0:7-1.0:8-1.0:9-1.0:10-1.0:8819-1.0:35347-2:35348-0:35349-100000.0:35350-1000.0:35351-500000.0:35352-100.0,39.88
0-1.0:1-1.0:2-1.0:3-1.0:4-1.0:5-1.0:6-1.0:7-1.0:8-1.0:9-1.0:10-1.0:35347-2:35348-0:35349-100000.0:35350-1000.0:35351-500000.0:35352-150.0,48.12
0-1.0:2-1.0:3-1.0:4-1.0:5-1.0:6-1.0:7-1.0:8-1.0:9-1.0:10-1.0:8819-1.0:35347-2:35348-0:35349-100000.0:35350-1000.0:35351-500000.0:35352-250.0,32.65
0-1.0:1-1.0:2-1.0:3-1.0:4-1.0:5-1.0:6-1.0:7-1.0:8-1.0:9-1.0:10-1.0:35347-2:35348-0:35349-100000.0:35350-1000.0:35351-500000.0:35352-500.0,30.34
0-1.0:2-1.0:3-1.0:4-1.0:5-1.0:6-1.0:7-1.0:8-1.0:9-1.0:10-1.0:8819-1.0:35347-2:35348-0:35349-100000.0:35350-1000.0:35351-500000.0:35352-1000.0,27.16
0-1.0:2-1.0:3-1.0:4-1.0:5-1.0:6-1.0:7-1.0:8-1.0:9-1.0:10-1.0:8819-1.0:35347-2:35348-0:35349-100000.0:35350-1000.0:35351-500000.0:35352-1500.0,25.43
0-1.0:2-1.0:3-1.0:4-1.0:5-1.0:6-1.0:7-1.0:8-1.0:9-1.0:10-1.0:8819-1.0:35347-2:35348-0:35349-100000.0:35350-1000.0:35351-500000.0:35352-2500.0,22.83
0-1.0:1-1.0:2-1.0:3-1.0:4-1.0:5-1.0:6-1.0:7-1.0:8-1.0:9-1.0:10-1.0:35347-2:35348-0:35349-100000.0:35350-1000.0:35351-500000.0:35352-5000.0,19.65
0-1.0:1-1.0:2-1.0:3-1.0:4-1.0:5-1.0:6-1.0:7-1.0:8-1.0:9-1.0:10-1.0:35347-2:35348-0:35349-100000.0:35350-2000.0:35351-100000.0:35352-100.0,46.46
0-1.0:2-1.0:3-1.0:4-1.0:5-1.0:6-1.0:7-1.0:8-1.0:9-1.0:10-1.0:8819-1.0:35347-2:35348-0:35349-100000.0:35350-2000.0:35351-100000.0:35352-150.0,44.62
0-1.0:2-1.0:3-1.0:4-1.0:5-1.0:6-1.0:7-1.0:8-1.0:9-1.0:10-1.0:8819-1.0:35347-2:35348-0:35349-100000.0:35350-2000.0:35351-100000.0:35352-250.0,29.15
0-1.0:2-1.0:3-1.0:4-1.0:5-1.0:6-1.0:7-1.0:8-1.0:9-1.0:10-1.0:8819-1.0:35347-2:35348-0:35349-100000.0:35350-2000.0:35351-100000.0:35352-500.0,34.26
0-1.0:2-1.0:3-1.0:4-1.0:5-1.0:6-1.0:7-1.0:8-1.0:9-1.0:10-1.0:8819-1.0:35347-2:35348-0:35349-100000.0:35350-2000.0:35351-100000.0:35352-5000.0,20.58
0-1.0:2-1.0:3-1.0:4-1.0:5-1.0:6-1.0:7-1.0:8-1.0:9-1.0:10-1.0:8819-1.0:35347-2:35348-0:35349-100000.0:35350-2000.0:35351-300000.0:35352-100.0,48.55
0-1.0:2-1.0:3-1.0:4-1.0:5-1.0:6-1.0:7-1.0:8-1.0:9-1.0:10-1.0:8819-1.0:35347-2:35348-0:35349-100000.0:35350-2000.0:35351-300000.0:35352-150.0,37.02
0-1.0:1-1.0:2-1.0:3-1.0:4-1.0:5-1.0:6-1.0:7-1.0:8-1.0:9-1.0:10-1.0:35347-2:35348-0:35349-100000.0:35350-2000.0:35351-300000.0:35352-500.0,36.35
0-1.0:2-1.0:3-1.0:4-1.0:5-1.0:6-1.0:7-1.0:8-1.0:9-1.0:10-1.0:8819-1.0:35347-2:35348-0:35349-100000.0:35350-2000.0:35351-300000.0:35352-750.0,27.19
0-1.0:1-1.0:2-1.0:3-1.0:4-1.0:5-1.0:6-1.0:7-1.0:8-1.0:9-1.0:10-1.0:35347-2:35348-0:35349-100000.0:35350-2000.0:35351-300000.0:35352-1000.0,25.75
0-1.0:2-1.0:3-1.0:4-1.0:5-1.0:6-1.0:7-1.0:8-1.0:9-1.0:10-1.0:8819-1.0:35347-2:35348-0:35349-100000.0:35350-2000.0:35351-300000.0:35352-1500.0,24.01
0-1.0:2-1.0:3-1.0:4-1.0:5-1.0:6-1.0:7-1.0:8-1.0:9-1.0:10-1.0:8819-1.0:35347-2:35348-0:35349-100000.0:35350-2000.0:35351-300000.0:35352-2500.0,21.41
0-1.0:1-1.0:2-1.0:3-1.0:4-1.0:5-1.0:6-1.0:7-1.0:8-1.0:9-1.0:10-1.0:35347-2:35348-0:35349-100000.0:35350-2000.0:35351-500000.0:35352-100.0,40.13
0-1.0:2-1.0:3-1.0:4-1.0:5-1.0:6-1.0:7-1.0:8-1.0:9-1.0:10-1.0:8819-1.0:35347-2:35348-0:35349-100000.0:35350-2000.0:35351-500000.0:35352-150.0,38.68
0-1.0:2-1.0:3-1.0:4-1.0:5-1.0:6-1.0:7-1.0:8-1.0:9-1.0:10-1.0:8819-1.0:35347-2:35348-0:35349-100000.0:35350-2000.0:35351-500000.0:35352-500.0,30.59
0-1.0:2-1.0:3-1.0:4-1.0:5-1.0:6-1.0:7-1.0:8-1.0:9-1.0:10-1.0:8819-1.0:35347-2:35348-0:35349-100000.0:35350-2000.0:35351-500000.0:35352-750.0,53.77
0-1.0:1-1.0:2-1.0:3-1.0:4-1.0:5-1.0:6-1.0:7-1.0:8-1.0:9-1.0:10-1.0:35347-2:35348-0:35349-100000.0:35350-2000.0:35351-500000.0:35352-1000.0,33.95
0-1.0:2-1.0:3-1.0:4-1.0:5-1.0:6-1.0:7-1.0:8-1.0:9-1.0:10-1.0:8819-1.0:35347-2:35348-0:35349-100000.0:35350-2000.0:35351-500000.0:35352-1500.0,25.68
0-1.0:1-1.0:2-1.0:3-1.0:4-1.0:5-1.0:6-1.0:7-1.0:8-1.0:9-1.0:10-1.0:35347-2:35348-0:35349-100000.0:35350-2000.0:35351-500000.0:35352-2500.0,28.4
0-1.0:2-1.0:3-1.0:4-1.0:5-1.0:6-1.0:7-1.0:8-1.0:9-1.0:10-1.0:8819-1.0:35347-5:35348-0:35349-4000.0:35350-1000.0:35351-100000.0:35352-100.0,15.63
0-1.0:2-1.0:3-1.0:4-1.0:5-1.0:6-1.0:7-1.0:8-1.0:9-1.0:10-1.0:8819-1.0:35347-5:35348-0:35349-4000.0:35350-1000.0:35351-500000.0:35352-2500.0,14.31
0-1.0:2-1.0:3-1.0:4-1.0:5-1.0:6-1.0:7-1.0:8-1.0:9-1.0:10-1.0:8819-1.0:35347-5:35348-0:35349-4000.0:35350-1000.0:35351-500000.0:35352-5000.0,10.83
0-1.0:2-1.0:3-1.0:4-1.0:5-1.0:6-1.0:7-1.0:8-1.0:9-1.0:10-1.0:8819-1.0:35347-5:35348-0:35349-4000.0:35350-2000.0:35351-100000.0:35352-100.0,15.88
0-1.0:2-1.0:3-1.0:4-1.0:5-1.0:6-1.0:7-1.0:8-1.0:9-1.0:10-1.0:8819-1.0:35347-5:35348-0:35349-4000.0:35350-2000.0:35351-100000.0:35352-250.0,12.76
0-1.0:2-1.0:3-1.0:4-1.0:5-1.0:6-1.0:7-1.0:8-1.0:9-1.0:10-1.0:8819-1.0:35347-5:35348-0:35349-4000.0:35350-2000.0:35351-100000.0:35352-500.0,11.76
0-1.0:2-1.0:3-1.0:4-1.0:5-1.0:6-1.0:7-1.0:8-1.0:9-1.0:10-1.0:8819-1.0:35347-5:35348-0:35349-4000.0:35350-2000.0:35351-100000.0:35352-750.0,14.01
0-1.0:2-1.0:3-1.0:4-1.0:5-1.0:6-1.0:7-1.0:8-1.0:9-1.0:10-1.0:8819-1.0:35347-5:35348-0:35349-4000.0:35350-2000.0:35351-100000.0:35352-1000.0,10.83
0-1.0:1-1.0:2-1.0:3-1.0:4-1.0:5-1.0:6-1.0:7-1.0:8-1.0:9-1.0:10-1.0:35347-5:35348-0:35349-4000.0:35350-2000.0:35351-100000.0:35352-1500.0,10.83
0-1.0:1-1.0:2-1.0:3-1.0:4-1.0:5-1.0:6-1.0:7-1.0:8-1.0:9-1.0:10-1.0:35347-5:35348-0:35349-4000.0:35350-2000.0:35351-100000.0:35352-5000.0,10.83
0-1.0:1-1.0:2-1.0:3-1.0:4-1.0:5-1.0:6-1.0:7-1.0:8-1.0:9-1.0:10-1.0:35347-5:35348-0:35349-4000.0:35350-2000.0:35351-300000.0:35352-100.0,17.97
0-1.0:2-1.0:3-1.0:4-1.0:5-1.0:6-1.0:7-1.0:8-1.0:9-1.0:10-1.0:8819-1.0:35347-5:35348-0:35349-4000.0:35350-2000.0:35351-300000.0:35352-150.0,17.34
0-1.0:2-1.0:3-1.0:4-1.0:5-1.0:6-1.0:7-1.0:8-1.0:9-1.0:10-1.0:8819-1.0:35347-5:35348-0:35349-4000.0:35350-2000.0:35351-300000.0:35352-250.0,27.35
0-1.0:1-1.0:2-1.0:3-1.0:4-1.0:5-1.0:6-1.0:7-1.0:8-1.0:9-1.0:10-1.0:35347-5:35348-0:35349-4000.0:35350-2000.0:35351-300000.0:35352-500.0,13.84
0-1.0:2-1.0:3-1.0:4-1.0:5-1.0:6-1.0:7-1.0:8-1.0:9-1.0:10-1.0:8819-1.0:35347-5:35348-0:35349-4000.0:35350-2000.0:35351-300000.0:35352-750.0,13.09
0-1.0:2-1.0:3-1.0:4-1.0:5-1.0:6-1.0:7-1.0:8-1.0:9-1.0:10-1.0:8819-1.0:35347-5:35348-0:35349-4000.0:35350-2000.0:35351-300000.0:35352-1000.0,12.46
0-1.0:2-1.0:3-1.0:4-1.0:5-1.0:6-1.0:7-1.0:8-1.0:9-1.0:10-1.0:8819-1.0:35347-5:35348-0:35349-4000.0:35350-2000.0:35351-300000.0:35352-1500.0,11.71
0-1.0:2-1.0:3-1.0:4-1.0:5-1.0:6-1.0:7-1.0:8-1.0:9-1.0:10-1.0:8819-1.0:35347-5:35348-0:35349-4000.0:35350-2000.0:35351-300000.0:35352-5000.0,10.83
0-1.0:2-1.0:3-1.0:4-1.0:5-1.0:6-1.0:7-1.0:8-1.0:9-1.0:10-1.0:8819-1.0:35347-5:35348-0:35349-4000.0:35350-2000.0:35351-500000.0:35352-100.0,21.7
0-1.0:1-1.0:2-1.0:3-1.0:4-1.0:5-1.0:6-1.0:7-1.0:8-1.0:9-1.0:10-1.0:35347-5:35348-0:35349-4000.0:35350-2000.0:35351-500000.0:35352-150.0,19.01
0-1.0:2-1.0:3-1.0:4-1.0:5-1.0:6-1.0:7-1.0:8-1.0:9-1.0:10-1.0:8819-1.0:35347-5:35348-0:35349-4000.0:35350-2000.0:35351-500000.0:35352-250.0,16.51
0-1.0:2-1.0:3-1.0:4-1.0:5-1.0:6-1.0:7-1.0:8-1.0:9-1.0:10-1.0:8819-1.0:35347-5:35348-0:35349-4000.0:35350-2000.0:35351-500000.0:35352-500.0,15.51
0-1.0:2-1.0:3-1.0:4-1.0:5-1.0:6-1.0:7-1.0:8-1.0:9-1.0:10-1.0:8819-1.0:35347-5:35348-0:35349-4000.0:35350-2000.0:35351-500000.0:35352-1000.0,14.13
0-1.0:2-1.0:3-1.0:4-1.0:5-1.0:6-1.0:7-1.0:8-1.0:9-1.0:10-1.0:8819-1.0:35347-5:35348-0:35349-4000.0:35350-2000.0:35351-500000.0:35352-1500.0,16.0
0-1.0:1-1.0:2-1.0:3-1.0:4-1.0:5-1.0:6-1.0:7-1.0:8-1.0:9-1.0:10-1.0:35347-5:35348-0:35349-4000.0:35350-2000.0:35351-500000.0:35352-5000.0,10.88
0-1.0:1-1.0:2-1.0:3-1.0:4-1.0:5-1.0:6-1.0:7-1.0:8-1.0:9-1.0:10-1.0:35347-5:35348-0:35349-8000.0:35350-1000.0:35351-100000.0:35352-100.0,15.63
0-1.0:2-1.0:3-1.0:4-1.0:5-1.0:6-1.0:7-1.0:8-1.0:9-1.0:10-1.0:8819-1.0:35347-5:35348-0:35349-8000.0:35350-1000.0:35351-100000.0:35352-150.0,17.0
0-1.0:2-1.0:3-1.0:4-1.0:5-1.0:6-1.0:7-1.0:8-1.0:9-1.0:10-1.0:8819-1.0:35347-5:35348-0:35349-8000.0:35350-1000.0:35351-100000.0:35352-250.0,16.0
0-1.0:1-1.0:2-1.0:3-1.0:4-1.0:5-1.0:6-1.0:7-1.0:8-1.0:9-1.0:10-1.0:35347-5:35348-0:35349-8000.0:35350-1000.0:35351-100000.0:35352-500.0,11.51
0-1.0:2-1.0:3-1.0:4-1.0:5-1.0:6-1.0:7-1.0:8-1.0:9-1.0:10-1.0:8819-1.0:35347-5:35348-0:35349-8000.0:35350-1000.0:35351-100000.0:35352-750.0,10.83
0-1.0:2-1.0:3-1.0:4-1.0:5-1.0:6-1.0:7-1.0:8-1.0:9-1.0:10-1.0:8819-1.0:35347-5:35348-0:35349-8000.0:35350-1000.0:35351-100000.0:35352-1500.0,10.83
0-1.0:1-1.0:2-1.0:3-1.0:4-1.0:5-1.0:6-1.0:7-1.0:8-1.0:9-1.0:10-1.0:35347-5:35348-0:35349-8000.0:35350-1000.0:35351-100000.0:35352-2500.0,10.83
0-1.0:2-1.0:3-1.0:4-1.0:5-1.0:6-1.0:7-1.0:8-1.0:9-1.0:10-1.0:8819-1.0:35347-5:35348-0:35349-8000.0:35350-1000.0:35351-100000.0:35352-5000.0,10.83
0-1.0:1-1.0:2-1.0:3-1.0:4-1.0:5-1.0:6-1.0:7-1.0:8-1.0:9-1.0:10-1.0:35347-5:35348-0:35349-8000.0:35350-1000.0:35351-300000.0:35352-150.0,17.09
0-1.0:2-1.0:3-1.0:4-1.0:5-1.0:6-1.0:7-1.0:8-1.0:9-1.0:10-1.0:8819-1.0:35347-5:35348-0:35349-8000.0:35350-1000.0:35351-300000.0:35352-250.0,14.59
0-1.0:2-1.0:3-1.0:4-1.0:5-1.0:6-1.0:7-1.0:8-1.0:9-1.0:10-1.0:8819-1.0:35347-5:35348-0:35349-8000.0:35350-1000.0:35351-300000.0:35352-500.0,16.81
0-1.0:2-1.0:3-1.0:4-1.0:5-1.0:6-1.0:7-1.0:8-1.0:9-1.0:10-1.0:8819-1.0:35347-5:35348-0:35349-8000.0:35350-1000.0:35351-300000.0:35352-750.0,15.85
0-1.0:2-1.0:3-1.0:4-1.0:5-1.0:6-1.0:7-1.0:8-1.0:9-1.0:10-1.0:8819-1.0:35347-5:35348-0:35349-8000.0:35350-1000.0:35351-300000.0:35352-1000.0,15.04
0-1.0:2-1.0:3-1.0:4-1.0:5-1.0:6-1.0:7-1.0:8-1.0:9-1.0:10-1.0:8819-1.0:35347-5:35348-0:35349-8000.0:35350-1000.0:35351-300000.0:35352-2500.0,10.83
0-1.0:1-1.0:2-1.0:3-1.0:4-1.0:5-1.0:6-1.0:7-1.0:8-1.0:9-1.0:10-1.0:35347-5:35348-0:35349-8000.0:35350-1000.0:35351-300000.0:35352-5000.0,10.88
0-1.0:2-1.0:3-1.0:4-1.0:5-1.0:6-1.0:7-1.0:8-1.0:9-1.0:10-1.0:8819-1.0:35347-5:35348-0:35349-8000.0:35350-1000.0:35351-500000.0:35352-100.0,19.38
0-1.0:2-1.0:3-1.0:4-1.0:5-1.0:6-1.0:7-1.0:8-1.0:9-1.0:10-1.0:8819-1.0:35347-5:35348-0:35349-8000.0:35350-1000.0:35351-500000.0:35352-250.0,19.75
0-1.0:1-1.0:2-1.0:3-1.0:4-1.0:5-1.0:6-1.0:7-1.0:8-1.0:9-1.0:10-1.0:35347-5:35348-0:35349-8000.0:35350-1000.0:35351-500000.0:35352-500.0,15.26
0-1.0:2-1.0:3-1.0:4-1.0:5-1.0:6-1.0:7-1.0:8-1.0:9-1.0:10-1.0:8819-1.0:35347-5:35348-0:35349-8000.0:35350-1000.0:35351-500000.0:35352-750.0,14.51
0-1.0:2-1.0:3-1.0:4-1.0:5-1.0:6-1.0:7-1.0:8-1.0:9-1.0:10-1.0:8819-1.0:35347-5:35348-0:35349-8000.0:35350-1000.0:35351-500000.0:35352-1000.0,13.88
0-1.0:2-1.0:3-1.0:4-1.0:5-1.0:6-1.0:7-1.0:8-1.0:9-1.0:10-1.0:8819-1.0:35347-5:35348-0:35349-8000.0:35350-1000.0:35351-500000.0:35352-2500.0,12.0
0-1.0:1-1.0:2-1.0:3-1.0:4-1.0:5-1.0:6-1.0:7-1.0:8-1.0:9-1.0:10-1.0:35347-5:35348-0:35349-8000.0:35350-1000.0:35351-500000.0:35352-5000.0,10.83
0-1.0:2-1.0:3-1.0:4-1.0:5-1.0:6-1.0:7-1.0:8-1.0:9-1.0:10-1.0:8819-1.0:35347-5:35348-0:35349-8000.0:35350-2000.0:35351-100000.0:35352-100.0,20.25
0-1.0:2-1.0:3-1.0:4-1.0:5-1.0:6-1.0:7-1.0:8-1.0:9-1.0:10-1.0:8819-1.0:35347-5:35348-0:35349-8000.0:35350-2000.0:35351-100000.0:35352-250.0,12.76
0-1.0:2-1.0:3-1.0:4-1.0:5-1.0:6-1.0:7-1.0:8-1.0:9-1.0:10-1.0:8819-1.0:35347-5:35348-0:35349-8000.0:35350-2000.0:35351-100000.0:35352-750.0,11.01
0-1.0:2-1.0:3-1.0:4-1.0:5-1.0:6-1.0:7-1.0:8-1.0:9-1.0:10-1.0:8819-1.0:35347-5:35348-0:35349-8000.0:35350-2000.0:35351-100000.0:35352-1500.0,10.83
0-1.0:2-1.0:3-1.0:4-1.0:5-1.0:6-1.0:7-1.0:8-1.0:9-1.0:10-1.0:8819-1.0:35347-5:35348-0:35349-8000.0:35350-2000.0:35351-100000.0:35352-2500.0,10.83
0-1.0:2-1.0:3-1.0:4-1.0:5-1.0:6-1.0:7-1.0:8-1.0:9-1.0:10-1.0:8819-1.0:35347-5:35348-0:35349-8000.0:35350-2000.0:35351-100000.0:35352-5000.0,10.83
0-1.0:2-1.0:3-1.0:4-1.0:5-1.0:6-1.0:7-1.0:8-1.0:9-1.0:10-1.0:8819-1.0:35347-5:35348-0:35349-8000.0:35350-2000.0:35351-300000.0:35352-250.0,14.84
0-1.0:1-1.0:2-1.0:3-1.0:4-1.0:5-1.0:6-1.0:7-1.0:8-1.0:9-1.0:10-1.0:35347-5:35348-0:35349-8000.0:35350-2000.0:35351-300000.0:35352-500.0,17.06
0-1.0:1-1.0:2-1.0:3-1.0:4-1.0:5-1.0:6-1.0:7-1.0:8-1.0:9-1.0:10-1.0:35347-5:35348-0:35349-8000.0:35350-2000.0:35351-300000.0:35352-750.0,16.1
0-1.0:1-1.0:2-1.0:3-1.0:4-1.0:5-1.0:6-1.0:7-1.0:8-1.0:9-1.0:10-1.0:35347-5:35348-0:35349-8000.0:35350-2000.0:35351-300000.0:35352-1500.0,11.71
0-1.0:1-1.0:2-1.0:3-1.0:4-1.0:5-1.0:6-1.0:7-1.0:8-1.0:9-1.0:10-1.0:35347-5:35348-0:35349-8000.0:35350-2000.0:35351-300000.0:35352-2500.0,10.83
0-1.0:2-1.0:3-1.0:4-1.0:5-1.0:6-1.0:7-1.0:8-1.0:9-1.0:10-1.0:8819-1.0:35347-5:35348-0:35349-8000.0:35350-2000.0:35351-300000.0:35352-5000.0,11.13
0-1.0:2-1.0:3-1.0:4-1.0:5-1.0:6-1.0:7-1.0:8-1.0:9-1.0:10-1.0:8819-1.0:35347-5:35348-0:35349-8000.0:35350-2000.0:35351-500000.0:35352-250.0,16.51
0-1.0:2-1.0:3-1.0:4-1.0:5-1.0:6-1.0:7-1.0:8-1.0:9-1.0:10-1.0:8819-1.0:35347-5:35348-0:35349-8000.0:35350-2000.0:35351-500000.0:35352-500.0,17.03
0-1.0:2-1.0:3-1.0:4-1.0:5-1.0:6-1.0:7-1.0:8-1.0:9-1.0:10-1.0:8819-1.0:35347-5:35348-0:35349-8000.0:35350-2000.0:35351-500000.0:35352-750.0,25.51
0-1.0:2-1.0:3-1.0:4-1.0:5-1.0:6-1.0:7-1.0:8-1.0:9-1.0:10-1.0:8819-1.0:35347-5:35348-0:35349-8000.0:35350-2000.0:35351-500000.0:35352-1000.0,14.13
0-1.0:2-1.0:3-1.0:4-1.0:5-1.0:6-1.0:7-1.0:8-1.0:9-1.0:10-1.0:8819-1.0:35347-5:35348-0:35349-8000.0:35350-2000.0:35351-500000.0:35352-2500.0,12.25
0-1.0:2-1.0:3-1.0:4-1.0:5-1.0:6-1.0:7-1.0:8-1.0:9-1.0:10-1.0:8819-1.0:35347-5:35348-0:35349-8000.0:35350-2000.0:35351-500000.0:35352-5000.0,10.88
0-1.0:2-1.0:3-1.0:4-1.0:5-1.0:6-1.0:7-1.0:8-1.0:9-1.0:10-1.0:8819-1.0:35347-5:35348-0:35349-12000.0:35350-1000.0:35351-100000.0:35352-100.0,15.63
0-1.0:2-1.0:3-1.0:4-1.0:5-1.0:6-1.0:7-1.0:8-1.0:9-1.0:10-1.0:8819-1.0:35347-5:35348-0:35349-12000.0:35350-1000.0:35351-100000.0:35352-150.0,19.2
0-1.0:2-1.0:3-1.0:4-1.0:5-1.0:6-1.0:7-1.0:8-1.0:9-1.0:10-1.0:8819-1.0:35347-5:35348-0:35349-12000.0:35350-1000.0:35351-100000.0:35352-250.0,12.51
0-1.0:1-1.0:2-1.0:3-1.0:4-1.0:5-1.0:6-1.0:7-1.0:8-1.0:9-1.0:10-1.0:35347-5:35348-0:35349-12000.0:35350-1000.0:35351-100000.0:35352-500.0,23.01
0-1.0:2-1.0:3-1.0:4-1.0:5-1.0:6-1.0:7-1.0:8-1.0:9-1.0:10-1.0:8819-1.0:35347-5:35348-0:35349-12000.0:35350-1000.0:35351-100000.0:35352-750.0,10.83
0-1.0:2-1.0:3-1.0:4-1.0:5-1.0:6-1.0:7-1.0:8-1.0:9-1.0:10-1.0:8819-1.0:35347-5:35348-0:35349-12000.0:35350-1000.0:35351-100000.0:35352-1500.0,10.83
0-1.0:1-1.0:2-1.0:3-1.0:4-1.0:5-1.0:6-1.0:7-1.0:8-1.0:9-1.0:10-1.0:35347-5:35348-0:35349-12000.0:35350-1000.0:35351-100000.0:35352-2500.0,10.83
0-1.0:2-1.0:3-1.0:4-1.0:5-1.0:6-1.0:7-1.0:8-1.0:9-1.0:10-1.0:8819-1.0:35347-5:35348-0:35349-12000.0:35350-1000.0:35351-100000.0:35352-5000.0,10.83
0-1.0:2-1.0:3-1.0:4-1.0:5-1.0:6-1.0:7-1.0:8-1.0:9-1.0:10-1.0:8819-1.0:35347-5:35348-0:35349-12000.0:35350-1000.0:35351-300000.0:35352-100.0,17.72
0-1.0:1-1.0:2-1.0:3-1.0:4-1.0:5-1.0:6-1.0:7-1.0:8-1.0:9-1.0:10-1.0:35347-5:35348-0:35349-12000.0:35350-1000.0:35351-300000.0:35352-150.0,17.09
0-1.0:2-1.0:3-1.0:4-1.0:5-1.0:6-1.0:7-1.0:8-1.0:9-1.0:10-1.0:8819-1.0:35347-5:35348-0:35349-12000.0:35350-1000.0:35351-300000.0:35352-250.0,14.59
0-1.0:2-1.0:3-1.0:4-1.0:5-1.0:6-1.0:7-1.0:8-1.0:9-1.0:10-1.0:8819-1.0:35347-5:35348-0:35349-12000.0:35350-1000.0:35351-300000.0:35352-500.0,16.81
0-1.0:2-1.0:3-1.0:4-1.0:5-1.0:6-1.0:7-1.0:8-1.0:9-1.0:10-1.0:8819-1.0:35347-5:35348-0:35349-12000.0:35350-1000.0:35351-300000.0:35352-750.0,12.84
0-1.0:1-1.0:2-1.0:3-1.0:4-1.0:5-1.0:6-1.0:7-1.0:8-1.0:9-1.0:10-1.0:35347-5:35348-0:35349-12000.0:35350-1000.0:35351-300000.0:35352-1000.0,12.21
0-1.0:2-1.0:3-1.0:4-1.0:5-1.0:6-1.0:7-1.0:8-1.0:9-1.0:10-1.0:8819-1.0:35347-5:35348-0:35349-12000.0:35350-1000.0:35351-300000.0:35352-1500.0,11.46
0-1.0:2-1.0:3-1.0:4-1.0:5-1.0:6-1.0:7-1.0:8-1.0:9-1.0:10-1.0:8819-1.0:35347-5:35348-0:35349-12000.0:35350-1000.0:35351-300000.0:35352-2500.0,12.65
0-1.0:1-1.0:2-1.0:3-1.0:4-1.0:5-1.0:6-1.0:7-1.0:8-1.0:9-1.0:10-1.0:35347-5:35348-0:35349-12000.0:35350-1000.0:35351-300000.0:35352-5000.0,10.83
0-1.0:2-1.0:3-1.0:4-1.0:5-1.0:6-1.0:7-1.0:8-1.0:9-1.0:10-1.0:8819-1.0:35347-5:35348-0:35349-12000.0:35350-1000.0:35351-500000.0:35352-150.0,20.75
0-1.0:2-1.0:3-1.0:4-1.0:5-1.0:6-1.0:7-1.0:8-1.0:9-1.0:10-1.0:8819-1.0:35347-5:35348-0:35349-12000.0:35350-1000.0:35351-500000.0:35352-250.0,19.75
0-1.0:2-1.0:3-1.0:4-1.0:5-1.0:6-1.0:7-1.0:8-1.0:9-1.0:10-1.0:8819-1.0:35347-5:35348-0:35349-12000.0:35350-1000.0:35351-500000.0:35352-500.0,15.26
0-1.0:2-1.0:3-1.0:4-1.0:5-1.0:6-1.0:7-1.0:8-1.0:9-1.0:10-1.0:8819-1.0:35347-5:35348-0:35349-12000.0:35350-1000.0:35351-500000.0:35352-1000.0,13.88
0-1.0:1-1.0:2-1.0:3-1.0:4-1.0:5-1.0:6-1.0:7-1.0:8-1.0:9-1.0:10-1.0:35347-5:35348-0:35349-12000.0:35350-1000.0:35351-500000.0:35352-1500.0,13.13
0-1.0:2-1.0:3-1.0:4-1.0:5-1.0:6-1.0:7-1.0:8-1.0:9-1.0:10-1.0:8819-1.0:35347-5:35348-0:35349-12000.0:35350-1000.0:35351-500000.0:35352-2500.0,12.0
0-1.0:1-1.0:2-1.0:3-1.0:4-1.0:5-1.0:6-1.0:7-1.0:8-1.0:9-1.0:10-1.0:35347-5:35348-0:35349-12000.0:35350-1000.0:35351-500000.0:35352-5000.0,10.83
0-1.0:2-1.0:3-1.0:4-1.0:5-1.0:6-1.0:7-1.0:8-1.0:9-1.0:10-1.0:8819-1.0:35347-5:35348-0:35349-12000.0:35350-2000.0:35351-100000.0:35352-150.0,19.45
0-1.0:2-1.0:3-1.0:4-1.0:5-1.0:6-1.0:7-1.0:8-1.0:9-1.0:10-1.0:8819-1.0:35347-5:35348-0:35349-12000.0:35350-2000.0:35351-100000.0:35352-250.0,12.76
0-1.0:2-1.0:3-1.0:4-1.0:5-1.0:6-1.0:7-1.0:8-1.0:9-1.0:10-1.0:8819-1.0:35347-5:35348-0:35349-12000.0:35350-2000.0:35351-100000.0:35352-750.0,11.01
0-1.0:2-1.0:3-1.0:4-1.0:5-1.0:6-1.0:7-1.0:8-1.0:9-1.0:10-1.0:8819-1.0:35347-5:35348-0:35349-12000.0:35350-2000.0:35351-100000.0:35352-1000.0,10.83
0-1.0:2-1.0:3-1.0:4-1.0:5-1.0:6-1.0:7-1.0:8-1.0:9-1.0:10-1.0:8819-1.0:35347-5:35348-0:35349-12000.0:35350-2000.0:35351-100000.0:35352-1500.0,10.83
0-1.0:1-1.0:2-1.0:3-1.0:4-1.0:5-1.0:6-1.0:7-1.0:8-1.0:9-1.0:10-1.0:35347-5:35348-0:35349-12000.0:35350-2000.0:35351-100000.0:35352-2500.0,10.83
0-1.0:1-1.0:2-1.0:3-1.0:4-1.0:5-1.0:6-1.0:7-1.0:8-1.0:9-1.0:10-1.0:35347-5:35348-0:35349-12000.0:35350-2000.0:35351-300000.0:35352-250.0,14.84
0-1.0:1-1.0:2-1.0:3-1.0:4-1.0:5-1.0:6-1.0:7-1.0:8-1.0:9-1.0:10-1.0:35347-5:35348-0:35349-12000.0:35350-2000.0:35351-300000.0:35352-500.0,13.84
0-1.0:1-1.0:2-1.0:3-1.0:4-1.0:5-1.0:6-1.0:7-1.0:8-1.0:9-1.0:10-1.0:35347-5:35348-0:35349-12000.0:35350-2000.0:35351-300000.0:35352-750.0,13.09
0-1.0:2-1.0:3-1.0:4-1.0:5-1.0:6-1.0:7-1.0:8-1.0:9-1.0:10-1.0:8819-1.0:35347-5:35348-0:35349-12000.0:35350-2000.0:35351-300000.0:35352-1000.0,12.46
0-1.0:1-1.0:2-1.0:3-1.0:4-1.0:5-1.0:6-1.0:7-1.0:8-1.0:9-1.0:10-1.0:35347-5:35348-0:35349-12000.0:35350-2000.0:35351-300000.0:35352-1500.0,12.96
0-1.0:1-1.0:2-1.0:3-1.0:4-1.0:5-1.0:6-1.0:7-1.0:8-1.0:9-1.0:10-1.0:35347-5:35348-0:35349-12000.0:35350-2000.0:35351-300000.0:35352-2500.0,10.83
0-1.0:2-1.0:3-1.0:4-1.0:5-1.0:6-1.0:7-1.0:8-1.0:9-1.0:10-1.0:8819-1.0:35347-5:35348-0:35349-12000.0:35350-2000.0:35351-500000.0:35352-150.0,19.01
0-1.0:2-1.0:3-1.0:4-1.0:5-1.0:6-1.0:7-1.0:8-1.0:9-1.0:10-1.0:8819-1.0:35347-5:35348-0:35349-12000.0:35350-2000.0:35351-500000.0:35352-250.0,16.51
0-1.0:1-1.0:2-1.0:3-1.0:4-1.0:5-1.0:6-1.0:7-1.0:8-1.0:9-1.0:10-1.0:35347-5:35348-0:35349-12000.0:35350-2000.0:35351-500000.0:35352-500.0,15.51
0-1.0:1-1.0:2-1.0:3-1.0:4-1.0:5-1.0:6-1.0:7-1.0:8-1.0:9-1.0:10-1.0:35347-5:35348-0:35349-12000.0:35350-2000.0:35351-500000.0:35352-750.0,17.76
0-1.0:1-1.0:2-1.0:3-1.0:4-1.0:5-1.0:6-1.0:7-1.0:8-1.0:9-1.0:10-1.0:35347-5:35348-0:35349-12000.0:35350-2000.0:35351-500000.0:35352-1000.0,14.13
0-1.0:2-1.0:3-1.0:4-1.0:5-1.0:6-1.0:7-1.0:8-1.0:9-1.0:10-1.0:8819-1.0:35347-5:35348-0:35349-12000.0:35350-2000.0:35351-500000.0:35352-1500.0,13.38
0-1.0:2-1.0:3-1.0:4-1.0:5-1.0:6-1.0:7-1.0:8-1.0:9-1.0:10-1.0:8819-1.0:35347-5:35348-0:35349-12000.0:35350-2000.0:35351-500000.0:35352-2500.0,12.25
0-1.0:1-1.0:2-1.0:3-1.0:4-1.0:5-1.0:6-1.0:7-1.0:8-1.0:9-1.0:10-1.0:35347-5:35348-0:35349-12000.0:35350-2000.0:35351-500000.0:35352-5000.0,10.88
0-1.0:2-1.0:3-1.0:4-1.0:5-1.0:6-1.0:7-1.0:8-1.0:9-1.0:10-1.0:8819-1.0:35347-5:35348-0:35349-16000.0:35350-1000.0:35351-100000.0:35352-100.0,15.86
0-1.0:1-1.0:2-1.0:3-1.0:4-1.0:5-1.0:6-1.0:7-1.0:8-1.0:9-1.0:10-1.0:35347-5:35348-0:35349-16000.0:35350-1000.0:35351-100000.0:35352-150.0,15.23
0-1.0:2-1.0:3-1.0:4-1.0:5-1.0:6-1.0:7-1.0:8-1.0:9-1.0:10-1.0:8819-1.0:35347-5:35348-0:35349-16000.0:35350-1000.0:35351-100000.0:35352-250.0,16.25
0-1.0:2-1.0:3-1.0:4-1.0:5-1.0:6-1.0:7-1.0:8-1.0:9-1.0:10-1.0:8819-1.0:35347-5:35348-0:35349-16000.0:35350-1000.0:35351-100000.0:35352-500.0,11.68
0-1.0:2-1.0:3-1.0:4-1.0:5-1.0:6-1.0:7-1.0:8-1.0:9-1.0:10-1.0:8819-1.0:35347-5:35348-0:35349-16000.0:35350-1000.0:35351-100000.0:35352-750.0,21.83
0-1.0:2-1.0:3-1.0:4-1.0:5-1.0:6-1.0:7-1.0:8-1.0:9-1.0:10-1.0:8819-1.0:35347-5:35348-0:35349-16000.0:35350-1000.0:35351-300000.0:35352-250.0,14.77
0-1.0:1-1.0:2-1.0:3-1.0:4-1.0:5-1.0:6-1.0:7-1.0:8-1.0:9-1.0:10-1.0:35347-5:35348-0:35349-16000.0:35350-1000.0:35351-300000.0:35352-500.0,15.28
0-1.0:2-1.0:3-1.0:4-1.0:5-1.0:6-1.0:7-1.0:8-1.0:9-1.0:10-1.0:8819-1.0:35347-5:35348-0:35349-16000.0:35350-1000.0:35351-300000.0:35352-750.0,14.42
0-1.0:1-1.0:2-1.0:3-1.0:4-1.0:5-1.0:6-1.0:7-1.0:8-1.0:9-1.0:10-1.0:35347-5:35348-0:35349-16000.0:35350-1000.0:35351-300000.0:35352-1000.0,13.71
0-1.0:1-1.0:2-1.0:3-1.0:4-1.0:5-1.0:6-1.0:7-1.0:8-1.0:9-1.0:10-1.0:35347-5:35348-0:35349-16000.0:35350-1000.0:35351-300000.0:35352-1500.0,11.6
0-1.0:2-1.0:3-1.0:4-1.0:5-1.0:6-1.0:7-1.0:8-1.0:9-1.0:10-1.0:8819-1.0:35347-5:35348-0:35349-16000.0:35350-1000.0:35351-300000.0:35352-5000.0,16.04
0-1.0:1-1.0:2-1.0:3-1.0:4-1.0:5-1.0:6-1.0:7-1.0:8-1.0:9-1.0:10-1.0:35347-5:35348-0:35349-16000.0:35350-1000.0:35351-500000.0:35352-150.0,18.98
0-1.0:1-1.0:2-1.0:3-1.0:4-1.0:5-1.0:6-1.0:7-1.0:8-1.0:9-1.0:10-1.0:35347-5:35348-0:35349-16000.0:35350-1000.0:35351-500000.0:35352-750.0,16.09
0-1.0:2-1.0:3-1.0:4-1.0:5-1.0:6-1.0:7-1.0:8-1.0:9-1.0:10-1.0:8819-1.0:35347-5:35348-0:35349-16000.0:35350-1000.0:35351-500000.0:35352-1000.0,14.03
0-1.0:2-1.0:3-1.0:4-1.0:5-1.0:6-1.0:7-1.0:8-1.0:9-1.0:10-1.0:8819-1.0:35347-5:35348-0:35349-16000.0:35350-1000.0:35351-500000.0:35352-1500.0,13.27
0-1.0:2-1.0:3-1.0:4-1.0:5-1.0:6-1.0:7-1.0:8-1.0:9-1.0:10-1.0:8819-1.0:35347-5:35348-0:35349-16000.0:35350-1000.0:35351-500000.0:35352-2500.0,12.13
0-1.0:2-1.0:3-1.0:4-1.0:5-1.0:6-1.0:7-1.0:8-1.0:9-1.0:10-1.0:8819-1.0:35347-5:35348-0:35349-16000.0:35350-1000.0:35351-500000.0:35352-5000.0,10.83
0-1.0:1-1.0:2-1.0:3-1.0:4-1.0:5-1.0:6-1.0:7-1.0:8-1.0:9-1.0:10-1.0:35347-5:35348-0:35349-16000.0:35350-2000.0:35351-100000.0:35352-100.0,16.11
0-1.0:2-1.0:3-1.0:4-1.0:5-1.0:6-1.0:7-1.0:8-1.0:9-1.0:10-1.0:8819-1.0:35347-5:35348-0:35349-16000.0:35350-2000.0:35351-100000.0:35352-250.0,25.63
0-1.0:2-1.0:3-1.0:4-1.0:5-1.0:6-1.0:7-1.0:8-1.0:9-1.0:10-1.0:8819-1.0:35347-5:35348-0:35349-16000.0:35350-2000.0:35351-100000.0:35352-1500.0,10.83
0-1.0:2-1.0:3-1.0:4-1.0:5-1.0:6-1.0:7-1.0:8-1.0:9-1.0:10-1.0:8819-1.0:35347-5:35348-0:35349-16000.0:35350-2000.0:35351-100000.0:35352-2500.0,10.83
0-1.0:2-1.0:3-1.0:4-1.0:5-1.0:6-1.0:7-1.0:8-1.0:9-1.0:10-1.0:8819-1.0:35347-5:35348-0:35349-16000.0:35350-2000.0:35351-100000.0:35352-5000.0,10.83
0-1.0:2-1.0:3-1.0:4-1.0:5-1.0:6-1.0:7-1.0:8-1.0:9-1.0:10-1.0:8819-1.0:35347-5:35348-0:35349-16000.0:35350-2000.0:35351-300000.0:35352-100.0,18.2
0-1.0:1-1.0:2-1.0:3-1.0:4-1.0:5-1.0:6-1.0:7-1.0:8-1.0:9-1.0:10-1.0:35347-5:35348-0:35349-16000.0:35350-2000.0:35351-300000.0:35352-150.0,32.79
0-1.0:2-1.0:3-1.0:4-1.0:5-1.0:6-1.0:7-1.0:8-1.0:9-1.0:10-1.0:8819-1.0:35347-5:35348-0:35349-16000.0:35350-2000.0:35351-300000.0:35352-250.0,15.02
0-1.0:2-1.0:3-1.0:4-1.0:5-1.0:6-1.0:7-1.0:8-1.0:9-1.0:10-1.0:8819-1.0:35347-5:35348-0:35349-16000.0:35350-2000.0:35351-300000.0:35352-500.0,14.01
0-1.0:1-1.0:2-1.0:3-1.0:4-1.0:5-1.0:6-1.0:7-1.0:8-1.0:9-1.0:10-1.0:35347-5:35348-0:35349-16000.0:35350-2000.0:35351-300000.0:35352-750.0,16.31
0-1.0:1-1.0:2-1.0:3-1.0:4-1.0:5-1.0:6-1.0:7-1.0:8-1.0:9-1.0:10-1.0:35347-5:35348-0:35349-16000.0:35350-2000.0:35351-300000.0:35352-1000.0,12.61
0-1.0:1-1.0:2-1.0:3-1.0:4-1.0:5-1.0:6-1.0:7-1.0:8-1.0:9-1.0:10-1.0:35347-5:35348-0:35349-16000.0:35350-2000.0:35351-300000.0:35352-2500.0,13.06
0-1.0:2-1.0:3-1.0:4-1.0:5-1.0:6-1.0:7-1.0:8-1.0:9-1.0:10-1.0:8819-1.0:35347-5:35348-0:35349-16000.0:35350-2000.0:35351-500000.0:35352-100.0,24.31
0-1.0:2-1.0:3-1.0:4-1.0:5-1.0:6-1.0:7-1.0:8-1.0:9-1.0:10-1.0:8819-1.0:35347-5:35348-0:35349-16000.0:35350-2000.0:35351-500000.0:35352-150.0,19.23
0-1.0:1-1.0:2-1.0:3-1.0:4-1.0:5-1.0:6-1.0:7-1.0:8-1.0:9-1.0:10-1.0:35347-5:35348-0:35349-16000.0:35350-2000.0:35351-500000.0:35352-250.0,16.69
0-1.0:2-1.0:3-1.0:4-1.0:5-1.0:6-1.0:7-1.0:8-1.0:9-1.0:10-1.0:8819-1.0:35347-5:35348-0:35349-16000.0:35350-2000.0:35351-500000.0:35352-500.0,18.95
0-1.0:2-1.0:3-1.0:4-1.0:5-1.0:6-1.0:7-1.0:8-1.0:9-1.0:10-1.0:8819-1.0:35347-5:35348-0:35349-16000.0:35350-2000.0:35351-500000.0:35352-1000.0,14.28
0-1.0:2-1.0:3-1.0:4-1.0:5-1.0:6-1.0:7-1.0:8-1.0:9-1.0:10-1.0:8819-1.0:35347-5:35348-0:35349-16000.0:35350-2000.0:35351-500000.0:35352-2500.0,14.72
0-1.0:1-1.0:2-1.0:3-1.0:4-1.0:5-1.0:6-1.0:7-1.0:8-1.0:9-1.0:10-1.0:35347-5:35348-0:35349-16000.0:35350-2000.0:35351-500000.0:35352-5000.0,10.98
0-1.0:2-1.0:3-1.0:4-1.0:5-1.0:6-1.0:7-1.0:8-1.0:9-1.0:10-1.0:8819-1.0:35347-5:35348-0:35349-20000.0:35350-1000.0:35351-100000.0:35352-100.0,21.54
0-1.0:1-1.0:2-1.0:3-1.0:4-1.0:5-1.0:6-1.0:7-1.0:8-1.0:9-1.0:10-1.0:35347-5:35348-0:35349-20000.0:35350-1000.0:35351-100000.0:35352-150.0,16.19
0-1.0:2-1.0:3-1.0:4-1.0:5-1.0:6-1.0:7-1.0:8-1.0:9-1.0:10-1.0:8819-1.0:35347-5:35348-0:35349-20000.0:35350-1000.0:35351-100000.0:35352-250.0,13.49
0-1.0:2-1.0:3-1.0:4-1.0:5-1.0:6-1.0:7-1.0:8-1.0:9-1.0:10-1.0:8819-1.0:35347-5:35348-0:35349-20000.0:35350-1000.0:35351-100000.0:35352-500.0,15.85
0-1.0:2-1.0:3-1.0:4-1.0:5-1.0:6-1.0:7-1.0:8-1.0:9-1.0:10-1.0:8819-1.0:35347-5:35348-0:35349-20000.0:35350-1000.0:35351-100000.0:35352-750.0,11.6
0-1.0:2-1.0:3-1.0:4-1.0:5-1.0:6-1.0:7-1.0:8-1.0:9-1.0:10-1.0:8819-1.0:35347-5:35348-0:35349-20000.0:35350-1000.0:35351-100000.0:35352-1500.0,10.83
0-1.0:2-1.0:3-1.0:4-1.0:5-1.0:6-1.0:7-1.0:8-1.0:9-1.0:10-1.0:8819-1.0:35347-5:35348-0:35349-20000.0:35350-1000.0:35351-100000.0:35352-2500.0,10.83
0-1.0:2-1.0:3-1.0:4-1.0:5-1.0:6-1.0:7-1.0:8-1.0:9-1.0:10-1.0:8819-1.0:35347-5:35348-0:35349-20000.0:35350-1000.0:35351-100000.0:35352-5000.0,10.83
0-1.0:2-1.0:3-1.0:4-1.0:5-1.0:6-1.0:7-1.0:8-1.0:9-1.0:10-1.0:8819-1.0:35347-5:35348-0:35349-20000.0:35350-1000.0:35351-300000.0:35352-150.0,22.76
0-1.0:2-1.0:3-1.0:4-1.0:5-1.0:6-1.0:7-1.0:8-1.0:9-1.0:10-1.0:8819-1.0:35347-5:35348-0:35349-20000.0:35350-1000.0:35351-300000.0:35352-250.0,15.57
0-1.0:2-1.0:3-1.0:4-1.0:5-1.0:6-1.0:7-1.0:8-1.0:9-1.0:10-1.0:8819-1.0:35347-5:35348-0:35349-20000.0:35350-1000.0:35351-300000.0:35352-500.0,26.96
0-1.0:2-1.0:3-1.0:4-1.0:5-1.0:6-1.0:7-1.0:8-1.0:9-1.0:10-1.0:8819-1.0:35347-5:35348-0:35349-20000.0:35350-1000.0:35351-300000.0:35352-750.0,13.68
0-1.0:2-1.0:3-1.0:4-1.0:5-1.0:6-1.0:7-1.0:8-1.0:9-1.0:10-1.0:8819-1.0:35347-5:35348-0:35349-20000.0:35350-1000.0:35351-300000.0:35352-1000.0,13.01
0-1.0:1-1.0:2-1.0:3-1.0:4-1.0:5-1.0:6-1.0:7-1.0:8-1.0:9-1.0:10-1.0:35347-5:35348-0:35349-20000.0:35350-1000.0:35351-300000.0:35352-1500.0,12.2
0-1.0:2-1.0:3-1.0:4-1.0:5-1.0:6-1.0:7-1.0:8-1.0:9-1.0:10-1.0:8819-1.0:35347-5:35348-0:35349-20000.0:35350-1000.0:35351-500000.0:35352-100.0,25.29
0-1.0:1-1.0:2-1.0:3-1.0:4-1.0:5-1.0:6-1.0:7-1.0:8-1.0:9-1.0:10-1.0:35347-5:35348-0:35349-20000.0:35350-1000.0:35351-500000.0:35352-150.0,19.94
0-1.0:2-1.0:3-1.0:4-1.0:5-1.0:6-1.0:7-1.0:8-1.0:9-1.0:10-1.0:8819-1.0:35347-5:35348-0:35349-20000.0:35350-1000.0:35351-500000.0:35352-500.0,16.16
0-1.0:2-1.0:3-1.0:4-1.0:5-1.0:6-1.0:7-1.0:8-1.0:9-1.0:10-1.0:8819-1.0:35347-5:35348-0:35349-20000.0:35350-1000.0:35351-500000.0:35352-750.0,15.35
0-1.0:1-1.0:2-1.0:3-1.0:4-1.0:5-1.0:6-1.0:7-1.0:8-1.0:9-1.0:10-1.0:35347-5:35348-0:35349-20000.0:35350-1000.0:35351-500000.0:35352-1500.0,15.24
0-1.0:1-1.0:2-1.0:3-1.0:4-1.0:5-1.0:6-1.0:7-1.0:8-1.0:9-1.0:10-1.0:35347-5:35348-0:35349-20000.0:35350-1000.0:35351-500000.0:35352-2500.0,12.65
0-1.0:2-1.0:3-1.0:4-1.0:5-1.0:6-1.0:7-1.0:8-1.0:9-1.0:10-1.0:8819-1.0:35347-5:35348-0:35349-20000.0:35350-1000.0:35351-500000.0:35352-5000.0,13.23
0-1.0:2-1.0:3-1.0:4-1.0:5-1.0:6-1.0:7-1.0:8-1.0:9-1.0:10-1.0:8819-1.0:35347-5:35348-0:35349-20000.0:35350-2000.0:35351-100000.0:35352-100.0,17.11
0-1.0:1-1.0:2-1.0:3-1.0:4-1.0:5-1.0:6-1.0:7-1.0:8-1.0:9-1.0:10-1.0:35347-5:35348-0:35349-20000.0:35350-2000.0:35351-100000.0:35352-500.0,12.66
0-1.0:1-1.0:2-1.0:3-1.0:4-1.0:5-1.0:6-1.0:7-1.0:8-1.0:9-1.0:10-1.0:35347-5:35348-0:35349-20000.0:35350-2000.0:35351-100000.0:35352-750.0,11.85
0-1.0:1-1.0:2-1.0:3-1.0:4-1.0:5-1.0:6-1.0:7-1.0:8-1.0:9-1.0:10-1.0:35347-5:35348-0:35349-20000.0:35350-2000.0:35351-100000.0:35352-1000.0,11.18
0-1.0:1-1.0:2-1.0:3-1.0:4-1.0:5-1.0:6-1.0:7-1.0:8-1.0:9-1.0:10-1.0:35347-5:35348-0:35349-20000.0:35350-2000.0:35351-100000.0:35352-1500.0,10.83
0-1.0:2-1.0:3-1.0:4-1.0:5-1.0:6-1.0:7-1.0:8-1.0:9-1.0:10-1.0:8819-1.0:35347-5:35348-0:35349-20000.0:35350-2000.0:35351-100000.0:35352-2500.0,11.62
0-1.0:1-1.0:2-1.0:3-1.0:4-1.0:5-1.0:6-1.0:7-1.0:8-1.0:9-1.0:10-1.0:35347-5:35348-0:35349-20000.0:35350-2000.0:35351-100000.0:35352-5000.0,10.83
0-1.0:1-1.0:2-1.0:3-1.0:4-1.0:5-1.0:6-1.0:7-1.0:8-1.0:9-1.0:10-1.0:35347-5:35348-0:35349-20000.0:35350-2000.0:35351-300000.0:35352-100.0,19.19
0-1.0:1-1.0:2-1.0:3-1.0:4-1.0:5-1.0:6-1.0:7-1.0:8-1.0:9-1.0:10-1.0:35347-5:35348-0:35349-20000.0:35350-2000.0:35351-300000.0:35352-150.0,18.52
0-1.0:2-1.0:3-1.0:4-1.0:5-1.0:6-1.0:7-1.0:8-1.0:9-1.0:10-1.0:8819-1.0:35347-5:35348-0:35349-20000.0:35350-2000.0:35351-300000.0:35352-250.0,15.82
0-1.0:2-1.0:3-1.0:4-1.0:5-1.0:6-1.0:7-1.0:8-1.0:9-1.0:10-1.0:8819-1.0:35347-5:35348-0:35349-20000.0:35350-2000.0:35351-300000.0:35352-500.0,14.74
0-1.0:1-1.0:2-1.0:3-1.0:4-1.0:5-1.0:6-1.0:7-1.0:8-1.0:9-1.0:10-1.0:35347-5:35348-0:35349-20000.0:35350-2000.0:35351-300000.0:35352-750.0,15.51
0-1.0:1-1.0:2-1.0:3-1.0:4-1.0:5-1.0:6-1.0:7-1.0:8-1.0:9-1.0:10-1.0:35347-5:35348-0:35349-20000.0:35350-2000.0:35351-300000.0:35352-1000.0,16.29
0-1.0:1-1.0:2-1.0:3-1.0:4-1.0:5-1.0:6-1.0:7-1.0:8-1.0:9-1.0:10-1.0:35347-5:35348-0:35349-20000.0:35350-2000.0:35351-300000.0:35352-5000.0,10.83
0-1.0:1-1.0:2-1.0:3-1.0:4-1.0:5-1.0:6-1.0:7-1.0:8-1.0:9-1.0:10-1.0:35347-5:35348-0:35349-20000.0:35350-2000.0:35351-500000.0:35352-100.0,37.8
0-1.0:2-1.0:3-1.0:4-1.0:5-1.0:6-1.0:7-1.0:8-1.0:9-1.0:10-1.0:8819-1.0:35347-5:35348-0:35349-20000.0:35350-2000.0:35351-500000.0:35352-250.0,17.49
0-1.0:2-1.0:3-1.0:4-1.0:5-1.0:6-1.0:7-1.0:8-1.0:9-1.0:10-1.0:8819-1.0:35347-5:35348-0:35349-20000.0:35350-2000.0:35351-500000.0:35352-500.0,28.88
0-1.0:2-1.0:3-1.0:4-1.0:5-1.0:6-1.0:7-1.0:8-1.0:9-1.0:10-1.0:8819-1.0:35347-5:35348-0:35349-20000.0:35350-2000.0:35351-500000.0:35352-1000.0,14.93
0-1.0:1-1.0:2-1.0:3-1.0:4-1.0:5-1.0:6-1.0:7-1.0:8-1.0:9-1.0:10-1.0:35347-5:35348-0:35349-20000.0:35350-2000.0:35351-500000.0:35352-1500.0,14.12
0-1.0:2-1.0:3-1.0:4-1.0:5-1.0:6-1.0:7-1.0:8-1.0:9-1.0:10-1.0:8819-1.0:35347-5:35348-0:35349-24000.0:35350-1000.0:35351-100000.0:35352-100.0,17.86
0-1.0:2-1.0:3-1.0:4-1.0:5-1.0:6-1.0:7-1.0:8-1.0:9-1.0:10-1.0:8819-1.0:35347-5:35348-0:35349-24000.0:35350-1000.0:35351-100000.0:35352-250.0,18.21
0-1.0:2-1.0:3-1.0:4-1.0:5-1.0:6-1.0:7-1.0:8-1.0:9-1.0:10-1.0:8819-1.0:35347-5:35348-0:35349-24000.0:35350-1000.0:35351-100000.0:35352-500.0,16.75
0-1.0:2-1.0:3-1.0:4-1.0:5-1.0:6-1.0:7-1.0:8-1.0:9-1.0:10-1.0:8819-1.0:35347-5:35348-0:35349-24000.0:35350-1000.0:35351-100000.0:35352-750.0,13.92
0-1.0:1-1.0:2-1.0:3-1.0:4-1.0:5-1.0:6-1.0:7-1.0:8-1.0:9-1.0:10-1.0:35347-5:35348-0:35349-24000.0:35350-1000.0:35351-100000.0:35352-1500.0,10.83
0-1.0:2-1.0:3-1.0:4-1.0:5-1.0:6-1.0:7-1.0:8-1.0:9-1.0:10-1.0:8819-1.0:35347-5:35348-0:35349-24000.0:35350-1000.0:35351-100000.0:35352-2500.0,10.83
0-1.0:1-1.0:2-1.0:3-1.0:4-1.0:5-1.0:6-1.0:7-1.0:8-1.0:9-1.0:10-1.0:35347-5:35348-0:35349-24000.0:35350-1000.0:35351-300000.0:35352-100.0,19.94
0-1.0:2-1.0:3-1.0:4-1.0:5-1.0:6-1.0:7-1.0:8-1.0:9-1.0:10-1.0:8819-1.0:35347-5:35348-0:35349-24000.0:35350-1000.0:35351-300000.0:35352-500.0,18.84
0-1.0:2-1.0:3-1.0:4-1.0:5-1.0:6-1.0:7-1.0:8-1.0:9-1.0:10-1.0:8819-1.0:35347-5:35348-0:35349-24000.0:35350-1000.0:35351-300000.0:35352-1000.0,13.65
0-1.0:2-1.0:3-1.0:4-1.0:5-1.0:6-1.0:7-1.0:8-1.0:9-1.0:10-1.0:8819-1.0:35347-5:35348-0:35349-24000.0:35350-1000.0:35351-300000.0:35352-2500.0,11.51
0-1.0:2-1.0:3-1.0:4-1.0:5-1.0:6-1.0:7-1.0:8-1.0:9-1.0:10-1.0:8819-1.0:35347-5:35348-0:35349-24000.0:35350-1000.0:35351-500000.0:35352-150.0,20.89
0-1.0:2-1.0:3-1.0:4-1.0:5-1.0:6-1.0:7-1.0:8-1.0:9-1.0:10-1.0:8819-1.0:35347-5:35348-0:35349-24000.0:35350-1000.0:35351-500000.0:35352-250.0,21.96
0-1.0:2-1.0:3-1.0:4-1.0:5-1.0:6-1.0:7-1.0:8-1.0:9-1.0:10-1.0:8819-1.0:35347-5:35348-0:35349-24000.0:35350-1000.0:35351-500000.0:35352-500.0,16.89
0-1.0:2-1.0:3-1.0:4-1.0:5-1.0:6-1.0:7-1.0:8-1.0:9-1.0:10-1.0:8819-1.0:35347-5:35348-0:35349-24000.0:35350-1000.0:35351-500000.0:35352-750.0,19.41
0-1.0:2-1.0:3-1.0:4-1.0:5-1.0:6-1.0:7-1.0:8-1.0:9-1.0:10-1.0:8819-1.0:35347-5:35348-0:35349-24000.0:35350-1000.0:35351-500000.0:35352-1000.0,15.32
0-1.0:2-1.0:3-1.0:4-1.0:5-1.0:6-1.0:7-1.0:8-1.0:9-1.0:10-1.0:8819-1.0:35347-5:35348-0:35349-24000.0:35350-1000.0:35351-500000.0:35352-1500.0,17.41
0-1.0:1-1.0:2-1.0:3-1.0:4-1.0:5-1.0:6-1.0:7-1.0:8-1.0:9-1.0:10-1.0:35347-5:35348-0:35349-24000.0:35350-1000.0:35351-500000.0:35352-2500.0,13.18
0-1.0:2-1.0:3-1.0:4-1.0:5-1.0:6-1.0:7-1.0:8-1.0:9-1.0:10-1.0:8819-1.0:35347-5:35348-0:35349-24000.0:35350-1000.0:35351-500000.0:35352-5000.0,19.46
0-1.0:2-1.0:3-1.0:4-1.0:5-1.0:6-1.0:7-1.0:8-1.0:9-1.0:10-1.0:8819-1.0:35347-5:35348-0:35349-24000.0:35350-2000.0:35351-100000.0:35352-100.0,18.11
0-1.0:2-1.0:3-1.0:4-1.0:5-1.0:6-1.0:7-1.0:8-1.0:9-1.0:10-1.0:8819-1.0:35347-5:35348-0:35349-24000.0:35350-2000.0:35351-100000.0:35352-150.0,17.39
0-1.0:2-1.0:3-1.0:4-1.0:5-1.0:6-1.0:7-1.0:8-1.0:9-1.0:10-1.0:8819-1.0:35347-5:35348-0:35349-24000.0:35350-2000.0:35351-100000.0:35352-250.0,28.82
0-1.0:1-1.0:2-1.0:3-1.0:4-1.0:5-1.0:6-1.0:7-1.0:8-1.0:9-1.0:10-1.0:35347-5:35348-0:35349-24000.0:35350-2000.0:35351-100000.0:35352-500.0,13.39
0-1.0:1-1.0:2-1.0:3-1.0:4-1.0:5-1.0:6-1.0:7-1.0:8-1.0:9-1.0:10-1.0:35347-5:35348-0:35349-24000.0:35350-2000.0:35351-100000.0:35352-750.0,12.53
0-1.0:2-1.0:3-1.0:4-1.0:5-1.0:6-1.0:7-1.0:8-1.0:9-1.0:10-1.0:8819-1.0:35347-5:35348-0:35349-24000.0:35350-2000.0:35351-100000.0:35352-1000.0,11.82
0-1.0:2-1.0:3-1.0:4-1.0:5-1.0:6-1.0:7-1.0:8-1.0:9-1.0:10-1.0:8819-1.0:35347-5:35348-0:35349-24000.0:35350-2000.0:35351-100000.0:35352-1500.0,10.96
0-1.0:1-1.0:2-1.0:3-1.0:4-1.0:5-1.0:6-1.0:7-1.0:8-1.0:9-1.0:10-1.0:35347-5:35348-0:35349-24000.0:35350-2000.0:35351-100000.0:35352-2500.0,10.93
0-1.0:2-1.0:3-1.0:4-1.0:5-1.0:6-1.0:7-1.0:8-1.0:9-1.0:10-1.0:8819-1.0:35347-5:35348-0:35349-24000.0:35350-2000.0:35351-100000.0:35352-5000.0,10.83
0-1.0:1-1.0:2-1.0:3-1.0:4-1.0:5-1.0:6-1.0:7-1.0:8-1.0:9-1.0:10-1.0:35347-5:35348-0:35349-24000.0:35350-2000.0:35351-300000.0:35352-150.0,24.18
0-1.0:1-1.0:2-1.0:3-1.0:4-1.0:5-1.0:6-1.0:7-1.0:8-1.0:9-1.0:10-1.0:35347-5:35348-0:35349-24000.0:35350-2000.0:35351-300000.0:35352-250.0,18.52
0-1.0:1-1.0:2-1.0:3-1.0:4-1.0:5-1.0:6-1.0:7-1.0:8-1.0:9-1.0:10-1.0:35347-5:35348-0:35349-24000.0:35350-2000.0:35351-300000.0:35352-750.0,14.62
0-1.0:2-1.0:3-1.0:4-1.0:5-1.0:6-1.0:7-1.0:8-1.0:9-1.0:10-1.0:8819-1.0:35347-5:35348-0:35349-24000.0:35350-2000.0:35351-300000.0:35352-1000.0,17.08
0-1.0:2-1.0:3-1.0:4-1.0:5-1.0:6-1.0:7-1.0:8-1.0:9-1.0:10-1.0:8819-1.0:35347-5:35348-0:35349-24000.0:35350-2000.0:35351-300000.0:35352-1500.0,15.99
0-1.0:2-1.0:3-1.0:4-1.0:5-1.0:6-1.0:7-1.0:8-1.0:9-1.0:10-1.0:8819-1.0:35347-5:35348-0:35349-24000.0:35350-2000.0:35351-300000.0:35352-2500.0,11.76
0-1.0:1-1.0:2-1.0:3-1.0:4-1.0:5-1.0:6-1.0:7-1.0:8-1.0:9-1.0:10-1.0:35347-5:35348-0:35349-24000.0:35350-2000.0:35351-300000.0:35352-5000.0,10.83
0-1.0:2-1.0:3-1.0:4-1.0:5-1.0:6-1.0:7-1.0:8-1.0:9-1.0:10-1.0:8819-1.0:35347-5:35348-0:35349-24000.0:35350-2000.0:35351-500000.0:35352-100.0,26.76
0-1.0:2-1.0:3-1.0:4-1.0:5-1.0:6-1.0:7-1.0:8-1.0:9-1.0:10-1.0:8819-1.0:35347-5:35348-0:35349-24000.0:35350-2000.0:35351-500000.0:35352-150.0,23.42
0-1.0:2-1.0:3-1.0:4-1.0:5-1.0:6-1.0:7-1.0:8-1.0:9-1.0:10-1.0:8819-1.0:35347-5:35348-0:35349-24000.0:35350-2000.0:35351-500000.0:35352-250.0,22.21
0-1.0:2-1.0:3-1.0:4-1.0:5-1.0:6-1.0:7-1.0:8-1.0:9-1.0:10-1.0:8819-1.0:35347-5:35348-0:35349-24000.0:35350-2000.0:35351-500000.0:35352-500.0,18.89
0-1.0:1-1.0:2-1.0:3-1.0:4-1.0:5-1.0:6-1.0:7-1.0:8-1.0:9-1.0:10-1.0:35347-5:35348-0:35349-24000.0:35350-2000.0:35351-500000.0:35352-750.0,19.66
0-1.0:1-1.0:2-1.0:3-1.0:4-1.0:5-1.0:6-1.0:7-1.0:8-1.0:9-1.0:10-1.0:35347-5:35348-0:35349-24000.0:35350-2000.0:35351-500000.0:35352-1000.0,15.57
0-1.0:1-1.0:2-1.0:3-1.0:4-1.0:5-1.0:6-1.0:7-1.0:8-1.0:9-1.0:10-1.0:35347-5:35348-0:35349-24000.0:35350-2000.0:35351-500000.0:35352-2500.0,14.68
0-1.0:1-1.0:2-1.0:3-1.0:4-1.0:5-1.0:6-1.0:7-1.0:8-1.0:9-1.0:10-1.0:35347-5:35348-0:35349-28000.0:35350-1000.0:35351-100000.0:35352-150.0,36.05
0-1.0:2-1.0:3-1.0:4-1.0:5-1.0:6-1.0:7-1.0:8-1.0:9-1.0:10-1.0:8819-1.0:35347-5:35348-0:35349-28000.0:35350-1000.0:35351-100000.0:35352-500.0,13.88
0-1.0:1-1.0:2-1.0:3-1.0:4-1.0:5-1.0:6-1.0:7-1.0:8-1.0:9-1.0:10-1.0:35347-5:35348-0:35349-28000.0:35350-1000.0:35351-100000.0:35352-1500.0,11.31
0-1.0:1-1.0:2-1.0:3-1.0:4-1.0:5-1.0:6-1.0:7-1.0:8-1.0:9-1.0:10-1.0:35347-5:35348-0:35349-28000.0:35350-1000.0:35351-100000.0:35352-2500.0,10.83
0-1.0:1-1.0:2-1.0:3-1.0:4-1.0:5-1.0:6-1.0:7-1.0:8-1.0:9-1.0:10-1.0:35347-5:35348-0:35349-28000.0:35350-1000.0:35351-300000.0:35352-150.0,20.18
0-1.0:1-1.0:2-1.0:3-1.0:4-1.0:5-1.0:6-1.0:7-1.0:8-1.0:9-1.0:10-1.0:35347-5:35348-0:35349-28000.0:35350-1000.0:35351-300000.0:35352-250.0,17.17
0-1.0:2-1.0:3-1.0:4-1.0:5-1.0:6-1.0:7-1.0:8-1.0:9-1.0:10-1.0:8819-1.0:35347-5:35348-0:35349-28000.0:35350-1000.0:35351-300000.0:35352-500.0,15.96
0-1.0:2-1.0:3-1.0:4-1.0:5-1.0:6-1.0:7-1.0:8-1.0:9-1.0:10-1.0:8819-1.0:35347-5:35348-0:35349-28000.0:35350-1000.0:35351-300000.0:35352-750.0,27.92
0-1.0:2-1.0:3-1.0:4-1.0:5-1.0:6-1.0:7-1.0:8-1.0:9-1.0:10-1.0:8819-1.0:35347-5:35348-0:35349-28000.0:35350-1000.0:35351-300000.0:35352-1000.0,14.3
0-1.0:1-1.0:2-1.0:3-1.0:4-1.0:5-1.0:6-1.0:7-1.0:8-1.0:9-1.0:10-1.0:35347-5:35348-0:35349-28000.0:35350-1000.0:35351-300000.0:35352-1500.0,16.52
0-1.0:1-1.0:2-1.0:3-1.0:4-1.0:5-1.0:6-1.0:7-1.0:8-1.0:9-1.0:10-1.0:35347-5:35348-0:35349-28000.0:35350-1000.0:35351-300000.0:35352-2500.0,13.33
0-1.0:1-1.0:2-1.0:3-1.0:4-1.0:5-1.0:6-1.0:7-1.0:8-1.0:9-1.0:10-1.0:35347-5:35348-0:35349-28000.0:35350-1000.0:35351-300000.0:35352-5000.0,10.83
0-1.0:2-1.0:3-1.0:4-1.0:5-1.0:6-1.0:7-1.0:8-1.0:9-1.0:10-1.0:8819-1.0:35347-5:35348-0:35349-28000.0:35350-1000.0:35351-500000.0:35352-100.0,22.6
0-1.0:2-1.0:3-1.0:4-1.0:5-1.0:6-1.0:7-1.0:8-1.0:9-1.0:10-1.0:8819-1.0:35347-5:35348-0:35349-28000.0:35350-1000.0:35351-500000.0:35352-150.0,21.85
0-1.0:2-1.0:3-1.0:4-1.0:5-1.0:6-1.0:7-1.0:8-1.0:9-1.0:10-1.0:8819-1.0:35347-5:35348-0:35349-28000.0:35350-1000.0:35351-500000.0:35352-250.0,18.83
0-1.0:2-1.0:3-1.0:4-1.0:5-1.0:6-1.0:7-1.0:8-1.0:9-1.0:10-1.0:8819-1.0:35347-5:35348-0:35349-28000.0:35350-1000.0:35351-500000.0:35352-750.0,16.72
0-1.0:2-1.0:3-1.0:4-1.0:5-1.0:6-1.0:7-1.0:8-1.0:9-1.0:10-1.0:8819-1.0:35347-5:35348-0:35349-28000.0:35350-1000.0:35351-500000.0:35352-1000.0,15.97
0-1.0:2-1.0:3-1.0:4-1.0:5-1.0:6-1.0:7-1.0:8-1.0:9-1.0:10-1.0:8819-1.0:35347-5:35348-0:35349-28000.0:35350-1000.0:35351-500000.0:35352-1500.0,26.28
0-1.0:2-1.0:3-1.0:4-1.0:5-1.0:6-1.0:7-1.0:8-1.0:9-1.0:10-1.0:8819-1.0:35347-5:35348-0:35349-28000.0:35350-2000.0:35351-100000.0:35352-150.0,23.35
0-1.0:2-1.0:3-1.0:4-1.0:5-1.0:6-1.0:7-1.0:8-1.0:9-1.0:10-1.0:8819-1.0:35347-5:35348-0:35349-28000.0:35350-2000.0:35351-100000.0:35352-250.0,17.3
0-1.0:2-1.0:3-1.0:4-1.0:5-1.0:6-1.0:7-1.0:8-1.0:9-1.0:10-1.0:8819-1.0:35347-5:35348-0:35349-28000.0:35350-2000.0:35351-100000.0:35352-750.0,13.22
0-1.0:2-1.0:3-1.0:4-1.0:5-1.0:6-1.0:7-1.0:8-1.0:9-1.0:10-1.0:8819-1.0:35347-5:35348-0:35349-28000.0:35350-2000.0:35351-100000.0:35352-1000.0,12.47
0-1.0:1-1.0:2-1.0:3-1.0:4-1.0:5-1.0:6-1.0:7-1.0:8-1.0:9-1.0:10-1.0:35347-5:35348-0:35349-28000.0:35350-2000.0:35351-100000.0:35352-1500.0,22.78
0-1.0:1-1.0:2-1.0:3-1.0:4-1.0:5-1.0:6-1.0:7-1.0:8-1.0:9-1.0:10-1.0:35347-5:35348-0:35349-28000.0:35350-2000.0:35351-100000.0:35352-2500.0,12.96
0-1.0:1-1.0:2-1.0:3-1.0:4-1.0:5-1.0:6-1.0:7-1.0:8-1.0:9-1.0:10-1.0:35347-5:35348-0:35349-28000.0:35350-2000.0:35351-100000.0:35352-5000.0,10.83
0-1.0:2-1.0:3-1.0:4-1.0:5-1.0:6-1.0:7-1.0:8-1.0:9-1.0:10-1.0:8819-1.0:35347-5:35348-0:35349-28000.0:35350-2000.0:35351-300000.0:35352-100.0,21.19
0-1.0:2-1.0:3-1.0:4-1.0:5-1.0:6-1.0:7-1.0:8-1.0:9-1.0:10-1.0:8819-1.0:35347-5:35348-0:35349-28000.0:35350-2000.0:35351-300000.0:35352-150.0,25.43
0-1.0:1-1.0:2-1.0:3-1.0:4-1.0:5-1.0:6-1.0:7-1.0:8-1.0:9-1.0:10-1.0:35347-5:35348-0:35349-28000.0:35350-2000.0:35351-300000.0:35352-250.0,17.42
0-1.0:1-1.0:2-1.0:3-1.0:4-1.0:5-1.0:6-1.0:7-1.0:8-1.0:9-1.0:10-1.0:35347-5:35348-0:35349-28000.0:35350-2000.0:35351-300000.0:35352-1000.0,14.55
0-1.0:2-1.0:3-1.0:4-1.0:5-1.0:6-1.0:7-1.0:8-1.0:9-1.0:10-1.0:8819-1.0:35347-5:35348-0:35349-28000.0:35350-2000.0:35351-300000.0:35352-1500.0,13.65
0-1.0:2-1.0:3-1.0:4-1.0:5-1.0:6-1.0:7-1.0:8-1.0:9-1.0:10-1.0:8819-1.0:35347-5:35348-0:35349-28000.0:35350-2000.0:35351-300000.0:35352-2500.0,12.29
0-1.0:2-1.0:3-1.0:4-1.0:5-1.0:6-1.0:7-1.0:8-1.0:9-1.0:10-1.0:8819-1.0:35347-5:35348-0:35349-28000.0:35350-2000.0:35351-300000.0:35352-5000.0,10.83
0-1.0:2-1.0:3-1.0:4-1.0:5-1.0:6-1.0:7-1.0:8-1.0:9-1.0:10-1.0:8819-1.0:35347-5:35348-0:35349-28000.0:35350-2000.0:35351-500000.0:35352-100.0,22.85
0-1.0:2-1.0:3-1.0:4-1.0:5-1.0:6-1.0:7-1.0:8-1.0:9-1.0:10-1.0:8819-1.0:35347-5:35348-0:35349-28000.0:35350-2000.0:35351-500000.0:35352-150.0,27.1
0-1.0:2-1.0:3-1.0:4-1.0:5-1.0:6-1.0:7-1.0:8-1.0:9-1.0:10-1.0:8819-1.0:35347-5:35348-0:35349-28000.0:35350-2000.0:35351-500000.0:35352-500.0,17.88
0-1.0:2-1.0:3-1.0:4-1.0:5-1.0:6-1.0:7-1.0:8-1.0:9-1.0:10-1.0:8819-1.0:35347-5:35348-0:35349-28000.0:35350-2000.0:35351-500000.0:35352-750.0,20.56
0-1.0:2-1.0:3-1.0:4-1.0:5-1.0:6-1.0:7-1.0:8-1.0:9-1.0:10-1.0:8819-1.0:35347-5:35348-0:35349-28000.0:35350-2000.0:35351-500000.0:35352-1000.0,19.59
0-1.0:2-1.0:3-1.0:4-1.0:5-1.0:6-1.0:7-1.0:8-1.0:9-1.0:10-1.0:8819-1.0:35347-5:35348-0:35349-28000.0:35350-2000.0:35351-500000.0:35352-2500.0,16.71
0-1.0:1-1.0:2-1.0:3-1.0:4-1.0:5-1.0:6-1.0:7-1.0:8-1.0:9-1.0:10-1.0:35347-5:35348-0:35349-28000.0:35350-2000.0:35351-500000.0:35352-5000.0,12.3
0-1.0:1-1.0:2-1.0:3-1.0:4-1.0:5-1.0:6-1.0:7-1.0:8-1.0:9-1.0:10-1.0:35347-5:35348-0:35349-32000.0:35350-1000.0:35351-100000.0:35352-100.0,19.77
0-1.0:2-1.0:3-1.0:4-1.0:5-1.0:6-1.0:7-1.0:8-1.0:9-1.0:10-1.0:8819-1.0:35347-5:35348-0:35349-32000.0:35350-1000.0:35351-100000.0:35352-150.0,21.48
0-1.0:2-1.0:3-1.0:4-1.0:5-1.0:6-1.0:7-1.0:8-1.0:9-1.0:10-1.0:8819-1.0:35347-5:35348-0:35349-32000.0:35350-1000.0:35351-100000.0:35352-250.0,15.82
0-1.0:2-1.0:3-1.0:4-1.0:5-1.0:6-1.0:7-1.0:8-1.0:9-1.0:10-1.0:8819-1.0:35347-5:35348-0:35349-32000.0:35350-1000.0:35351-100000.0:35352-500.0,14.55
0-1.0:2-1.0:3-1.0:4-1.0:5-1.0:6-1.0:7-1.0:8-1.0:9-1.0:10-1.0:8819-1.0:35347-5:35348-0:35349-32000.0:35350-1000.0:35351-100000.0:35352-750.0,13.6
0-1.0:2-1.0:3-1.0:4-1.0:5-1.0:6-1.0:7-1.0:8-1.0:9-1.0:10-1.0:8819-1.0:35347-5:35348-0:35349-32000.0:35350-1000.0:35351-100000.0:35352-1500.0,15.17
0-1.0:2-1.0:3-1.0:4-1.0:5-1.0:6-1.0:7-1.0:8-1.0:9-1.0:10-1.0:8819-1.0:35347-5:35348-0:35349-32000.0:35350-1000.0:35351-100000.0:35352-2500.0,10.83
0-1.0:2-1.0:3-1.0:4-1.0:5-1.0:6-1.0:7-1.0:8-1.0:9-1.0:10-1.0:8819-1.0:35347-5:35348-0:35349-32000.0:35350-1000.0:35351-100000.0:35352-5000.0,10.83
0-1.0:2-1.0:3-1.0:4-1.0:5-1.0:6-1.0:7-1.0:8-1.0:9-1.0:10-1.0:8819-1.0:35347-5:35348-0:35349-32000.0:35350-1000.0:35351-300000.0:35352-100.0,24.46
0-1.0:1-1.0:2-1.0:3-1.0:4-1.0:5-1.0:6-1.0:7-1.0:8-1.0:9-1.0:10-1.0:35347-5:35348-0:35349-32000.0:35350-1000.0:35351-300000.0:35352-150.0,39.97
0-1.0:2-1.0:3-1.0:4-1.0:5-1.0:6-1.0:7-1.0:8-1.0:9-1.0:10-1.0:8819-1.0:35347-5:35348-0:35349-32000.0:35350-1000.0:35351-300000.0:35352-500.0,16.64
0-1.0:1-1.0:2-1.0:3-1.0:4-1.0:5-1.0:6-1.0:7-1.0:8-1.0:9-1.0:10-1.0:35347-5:35348-0:35349-32000.0:35350-1000.0:35351-300000.0:35352-1500.0,13.95
0-1.0:1-1.0:2-1.0:3-1.0:4-1.0:5-1.0:6-1.0:7-1.0:8-1.0:9-1.0:10-1.0:35347-5:35348-0:35349-32000.0:35350-1000.0:35351-500000.0:35352-100.0,23.52
0-1.0:2-1.0:3-1.0:4-1.0:5-1.0:6-1.0:7-1.0:8-1.0:9-1.0:10-1.0:8819-1.0:35347-5:35348-0:35349-32000.0:35350-1000.0:35351-500000.0:35352-150.0,25.23
0-1.0:2-1.0:3-1.0:4-1.0:5-1.0:6-1.0:7-1.0:8-1.0:9-1.0:10-1.0:8819-1.0:35347-5:35348-0:35349-32000.0:35350-1000.0:35351-500000.0:35352-250.0,19.57
0-1.0:1-1.0:2-1.0:3-1.0:4-1.0:5-1.0:6-1.0:7-1.0:8-1.0:9-1.0:10-1.0:35347-5:35348-0:35349-32000.0:35350-1000.0:35351-500000.0:35352-500.0,22.36
0-1.0:2-1.0:3-1.0:4-1.0:5-1.0:6-1.0:7-1.0:8-1.0:9-1.0:10-1.0:8819-1.0:35347-5:35348-0:35349-32000.0:35350-1000.0:35351-500000.0:35352-750.0,17.35
0-1.0:1-1.0:2-1.0:3-1.0:4-1.0:5-1.0:6-1.0:7-1.0:8-1.0:9-1.0:10-1.0:35347-5:35348-0:35349-32000.0:35350-1000.0:35351-500000.0:35352-1000.0,16.56
0-1.0:2-1.0:3-1.0:4-1.0:5-1.0:6-1.0:7-1.0:8-1.0:9-1.0:10-1.0:8819-1.0:35347-5:35348-0:35349-32000.0:35350-1000.0:35351-500000.0:35352-2500.0,14.19
0-1.0:1-1.0:2-1.0:3-1.0:4-1.0:5-1.0:6-1.0:7-1.0:8-1.0:9-1.0:10-1.0:35347-5:35348-0:35349-32000.0:35350-1000.0:35351-500000.0:35352-5000.0,14.88
0-1.0:2-1.0:3-1.0:4-1.0:5-1.0:6-1.0:7-1.0:8-1.0:9-1.0:10-1.0:8819-1.0:35347-5:35348-0:35349-32000.0:35350-2000.0:35351-100000.0:35352-150.0,38.14
0-1.0:2-1.0:3-1.0:4-1.0:5-1.0:6-1.0:7-1.0:8-1.0:9-1.0:10-1.0:8819-1.0:35347-5:35348-0:35349-32000.0:35350-2000.0:35351-100000.0:35352-250.0,16.07
0-1.0:2-1.0:3-1.0:4-1.0:5-1.0:6-1.0:7-1.0:8-1.0:9-1.0:10-1.0:8819-1.0:35347-5:35348-0:35349-32000.0:35350-2000.0:35351-100000.0:35352-500.0,14.8
0-1.0:2-1.0:3-1.0:4-1.0:5-1.0:6-1.0:7-1.0:8-1.0:9-1.0:10-1.0:8819-1.0:35347-5:35348-0:35349-32000.0:35350-2000.0:35351-100000.0:35352-1000.0,16.64
0-1.0:2-1.0:3-1.0:4-1.0:5-1.0:6-1.0:7-1.0:8-1.0:9-1.0:10-1.0:8819-1.0:35347-5:35348-0:35349-32000.0:35350-2000.0:35351-100000.0:35352-1500.0,12.11
0-1.0:1-1.0:2-1.0:3-1.0:4-1.0:5-1.0:6-1.0:7-1.0:8-1.0:9-1.0:10-1.0:35347-5:35348-0:35349-32000.0:35350-2000.0:35351-100000.0:35352-2500.0,12.07
0-1.0:1-1.0:2-1.0:3-1.0:4-1.0:5-1.0:6-1.0:7-1.0:8-1.0:9-1.0:10-1.0:35347-5:35348-0:35349-32000.0:35350-2000.0:35351-300000.0:35352-100.0,22.11
0-1.0:2-1.0:3-1.0:4-1.0:5-1.0:6-1.0:7-1.0:8-1.0:9-1.0:10-1.0:8819-1.0:35347-5:35348-0:35349-32000.0:35350-2000.0:35351-300000.0:35352-150.0,21.32
0-1.0:2-1.0:3-1.0:4-1.0:5-1.0:6-1.0:7-1.0:8-1.0:9-1.0:10-1.0:8819-1.0:35347-5:35348-0:35349-32000.0:35350-2000.0:35351-300000.0:35352-750.0,15.94
0-1.0:2-1.0:3-1.0:4-1.0:5-1.0:6-1.0:7-1.0:8-1.0:9-1.0:10-1.0:8819-1.0:35347-5:35348-0:35349-32000.0:35350-2000.0:35351-300000.0:35352-1000.0,15.15
0-1.0:2-1.0:3-1.0:4-1.0:5-1.0:6-1.0:7-1.0:8-1.0:9-1.0:10-1.0:8819-1.0:35347-5:35348-0:35349-32000.0:35350-2000.0:35351-300000.0:35352-1500.0,14.2
0-1.0:2-1.0:3-1.0:4-1.0:5-1.0:6-1.0:7-1.0:8-1.0:9-1.0:10-1.0:8819-1.0:35347-5:35348-0:35349-32000.0:35350-2000.0:35351-300000.0:35352-2500.0,12.77
0-1.0:1-1.0:2-1.0:3-1.0:4-1.0:5-1.0:6-1.0:7-1.0:8-1.0:9-1.0:10-1.0:35347-5:35348-0:35349-32000.0:35350-2000.0:35351-300000.0:35352-5000.0,13.46
0-1.0:1-1.0:2-1.0:3-1.0:4-1.0:5-1.0:6-1.0:7-1.0:8-1.0:9-1.0:10-1.0:35347-5:35348-0:35349-32000.0:35350-2000.0:35351-500000.0:35352-100.0,26.38
0-1.0:2-1.0:3-1.0:4-1.0:5-1.0:6-1.0:7-1.0:8-1.0:9-1.0:10-1.0:8819-1.0:35347-5:35348-0:35349-32000.0:35350-2000.0:35351-500000.0:35352-150.0,28.28
0-1.0:1-1.0:2-1.0:3-1.0:4-1.0:5-1.0:6-1.0:7-1.0:8-1.0:9-1.0:10-1.0:35347-5:35348-0:35349-32000.0:35350-2000.0:35351-500000.0:35352-250.0,19.82
0-1.0:1-1.0:2-1.0:3-1.0:4-1.0:5-1.0:6-1.0:7-1.0:8-1.0:9-1.0:10-1.0:35347-5:35348-0:35349-32000.0:35350-2000.0:35351-500000.0:35352-750.0,31.15
0-1.0:1-1.0:2-1.0:3-1.0:4-1.0:5-1.0:6-1.0:7-1.0:8-1.0:9-1.0:10-1.0:35347-5:35348-0:35349-32000.0:35350-2000.0:35351-500000.0:35352-1000.0,20.39
0-1.0:2-1.0:3-1.0:4-1.0:5-1.0:6-1.0:7-1.0:8-1.0:9-1.0:10-1.0:8819-1.0:35347-5:35348-0:35349-32000.0:35350-2000.0:35351-500000.0:35352-1500.0,27.68
0-1.0:2-1.0:3-1.0:4-1.0:5-1.0:6-1.0:7-1.0:8-1.0:9-1.0:10-1.0:8819-1.0:35347-5:35348-0:35349-32000.0:35350-2000.0:35351-500000.0:35352-2500.0,14.44
0-1.0:2-1.0:3-1.0:4-1.0:5-1.0:6-1.0:7-1.0:8-1.0:9-1.0:10-1.0:8819-1.0:35347-5:35348-0:35349-35000.0:35350-1000.0:35351-100000.0:35352-100.0,26.13
0-1.0:1-1.0:2-1.0:3-1.0:4-1.0:5-1.0:6-1.0:7-1.0:8-1.0:9-1.0:10-1.0:35347-5:35348-0:35349-35000.0:35350-1000.0:35351-100000.0:35352-250.0,16.37
0-1.0:2-1.0:3-1.0:4-1.0:5-1.0:6-1.0:7-1.0:8-1.0:9-1.0:10-1.0:8819-1.0:35347-5:35348-0:35349-35000.0:35350-1000.0:35351-100000.0:35352-500.0,15.06
0-1.0:2-1.0:3-1.0:4-1.0:5-1.0:6-1.0:7-1.0:8-1.0:9-1.0:10-1.0:8819-1.0:35347-5:35348-0:35349-35000.0:35350-1000.0:35351-100000.0:35352-2500.0,10.83
0-1.0:2-1.0:3-1.0:4-1.0:5-1.0:6-1.0:7-1.0:8-1.0:9-1.0:10-1.0:8819-1.0:35347-5:35348-0:35349-35000.0:35350-1000.0:35351-100000.0:35352-5000.0,10.83
0-1.0:2-1.0:3-1.0:4-1.0:5-1.0:6-1.0:7-1.0:8-1.0:9-1.0:10-1.0:8819-1.0:35347-5:35348-0:35349-35000.0:35350-1000.0:35351-300000.0:35352-100.0,22.55
0-1.0:1-1.0:2-1.0:3-1.0:4-1.0:5-1.0:6-1.0:7-1.0:8-1.0:9-1.0:10-1.0:35347-5:35348-0:35349-35000.0:35350-1000.0:35351-300000.0:35352-150.0,27.17
0-1.0:2-1.0:3-1.0:4-1.0:5-1.0:6-1.0:7-1.0:8-1.0:9-1.0:10-1.0:8819-1.0:35347-5:35348-0:35349-35000.0:35350-1000.0:35351-300000.0:35352-250.0,22.99
0-1.0:2-1.0:3-1.0:4-1.0:5-1.0:6-1.0:7-1.0:8-1.0:9-1.0:10-1.0:8819-1.0:35347-5:35348-0:35349-35000.0:35350-1000.0:35351-300000.0:35352-500.0,21.32
0-1.0:2-1.0:3-1.0:4-1.0:5-1.0:6-1.0:7-1.0:8-1.0:9-1.0:10-1.0:8819-1.0:35347-5:35348-0:35349-35000.0:35350-1000.0:35351-300000.0:35352-750.0,16.16
0-1.0:1-1.0:2-1.0:3-1.0:4-1.0:5-1.0:6-1.0:7-1.0:8-1.0:9-1.0:10-1.0:35347-5:35348-0:35349-35000.0:35350-1000.0:35351-300000.0:35352-1000.0,15.34
0-1.0:1-1.0:2-1.0:3-1.0:4-1.0:5-1.0:6-1.0:7-1.0:8-1.0:9-1.0:10-1.0:35347-5:35348-0:35349-35000.0:35350-1000.0:35351-300000.0:35352-1500.0,14.36
0-1.0:2-1.0:3-1.0:4-1.0:5-1.0:6-1.0:7-1.0:8-1.0:9-1.0:10-1.0:8819-1.0:35347-5:35348-0:35349-35000.0:35350-1000.0:35351-300000.0:35352-2500.0,15.88
0-1.0:1-1.0:2-1.0:3-1.0:4-1.0:5-1.0:6-1.0:7-1.0:8-1.0:9-1.0:10-1.0:35347-5:35348-0:35349-35000.0:35350-1000.0:35351-300000.0:35352-5000.0,11.09
0-1.0:2-1.0:3-1.0:4-1.0:5-1.0:6-1.0:7-1.0:8-1.0:9-1.0:10-1.0:8819-1.0:35347-5:35348-0:35349-35000.0:35350-1000.0:35351-500000.0:35352-100.0,24.21
0-1.0:2-1.0:3-1.0:4-1.0:5-1.0:6-1.0:7-1.0:8-1.0:9-1.0:10-1.0:8819-1.0:35347-5:35348-0:35349-35000.0:35350-1000.0:35351-500000.0:35352-150.0,23.39
0-1.0:2-1.0:3-1.0:4-1.0:5-1.0:6-1.0:7-1.0:8-1.0:9-1.0:10-1.0:8819-1.0:35347-5:35348-0:35349-35000.0:35350-1000.0:35351-500000.0:35352-250.0,20.12
0-1.0:2-1.0:3-1.0:4-1.0:5-1.0:6-1.0:7-1.0:8-1.0:9-1.0:10-1.0:8819-1.0:35347-5:35348-0:35349-35000.0:35350-1000.0:35351-500000.0:35352-750.0,17.83
0-1.0:2-1.0:3-1.0:4-1.0:5-1.0:6-1.0:7-1.0:8-1.0:9-1.0:10-1.0:8819-1.0:35347-5:35348-0:35349-35000.0:35350-1000.0:35351-500000.0:35352-1000.0,17.01
0-1.0:2-1.0:3-1.0:4-1.0:5-1.0:6-1.0:7-1.0:8-1.0:9-1.0:10-1.0:8819-1.0:35347-5:35348-0:35349-35000.0:35350-1000.0:35351-500000.0:35352-1500.0,16.03
0-1.0:2-1.0:3-1.0:4-1.0:5-1.0:6-1.0:7-1.0:8-1.0:9-1.0:10-1.0:8819-1.0:35347-5:35348-0:35349-35000.0:35350-1000.0:35351-500000.0:35352-5000.0,15.25
0-1.0:1-1.0:2-1.0:3-1.0:4-1.0:5-1.0:6-1.0:7-1.0:8-1.0:9-1.0:10-1.0:35347-5:35348-0:35349-35000.0:35350-2000.0:35351-100000.0:35352-100.0,20.71
0-1.0:1-1.0:2-1.0:3-1.0:4-1.0:5-1.0:6-1.0:7-1.0:8-1.0:9-1.0:10-1.0:35347-5:35348-0:35349-35000.0:35350-2000.0:35351-100000.0:35352-250.0,16.62
0-1.0:1-1.0:2-1.0:3-1.0:4-1.0:5-1.0:6-1.0:7-1.0:8-1.0:9-1.0:10-1.0:35347-5:35348-0:35349-35000.0:35350-2000.0:35351-100000.0:35352-500.0,15.31
0-1.0:1-1.0:2-1.0:3-1.0:4-1.0:5-1.0:6-1.0:7-1.0:8-1.0:9-1.0:10-1.0:35347-5:35348-0:35349-35000.0:35350-2000.0:35351-100000.0:35352-750.0,14.33
0-1.0:1-1.0:2-1.0:3-1.0:4-1.0:5-1.0:6-1.0:7-1.0:8-1.0:9-1.0:10-1.0:35347-5:35348-0:35349-35000.0:35350-2000.0:35351-100000.0:35352-1000.0,13.51
0-1.0:2-1.0:3-1.0:4-1.0:5-1.0:6-1.0:7-1.0:8-1.0:9-1.0:10-1.0:8819-1.0:35347-5:35348-0:35349-35000.0:35350-2000.0:35351-100000.0:35352-1500.0,15.93
0-1.0:1-1.0:2-1.0:3-1.0:4-1.0:5-1.0:6-1.0:7-1.0:8-1.0:9-1.0:10-1.0:35347-5:35348-0:35349-35000.0:35350-2000.0:35351-100000.0:35352-2500.0,14.05
0-1.0:2-1.0:3-1.0:4-1.0:5-1.0:6-1.0:7-1.0:8-1.0:9-1.0:10-1.0:8819-1.0:35347-5:35348-0:35349-35000.0:35350-2000.0:35351-100000.0:35352-5000.0,10.83
0-1.0:2-1.0:3-1.0:4-1.0:5-1.0:6-1.0:7-1.0:8-1.0:9-1.0:10-1.0:8819-1.0:35347-5:35348-0:35349-35000.0:35350-2000.0:35351-300000.0:35352-100.0,22.8
0-1.0:2-1.0:3-1.0:4-1.0:5-1.0:6-1.0:7-1.0:8-1.0:9-1.0:10-1.0:8819-1.0:35347-5:35348-0:35349-35000.0:35350-2000.0:35351-300000.0:35352-150.0,21.98
0-1.0:2-1.0:3-1.0:4-1.0:5-1.0:6-1.0:7-1.0:8-1.0:9-1.0:10-1.0:8819-1.0:35347-5:35348-0:35349-35000.0:35350-2000.0:35351-300000.0:35352-250.0,18.7
0-1.0:1-1.0:2-1.0:3-1.0:4-1.0:5-1.0:6-1.0:7-1.0:8-1.0:9-1.0:10-1.0:35347-5:35348-0:35349-35000.0:35350-2000.0:35351-300000.0:35352-500.0,21.57
0-1.0:1-1.0:2-1.0:3-1.0:4-1.0:5-1.0:6-1.0:7-1.0:8-1.0:9-1.0:10-1.0:35347-5:35348-0:35349-35000.0:35350-2000.0:35351-300000.0:35352-750.0,30.44
0-1.0:2-1.0:3-1.0:4-1.0:5-1.0:6-1.0:7-1.0:8-1.0:9-1.0:10-1.0:8819-1.0:35347-5:35348-0:35349-35000.0:35350-2000.0:35351-300000.0:35352-1000.0,15.59
0-1.0:2-1.0:3-1.0:4-1.0:5-1.0:6-1.0:7-1.0:8-1.0:9-1.0:10-1.0:8819-1.0:35347-5:35348-0:35349-35000.0:35350-2000.0:35351-300000.0:35352-1500.0,16.22
0-1.0:2-1.0:3-1.0:4-1.0:5-1.0:6-1.0:7-1.0:8-1.0:9-1.0:10-1.0:8819-1.0:35347-5:35348-0:35349-35000.0:35350-2000.0:35351-300000.0:35352-2500.0,13.14
0-1.0:2-1.0:3-1.0:4-1.0:5-1.0:6-1.0:7-1.0:8-1.0:9-1.0:10-1.0:8819-1.0:35347-5:35348-0:35349-35000.0:35350-2000.0:35351-500000.0:35352-100.0,24.46
0-1.0:2-1.0:3-1.0:4-1.0:5-1.0:6-1.0:7-1.0:8-1.0:9-1.0:10-1.0:8819-1.0:35347-5:35348-0:35349-35000.0:35350-2000.0:35351-500000.0:35352-150.0,23.64
0-1.0:1-1.0:2-1.0:3-1.0:4-1.0:5-1.0:6-1.0:7-1.0:8-1.0:9-1.0:10-1.0:35347-5:35348-0:35349-35000.0:35350-2000.0:35351-500000.0:35352-750.0,18.08
0-1.0:2-1.0:3-1.0:4-1.0:5-1.0:6-1.0:7-1.0:8-1.0:9-1.0:10-1.0:8819-1.0:35347-5:35348-0:35349-35000.0:35350-2000.0:35351-500000.0:35352-1000.0,17.26
0-1.0:2-1.0:3-1.0:4-1.0:5-1.0:6-1.0:7-1.0:8-1.0:9-1.0:10-1.0:8819-1.0:35347-5:35348-0:35349-35000.0:35350-2000.0:35351-500000.0:35352-5000.0,15.5
0-1.0:2-1.0:3-1.0:4-1.0:5-1.0:6-1.0:7-1.0:8-1.0:9-1.0:10-1.0:8819-1.0:35347-5:35348-0:35349-40000.0:35350-1000.0:35351-100000.0:35352-500.0,15.91
0-1.0:2-1.0:3-1.0:4-1.0:5-1.0:6-1.0:7-1.0:8-1.0:9-1.0:10-1.0:8819-1.0:35347-5:35348-0:35349-40000.0:35350-1000.0:35351-100000.0:35352-750.0,29.63
0-1.0:1-1.0:2-1.0:3-1.0:4-1.0:5-1.0:6-1.0:7-1.0:8-1.0:9-1.0:10-1.0:35347-5:35348-0:35349-40000.0:35350-1000.0:35351-100000.0:35352-1500.0,12.97
0-1.0:1-1.0:2-1.0:3-1.0:4-1.0:5-1.0:6-1.0:7-1.0:8-1.0:9-1.0:10-1.0:35347-5:35348-0:35349-40000.0:35350-1000.0:35351-100000.0:35352-2500.0,11.41
0-1.0:1-1.0:2-1.0:3-1.0:4-1.0:5-1.0:6-1.0:7-1.0:8-1.0:9-1.0:10-1.0:35347-5:35348-0:35349-40000.0:35350-1000.0:35351-100000.0:35352-5000.0,12.11
0-1.0:2-1.0:3-1.0:4-1.0:5-1.0:6-1.0:7-1.0:8-1.0:9-1.0:10-1.0:8819-1.0:35347-5:35348-0:35349-40000.0:35350-1000.0:35351-300000.0:35352-100.0,26.53
0-1.0:1-1.0:2-1.0:3-1.0:4-1.0:5-1.0:6-1.0:7-1.0:8-1.0:9-1.0:10-1.0:35347-5:35348-0:35349-40000.0:35350-1000.0:35351-300000.0:35352-250.0,19.37
0-1.0:1-1.0:2-1.0:3-1.0:4-1.0:5-1.0:6-1.0:7-1.0:8-1.0:9-1.0:10-1.0:35347-5:35348-0:35349-40000.0:35350-1000.0:35351-300000.0:35352-750.0,16.95
0-1.0:1-1.0:2-1.0:3-1.0:4-1.0:5-1.0:6-1.0:7-1.0:8-1.0:9-1.0:10-1.0:35347-5:35348-0:35349-40000.0:35350-1000.0:35351-300000.0:35352-1500.0,15.05
0-1.0:2-1.0:3-1.0:4-1.0:5-1.0:6-1.0:7-1.0:8-1.0:9-1.0:10-1.0:8819-1.0:35347-5:35348-0:35349-40000.0:35350-1000.0:35351-300000.0:35352-2500.0,13.49
0-1.0:1-1.0:2-1.0:3-1.0:4-1.0:5-1.0:6-1.0:7-1.0:8-1.0:9-1.0:10-1.0:35347-5:35348-0:35349-40000.0:35350-1000.0:35351-300000.0:35352-5000.0,21.03
0-1.0:2-1.0:3-1.0:4-1.0:5-1.0:6-1.0:7-1.0:8-1.0:9-1.0:10-1.0:8819-1.0:35347-5:35348-0:35349-40000.0:35350-1000.0:35351-500000.0:35352-100.0,31.26
0-1.0:2-1.0:3-1.0:4-1.0:5-1.0:6-1.0:7-1.0:8-1.0:9-1.0:10-1.0:8819-1.0:35347-5:35348-0:35349-40000.0:35350-1000.0:35351-500000.0:35352-150.0,24.5
0-1.0:1-1.0:2-1.0:3-1.0:4-1.0:5-1.0:6-1.0:7-1.0:8-1.0:9-1.0:10-1.0:35347-5:35348-0:35349-40000.0:35350-1000.0:35351-500000.0:35352-250.0,21.04
0-1.0:1-1.0:2-1.0:3-1.0:4-1.0:5-1.0:6-1.0:7-1.0:8-1.0:9-1.0:10-1.0:35347-5:35348-0:35349-40000.0:35350-1000.0:35351-500000.0:35352-500.0,24.0
0-1.0:2-1.0:3-1.0:4-1.0:5-1.0:6-1.0:7-1.0:8-1.0:9-1.0:10-1.0:8819-1.0:35347-5:35348-0:35349-40000.0:35350-1000.0:35351-500000.0:35352-750.0,22.68
0-1.0:1-1.0:2-1.0:3-1.0:4-1.0:5-1.0:6-1.0:7-1.0:8-1.0:9-1.0:10-1.0:35347-5:35348-0:35349-40000.0:35350-1000.0:35351-500000.0:35352-1000.0,17.75
0-1.0:2-1.0:3-1.0:4-1.0:5-1.0:6-1.0:7-1.0:8-1.0:9-1.0:10-1.0:8819-1.0:35347-5:35348-0:35349-40000.0:35350-1000.0:35351-500000.0:35352-1500.0,16.72
0-1.0:1-1.0:2-1.0:3-1.0:4-1.0:5-1.0:6-1.0:7-1.0:8-1.0:9-1.0:10-1.0:35347-5:35348-0:35349-40000.0:35350-1000.0:35351-500000.0:35352-2500.0,15.16
0-1.0:2-1.0:3-1.0:4-1.0:5-1.0:6-1.0:7-1.0:8-1.0:9-1.0:10-1.0:8819-1.0:35347-5:35348-0:35349-40000.0:35350-1000.0:35351-500000.0:35352-5000.0,15.86
0-1.0:2-1.0:3-1.0:4-1.0:5-1.0:6-1.0:7-1.0:8-1.0:9-1.0:10-1.0:8819-1.0:35347-5:35348-0:35349-40000.0:35350-2000.0:35351-100000.0:35352-100.0,21.86
0-1.0:1-1.0:2-1.0:3-1.0:4-1.0:5-1.0:6-1.0:7-1.0:8-1.0:9-1.0:10-1.0:35347-5:35348-0:35349-40000.0:35350-2000.0:35351-100000.0:35352-150.0,21.0
0-1.0:1-1.0:2-1.0:3-1.0:4-1.0:5-1.0:6-1.0:7-1.0:8-1.0:9-1.0:10-1.0:35347-5:35348-0:35349-40000.0:35350-2000.0:35351-100000.0:35352-500.0,16.16
0-1.0:2-1.0:3-1.0:4-1.0:5-1.0:6-1.0:7-1.0:8-1.0:9-1.0:10-1.0:8819-1.0:35347-5:35348-0:35349-40000.0:35350-2000.0:35351-100000.0:35352-750.0,15.12
0-1.0:2-1.0:3-1.0:4-1.0:5-1.0:6-1.0:7-1.0:8-1.0:9-1.0:10-1.0:8819-1.0:35347-5:35348-0:35349-40000.0:35350-2000.0:35351-100000.0:35352-1500.0,13.22
0-1.0:1-1.0:2-1.0:3-1.0:4-1.0:5-1.0:6-1.0:7-1.0:8-1.0:9-1.0:10-1.0:35347-5:35348-0:35349-40000.0:35350-2000.0:35351-300000.0:35352-100.0,23.94
0-1.0:2-1.0:3-1.0:4-1.0:5-1.0:6-1.0:7-1.0:8-1.0:9-1.0:10-1.0:8819-1.0:35347-5:35348-0:35349-40000.0:35350-2000.0:35351-300000.0:35352-150.0,25.8
0-1.0:1-1.0:2-1.0:3-1.0:4-1.0:5-1.0:6-1.0:7-1.0:8-1.0:9-1.0:10-1.0:35347-5:35348-0:35349-40000.0:35350-2000.0:35351-300000.0:35352-1000.0,16.34
0-1.0:2-1.0:3-1.0:4-1.0:5-1.0:6-1.0:7-1.0:8-1.0:9-1.0:10-1.0:8819-1.0:35347-5:35348-0:35349-40000.0:35350-2000.0:35351-300000.0:35352-1500.0,15.3
0-1.0:2-1.0:3-1.0:4-1.0:5-1.0:6-1.0:7-1.0:8-1.0:9-1.0:10-1.0:8819-1.0:35347-5:35348-0:35349-40000.0:35350-2000.0:35351-300000.0:35352-2500.0,13.74
0-1.0:2-1.0:3-1.0:4-1.0:5-1.0:6-1.0:7-1.0:8-1.0:9-1.0:10-1.0:8819-1.0:35347-5:35348-0:35349-70000.0:35350-2000.0:35351-100000.0:35352-1000.0,23.24
0-1.0:1-1.0:2-1.0:3-1.0:4-1.0:5-1.0:6-1.0:7-1.0:8-1.0:9-1.0:10-1.0:35347-5:35348-0:35349-70000.0:35350-2000.0:35351-100000.0:35352-1500.0,16.9
0-1.0:2-1.0:3-1.0:4-1.0:5-1.0:6-1.0:7-1.0:8-1.0:9-1.0:10-1.0:8819-1.0:35347-5:35348-0:35349-70000.0:35350-2000.0:35351-100000.0:35352-2500.0,14.9
0-1.0:1-1.0:2-1.0:3-1.0:4-1.0:5-1.0:6-1.0:7-1.0:8-1.0:9-1.0:10-1.0:35347-5:35348-0:35349-70000.0:35350-2000.0:35351-100000.0:35352-5000.0,12.46
0-1.0:1-1.0:2-1.0:3-1.0:4-1.0:5-1.0:6-1.0:7-1.0:8-1.0:9-1.0:10-1.0:35347-5:35348-0:35349-70000.0:35350-2000.0:35351-300000.0:35352-100.0,30.08
0-1.0:2-1.0:3-1.0:4-1.0:5-1.0:6-1.0:7-1.0:8-1.0:9-1.0:10-1.0:8819-1.0:35347-5:35348-0:35349-70000.0:35350-2000.0:35351-300000.0:35352-150.0,28.97
0-1.0:2-1.0:3-1.0:4-1.0:5-1.0:6-1.0:7-1.0:8-1.0:9-1.0:10-1.0:8819-1.0:35347-5:35348-0:35349-70000.0:35350-2000.0:35351-300000.0:35352-250.0,24.53
0-1.0:1-1.0:2-1.0:3-1.0:4-1.0:5-1.0:6-1.0:7-1.0:8-1.0:9-1.0:10-1.0:35347-5:35348-0:35349-70000.0:35350-2000.0:35351-300000.0:35352-500.0,22.75
0-1.0:2-1.0:3-1.0:4-1.0:5-1.0:6-1.0:7-1.0:8-1.0:9-1.0:10-1.0:8819-1.0:35347-5:35348-0:35349-70000.0:35350-2000.0:35351-300000.0:35352-750.0,21.42
0-1.0:2-1.0:3-1.0:4-1.0:5-1.0:6-1.0:7-1.0:8-1.0:9-1.0:10-1.0:8819-1.0:35347-5:35348-0:35349-70000.0:35350-2000.0:35351-300000.0:35352-1000.0,20.31
0-1.0:1-1.0:2-1.0:3-1.0:4-1.0:5-1.0:6-1.0:7-1.0:8-1.0:9-1.0:10-1.0:35347-5:35348-0:35349-70000.0:35350-2000.0:35351-300000.0:35352-2500.0,16.98
0-1.0:1-1.0:2-1.0:3-1.0:4-1.0:5-1.0:6-1.0:7-1.0:8-1.0:9-1.0:10-1.0:35347-5:35348-0:35349-70000.0:35350-2000.0:35351-300000.0:35352-5000.0,14.54
0-1.0:1-1.0:2-1.0:3-1.0:4-1.0:5-1.0:6-1.0:7-1.0:8-1.0:9-1.0:10-1.0:35347-5:35348-0:35349-70000.0:35350-2000.0:35351-500000.0:35352-100.0,59.56
0-1.0:2-1.0:3-1.0:4-1.0:5-1.0:6-1.0:7-1.0:8-1.0:9-1.0:10-1.0:8819-1.0:35347-5:35348-0:35349-70000.0:35350-2000.0:35351-500000.0:35352-150.0,38.06
0-1.0:2-1.0:3-1.0:4-1.0:5-1.0:6-1.0:7-1.0:8-1.0:9-1.0:10-1.0:8819-1.0:35347-5:35348-0:35349-70000.0:35350-2000.0:35351-500000.0:35352-250.0,26.19
0-1.0:2-1.0:3-1.0:4-1.0:5-1.0:6-1.0:7-1.0:8-1.0:9-1.0:10-1.0:8819-1.0:35347-5:35348-0:35349-70000.0:35350-2000.0:35351-500000.0:35352-500.0,24.42
0-1.0:2-1.0:3-1.0:4-1.0:5-1.0:6-1.0:7-1.0:8-1.0:9-1.0:10-1.0:8819-1.0:35347-5:35348-0:35349-70000.0:35350-2000.0:35351-500000.0:35352-750.0,23.09
0-1.0:1-1.0:2-1.0:3-1.0:4-1.0:5-1.0:6-1.0:7-1.0:8-1.0:9-1.0:10-1.0:35347-5:35348-0:35349-70000.0:35350-2000.0:35351-500000.0:35352-1000.0,21.98
0-1.0:1-1.0:2-1.0:3-1.0:4-1.0:5-1.0:6-1.0:7-1.0:8-1.0:9-1.0:10-1.0:35347-5:35348-0:35349-70000.0:35350-2000.0:35351-500000.0:35352-1500.0,25.29
0-1.0:1-1.0:2-1.0:3-1.0:4-1.0:5-1.0:6-1.0:7-1.0:8-1.0:9-1.0:10-1.0:35347-5:35348-0:35349-70000.0:35350-2000.0:35351-500000.0:35352-2500.0,18.65
0-1.0:1-1.0:2-1.0:3-1.0:4-1.0:5-1.0:6-1.0:7-1.0:8-1.0:9-1.0:10-1.0:35347-5:35348-0:35349-70000.0:35350-2000.0:35351-500000.0:35352-5000.0,16.21
0-1.0:2-1.0:3-1.0:4-1.0:5-1.0:6-1.0:7-1.0:8-1.0:9-1.0:10-1.0:8819-1.0:35347-5:35348-0:35349-80000.0:35350-1000.0:35351-100000.0:35352-100.0,29.66
0-1.0:2-1.0:3-1.0:4-1.0:5-1.0:6-1.0:7-1.0:8-1.0:9-1.0:10-1.0:8819-1.0:35347-5:35348-0:35349-80000.0:35350-1000.0:35351-100000.0:35352-150.0,28.47
0-1.0:1-1.0:2-1.0:3-1.0:4-1.0:5-1.0:6-1.0:7-1.0:8-1.0:9-1.0:10-1.0:35347-5:35348-0:35349-80000.0:35350-1000.0:35351-100000.0:35352-250.0,30.29
0-1.0:1-1.0:2-1.0:3-1.0:4-1.0:5-1.0:6-1.0:7-1.0:8-1.0:9-1.0:10-1.0:35347-5:35348-0:35349-80000.0:35350-1000.0:35351-100000.0:35352-500.0,27.86
0-1.0:2-1.0:3-1.0:4-1.0:5-1.0:6-1.0:7-1.0:8-1.0:9-1.0:10-1.0:8819-1.0:35347-5:35348-0:35349-80000.0:35350-1000.0:35351-100000.0:35352-1500.0,20.09
0-1.0:2-1.0:3-1.0:4-1.0:5-1.0:6-1.0:7-1.0:8-1.0:9-1.0:10-1.0:8819-1.0:35347-5:35348-0:35349-80000.0:35350-1000.0:35351-100000.0:35352-2500.0,15.66
0-1.0:1-1.0:2-1.0:3-1.0:4-1.0:5-1.0:6-1.0:7-1.0:8-1.0:9-1.0:10-1.0:35347-5:35348-0:35349-80000.0:35350-1000.0:35351-100000.0:35352-5000.0,13.05
0-1.0:1-1.0:2-1.0:3-1.0:4-1.0:5-1.0:6-1.0:7-1.0:8-1.0:9-1.0:10-1.0:35347-5:35348-0:35349-80000.0:35350-1000.0:35351-300000.0:35352-100.0,35.58
0-1.0:2-1.0:3-1.0:4-1.0:5-1.0:6-1.0:7-1.0:8-1.0:9-1.0:10-1.0:8819-1.0:35347-5:35348-0:35349-80000.0:35350-1000.0:35351-300000.0:35352-150.0,30.56
0-1.0:1-1.0:2-1.0:3-1.0:4-1.0:5-1.0:6-1.0:7-1.0:8-1.0:9-1.0:10-1.0:35347-5:35348-0:35349-80000.0:35350-1000.0:35351-300000.0:35352-250.0,25.81
0-1.0:2-1.0:3-1.0:4-1.0:5-1.0:6-1.0:7-1.0:8-1.0:9-1.0:10-1.0:8819-1.0:35347-5:35348-0:35349-80000.0:35350-1000.0:35351-300000.0:35352-500.0,23.91
0-1.0:2-1.0:3-1.0:4-1.0:5-1.0:6-1.0:7-1.0:8-1.0:9-1.0:10-1.0:8819-1.0:35347-5:35348-0:35349-80000.0:35350-1000.0:35351-300000.0:35352-750.0,28.13
0-1.0:2-1.0:3-1.0:4-1.0:5-1.0:6-1.0:7-1.0:8-1.0:9-1.0:10-1.0:8819-1.0:35347-5:35348-0:35349-80000.0:35350-1000.0:35351-300000.0:35352-1000.0,21.3
0-1.0:2-1.0:3-1.0:4-1.0:5-1.0:6-1.0:7-1.0:8-1.0:9-1.0:10-1.0:8819-1.0:35347-5:35348-0:35349-80000.0:35350-1000.0:35351-300000.0:35352-1500.0,24.8
0-1.0:2-1.0:3-1.0:4-1.0:5-1.0:6-1.0:7-1.0:8-1.0:9-1.0:10-1.0:8819-1.0:35347-5:35348-0:35349-80000.0:35350-1000.0:35351-300000.0:35352-2500.0,22.07
0-1.0:2-1.0:3-1.0:4-1.0:5-1.0:6-1.0:7-1.0:8-1.0:9-1.0:10-1.0:8819-1.0:35347-5:35348-0:35349-80000.0:35350-1000.0:35351-300000.0:35352-5000.0,15.13
0-1.0:2-1.0:3-1.0:4-1.0:5-1.0:6-1.0:7-1.0:8-1.0:9-1.0:10-1.0:8819-1.0:35347-5:35348-0:35349-80000.0:35350-1000.0:35351-500000.0:35352-100.0,33.41
0-1.0:1-1.0:2-1.0:3-1.0:4-1.0:5-1.0:6-1.0:7-1.0:8-1.0:9-1.0:10-1.0:35347-5:35348-0:35349-80000.0:35350-1000.0:35351-500000.0:35352-150.0,32.22
0-1.0:2-1.0:3-1.0:4-1.0:5-1.0:6-1.0:7-1.0:8-1.0:9-1.0:10-1.0:8819-1.0:35347-5:35348-0:35349-80000.0:35350-1000.0:35351-500000.0:35352-250.0,34.04
0-1.0:2-1.0:3-1.0:4-1.0:5-1.0:6-1.0:7-1.0:8-1.0:9-1.0:10-1.0:8819-1.0:35347-5:35348-0:35349-80000.0:35350-1000.0:35351-500000.0:35352-500.0,31.61
0-1.0:2-1.0:3-1.0:4-1.0:5-1.0:6-1.0:7-1.0:8-1.0:9-1.0:10-1.0:8819-1.0:35347-5:35348-0:35349-80000.0:35350-1000.0:35351-500000.0:35352-750.0,24.15
0-1.0:2-1.0:3-1.0:4-1.0:5-1.0:6-1.0:7-1.0:8-1.0:9-1.0:10-1.0:8819-1.0:35347-5:35348-0:35349-80000.0:35350-1000.0:35351-500000.0:35352-1000.0,22.97
0-1.0:2-1.0:3-1.0:4-1.0:5-1.0:6-1.0:7-1.0:8-1.0:9-1.0:10-1.0:8819-1.0:35347-5:35348-0:35349-80000.0:35350-1000.0:35351-500000.0:35352-1500.0,21.55
0-1.0:2-1.0:3-1.0:4-1.0:5-1.0:6-1.0:7-1.0:8-1.0:9-1.0:10-1.0:8819-1.0:35347-5:35348-0:35349-80000.0:35350-1000.0:35351-500000.0:35352-2500.0,23.74
0-1.0:2-1.0:3-1.0:4-1.0:5-1.0:6-1.0:7-1.0:8-1.0:9-1.0:10-1.0:8819-1.0:35347-5:35348-0:35349-80000.0:35350-1000.0:35351-500000.0:35352-5000.0,20.41
0-1.0:2-1.0:3-1.0:4-1.0:5-1.0:6-1.0:7-1.0:8-1.0:9-1.0:10-1.0:8819-1.0:35347-5:35348-0:35349-80000.0:35350-2000.0:35351-100000.0:35352-100.0,29.91
0-1.0:1-1.0:2-1.0:3-1.0:4-1.0:5-1.0:6-1.0:7-1.0:8-1.0:9-1.0:10-1.0:35347-5:35348-0:35349-80000.0:35350-2000.0:35351-100000.0:35352-150.0,28.72
0-1.0:2-1.0:3-1.0:4-1.0:5-1.0:6-1.0:7-1.0:8-1.0:9-1.0:10-1.0:8819-1.0:35347-5:35348-0:35349-80000.0:35350-2000.0:35351-100000.0:35352-250.0,23.98
0-1.0:1-1.0:2-1.0:3-1.0:4-1.0:5-1.0:6-1.0:7-1.0:8-1.0:9-1.0:10-1.0:35347-5:35348-0:35349-80000.0:35350-2000.0:35351-100000.0:35352-500.0,22.08
0-1.0:2-1.0:3-1.0:4-1.0:5-1.0:6-1.0:7-1.0:8-1.0:9-1.0:10-1.0:8819-1.0:35347-5:35348-0:35349-80000.0:35350-2000.0:35351-100000.0:35352-750.0,20.66
0-1.0:2-1.0:3-1.0:4-1.0:5-1.0:6-1.0:7-1.0:8-1.0:9-1.0:10-1.0:8819-1.0:35347-5:35348-0:35349-80000.0:35350-2000.0:35351-100000.0:35352-1000.0,24.78
0-1.0:1-1.0:2-1.0:3-1.0:4-1.0:5-1.0:6-1.0:7-1.0:8-1.0:9-1.0:10-1.0:35347-5:35348-0:35349-80000.0:35350-2000.0:35351-100000.0:35352-1500.0,18.05
0-1.0:2-1.0:3-1.0:4-1.0:5-1.0:6-1.0:7-1.0:8-1.0:9-1.0:10-1.0:8819-1.0:35347-5:35348-0:35349-80000.0:35350-2000.0:35351-100000.0:35352-2500.0,15.91
0-1.0:2-1.0:3-1.0:4-1.0:5-1.0:6-1.0:7-1.0:8-1.0:9-1.0:10-1.0:8819-1.0:35347-5:35348-0:35349-80000.0:35350-2000.0:35351-100000.0:35352-5000.0,13.3
0-1.0:2-1.0:3-1.0:4-1.0:5-1.0:6-1.0:7-1.0:8-1.0:9-1.0:10-1.0:8819-1.0:35347-5:35348-0:35349-80000.0:35350-2000.0:35351-300000.0:35352-100.0,31.99
0-1.0:1-1.0:2-1.0:3-1.0:4-1.0:5-1.0:6-1.0:7-1.0:8-1.0:9-1.0:10-1.0:35347-5:35348-0:35349-80000.0:35350-2000.0:35351-300000.0:35352-150.0,30.81
0-1.0:2-1.0:3-1.0:4-1.0:5-1.0:6-1.0:7-1.0:8-1.0:9-1.0:10-1.0:8819-1.0:35347-5:35348-0:35349-80000.0:35350-2000.0:35351-300000.0:35352-250.0,26.06
0-1.0:2-1.0:3-1.0:4-1.0:5-1.0:6-1.0:7-1.0:8-1.0:9-1.0:10-1.0:8819-1.0:35347-5:35348-0:35349-80000.0:35350-2000.0:35351-300000.0:35352-500.0,24.16
0-1.0:2-1.0:3-1.0:4-1.0:5-1.0:6-1.0:7-1.0:8-1.0:9-1.0:10-1.0:8819-1.0:35347-5:35348-0:35349-80000.0:35350-2000.0:35351-300000.0:35352-750.0,43.04
0-1.0:1-1.0:2-1.0:3-1.0:4-1.0:5-1.0:6-1.0:7-1.0:8-1.0:9-1.0:10-1.0:35347-5:35348-0:35349-80000.0:35350-2000.0:35351-300000.0:35352-1000.0,26.87
0-1.0:1-1.0:2-1.0:3-1.0:4-1.0:5-1.0:6-1.0:7-1.0:8-1.0:9-1.0:10-1.0:35347-5:35348-0:35349-80000.0:35350-2000.0:35351-300000.0:35352-1500.0,20.13
0-1.0:1-1.0:2-1.0:3-1.0:4-1.0:5-1.0:6-1.0:7-1.0:8-1.0:9-1.0:10-1.0:35347-5:35348-0:35349-80000.0:35350-2000.0:35351-300000.0:35352-2500.0,17.99
0-1.0:2-1.0:3-1.0:4-1.0:5-1.0:6-1.0:7-1.0:8-1.0:9-1.0:10-1.0:8819-1.0:35347-5:35348-0:35349-80000.0:35350-2000.0:35351-300000.0:35352-5000.0,15.38
0-1.0:2-1.0:3-1.0:4-1.0:5-1.0:6-1.0:7-1.0:8-1.0:9-1.0:10-1.0:8819-1.0:35347-5:35348-0:35349-80000.0:35350-2000.0:35351-500000.0:35352-100.0,33.66
0-1.0:2-1.0:3-1.0:4-1.0:5-1.0:6-1.0:7-1.0:8-1.0:9-1.0:10-1.0:8819-1.0:35347-5:35348-0:35349-80000.0:35350-2000.0:35351-500000.0:35352-150.0,32.47
0-1.0:2-1.0:3-1.0:4-1.0:5-1.0:6-1.0:7-1.0:8-1.0:9-1.0:10-1.0:8819-1.0:35347-5:35348-0:35349-80000.0:35350-2000.0:35351-500000.0:35352-250.0,27.73
0-1.0:2-1.0:3-1.0:4-1.0:5-1.0:6-1.0:7-1.0:8-1.0:9-1.0:10-1.0:8819-1.0:35347-5:35348-0:35349-80000.0:35350-2000.0:35351-500000.0:35352-500.0,25.83
0-1.0:2-1.0:3-1.0:4-1.0:5-1.0:6-1.0:7-1.0:8-1.0:9-1.0:10-1.0:8819-1.0:35347-5:35348-0:35349-80000.0:35350-2000.0:35351-500000.0:35352-750.0,24.4
0-1.0:2-1.0:3-1.0:4-1.0:5-1.0:6-1.0:7-1.0:8-1.0:9-1.0:10-1.0:8819-1.0:35347-5:35348-0:35349-80000.0:35350-2000.0:35351-500000.0:35352-1000.0,23.22
0-1.0:2-1.0:3-1.0:4-1.0:5-1.0:6-1.0:7-1.0:8-1.0:9-1.0:10-1.0:8819-1.0:35347-5:35348-0:35349-80000.0:35350-2000.0:35351-500000.0:35352-1500.0,21.8
0-1.0:2-1.0:3-1.0:4-1.0:5-1.0:6-1.0:7-1.0:8-1.0:9-1.0:10-1.0:8819-1.0:35347-5:35348-0:35349-80000.0:35350-2000.0:35351-500000.0:35352-5000.0,20.66
0-1.0:2-1.0:3-1.0:4-1.0:5-1.0:6-1.0:7-1.0:8-1.0:9-1.0:10-1.0:8819-1.0:35347-5:35348-0:35349-90000.0:35350-1000.0:35351-100000.0:35352-100.0,31.35
0-1.0:2-1.0:3-1.0:4-1.0:5-1.0:6-1.0:7-1.0:8-1.0:9-1.0:10-1.0:8819-1.0:35347-5:35348-0:35349-90000.0:35350-1000.0:35351-100000.0:35352-150.0,30.09
0-1.0:1-1.0:2-1.0:3-1.0:4-1.0:5-1.0:6-1.0:7-1.0:8-1.0:9-1.0:10-1.0:35347-5:35348-0:35349-90000.0:35350-1000.0:35351-100000.0:35352-250.0,25.08
0-1.0:2-1.0:3-1.0:4-1.0:5-1.0:6-1.0:7-1.0:8-1.0:9-1.0:10-1.0:8819-1.0:35347-5:35348-0:35349-90000.0:35350-1000.0:35351-100000.0:35352-500.0,23.07
0-1.0:2-1.0:3-1.0:4-1.0:5-1.0:6-1.0:7-1.0:8-1.0:9-1.0:10-1.0:8819-1.0:35347-5:35348-0:35349-90000.0:35350-1000.0:35351-100000.0:35352-750.0,24.46
0-1.0:2-1.0:3-1.0:4-1.0:5-1.0:6-1.0:7-1.0:8-1.0:9-1.0:10-1.0:8819-1.0:35347-5:35348-0:35349-90000.0:35350-1000.0:35351-100000.0:35352-1500.0,18.81
0-1.0:2-1.0:3-1.0:4-1.0:5-1.0:6-1.0:7-1.0:8-1.0:9-1.0:10-1.0:8819-1.0:35347-5:35348-0:35349-90000.0:35350-1000.0:35351-100000.0:35352-2500.0,16.55
0-1.0:2-1.0:3-1.0:4-1.0:5-1.0:6-1.0:7-1.0:8-1.0:9-1.0:10-1.0:8819-1.0:35347-5:35348-0:35349-90000.0:35350-1000.0:35351-100000.0:35352-5000.0,13.79
0-1.0:2-1.0:3-1.0:4-1.0:5-1.0:6-1.0:7-1.0:8-1.0:9-1.0:10-1.0:8819-1.0:35347-5:35348-0:35349-90000.0:35350-1000.0:35351-300000.0:35352-100.0,33.43
0-1.0:1-1.0:2-1.0:3-1.0:4-1.0:5-1.0:6-1.0:7-1.0:8-1.0:9-1.0:10-1.0:35347-5:35348-0:35349-90000.0:35350-1000.0:35351-300000.0:35352-150.0,32.17
0-1.0:2-1.0:3-1.0:4-1.0:5-1.0:6-1.0:7-1.0:8-1.0:9-1.0:10-1.0:8819-1.0:35347-5:35348-0:35349-90000.0:35350-1000.0:35351-300000.0:35352-250.0,27.16
0-1.0:1-1.0:2-1.0:3-1.0:4-1.0:5-1.0:6-1.0:7-1.0:8-1.0:9-1.0:10-1.0:35347-5:35348-0:35349-90000.0:35350-1000.0:35351-300000.0:35352-500.0,25.15
0-1.0:2-1.0:3-1.0:4-1.0:5-1.0:6-1.0:7-1.0:8-1.0:9-1.0:10-1.0:8819-1.0:35347-5:35348-0:35349-90000.0:35350-1000.0:35351-300000.0:35352-750.0,29.66
0-1.0:2-1.0:3-1.0:4-1.0:5-1.0:6-1.0:7-1.0:8-1.0:9-1.0:10-1.0:8819-1.0:35347-5:35348-0:35349-90000.0:35350-1000.0:35351-300000.0:35352-1000.0,28.06
0-1.0:2-1.0:3-1.0:4-1.0:5-1.0:6-1.0:7-1.0:8-1.0:9-1.0:10-1.0:8819-1.0:35347-5:35348-0:35349-90000.0:35350-1000.0:35351-300000.0:35352-1500.0,20.89
0-1.0:2-1.0:3-1.0:4-1.0:5-1.0:6-1.0:7-1.0:8-1.0:9-1.0:10-1.0:8819-1.0:35347-5:35348-0:35349-90000.0:35350-1000.0:35351-300000.0:35352-2500.0,18.63
0-1.0:2-1.0:3-1.0:4-1.0:5-1.0:6-1.0:7-1.0:8-1.0:9-1.0:10-1.0:8819-1.0:35347-5:35348-0:35349-90000.0:35350-1000.0:35351-300000.0:35352-5000.0,15.88
0-1.0:2-1.0:3-1.0:4-1.0:5-1.0:6-1.0:7-1.0:8-1.0:9-1.0:10-1.0:8819-1.0:35347-5:35348-0:35349-90000.0:35350-1000.0:35351-500000.0:35352-100.0,43.83
0-1.0:2-1.0:3-1.0:4-1.0:5-1.0:6-1.0:7-1.0:8-1.0:9-1.0:10-1.0:8819-1.0:35347-5:35348-0:35349-90000.0:35350-1000.0:35351-500000.0:35352-150.0,33.84
0-1.0:1-1.0:2-1.0:3-1.0:4-1.0:5-1.0:6-1.0:7-1.0:8-1.0:9-1.0:10-1.0:35347-5:35348-0:35349-90000.0:35350-1000.0:35351-500000.0:35352-250.0,32.2
0-1.0:2-1.0:3-1.0:4-1.0:5-1.0:6-1.0:7-1.0:8-1.0:9-1.0:10-1.0:8819-1.0:35347-5:35348-0:35349-90000.0:35350-1000.0:35351-500000.0:35352-500.0,26.82
0-1.0:2-1.0:3-1.0:4-1.0:5-1.0:6-1.0:7-1.0:8-1.0:9-1.0:10-1.0:8819-1.0:35347-5:35348-0:35349-90000.0:35350-1000.0:35351-500000.0:35352-750.0,25.32
0-1.0:1-1.0:2-1.0:3-1.0:4-1.0:5-1.0:6-1.0:7-1.0:8-1.0:9-1.0:10-1.0:35347-5:35348-0:35349-90000.0:35350-1000.0:35351-500000.0:35352-1000.0,24.06
0-1.0:1-1.0:2-1.0:3-1.0:4-1.0:5-1.0:6-1.0:7-1.0:8-1.0:9-1.0:10-1.0:35347-5:35348-0:35349-90000.0:35350-1000.0:35351-500000.0:35352-1500.0,22.56
0-1.0:2-1.0:3-1.0:4-1.0:5-1.0:6-1.0:7-1.0:8-1.0:9-1.0:10-1.0:8819-1.0:35347-5:35348-0:35349-90000.0:35350-1000.0:35351-500000.0:35352-2500.0,20.3
0-1.0:2-1.0:3-1.0:4-1.0:5-1.0:6-1.0:7-1.0:8-1.0:9-1.0:10-1.0:8819-1.0:35347-5:35348-0:35349-90000.0:35350-1000.0:35351-500000.0:35352-5000.0,17.54
0-1.0:1-1.0:2-1.0:3-1.0:4-1.0:5-1.0:6-1.0:7-1.0:8-1.0:9-1.0:10-1.0:35347-5:35348-0:35349-90000.0:35350-2000.0:35351-100000.0:35352-100.0,31.6
0-1.0:2-1.0:3-1.0:4-1.0:5-1.0:6-1.0:7-1.0:8-1.0:9-1.0:10-1.0:8819-1.0:35347-5:35348-0:35349-90000.0:35350-2000.0:35351-100000.0:35352-150.0,38.73
0-1.0:2-1.0:3-1.0:4-1.0:5-1.0:6-1.0:7-1.0:8-1.0:9-1.0:10-1.0:8819-1.0:35347-5:35348-0:35349-90000.0:35350-2000.0:35351-100000.0:35352-250.0,25.33
0-1.0:2-1.0:3-1.0:4-1.0:5-1.0:6-1.0:7-1.0:8-1.0:9-1.0:10-1.0:8819-1.0:35347-5:35348-0:35349-90000.0:35350-2000.0:35351-100000.0:35352-500.0,23.32
0-1.0:1-1.0:2-1.0:3-1.0:4-1.0:5-1.0:6-1.0:7-1.0:8-1.0:9-1.0:10-1.0:35347-5:35348-0:35349-90000.0:35350-2000.0:35351-100000.0:35352-750.0,27.83
0-1.0:1-1.0:2-1.0:3-1.0:4-1.0:5-1.0:6-1.0:7-1.0:8-1.0:9-1.0:10-1.0:35347-5:35348-0:35349-90000.0:35350-2000.0:35351-100000.0:35352-1000.0,26.22
0-1.0:2-1.0:3-1.0:4-1.0:5-1.0:6-1.0:7-1.0:8-1.0:9-1.0:10-1.0:8819-1.0:35347-5:35348-0:35349-90000.0:35350-2000.0:35351-100000.0:35352-1500.0,19.06
0-1.0:2-1.0:3-1.0:4-1.0:5-1.0:6-1.0:7-1.0:8-1.0:9-1.0:10-1.0:8819-1.0:35347-5:35348-0:35349-90000.0:35350-2000.0:35351-100000.0:35352-2500.0,21.41
0-1.0:1-1.0:2-1.0:3-1.0:4-1.0:5-1.0:6-1.0:7-1.0:8-1.0:9-1.0:10-1.0:35347-5:35348-0:35349-90000.0:35350-2000.0:35351-100000.0:35352-5000.0,27.83
0-1.0:1-1.0:2-1.0:3-1.0:4-1.0:5-1.0:6-1.0:7-1.0:8-1.0:9-1.0:10-1.0:35347-5:35348-0:35349-90000.0:35350-2000.0:35351-300000.0:35352-100.0,33.68
0-1.0:2-1.0:3-1.0:4-1.0:5-1.0:6-1.0:7-1.0:8-1.0:9-1.0:10-1.0:8819-1.0:35347-5:35348-0:35349-90000.0:35350-2000.0:35351-300000.0:35352-150.0,32.42
0-1.0:2-1.0:3-1.0:4-1.0:5-1.0:6-1.0:7-1.0:8-1.0:9-1.0:10-1.0:8819-1.0:35347-5:35348-0:35349-90000.0:35350-2000.0:35351-300000.0:35352-250.0,30.78
0-1.0:2-1.0:3-1.0:4-1.0:5-1.0:6-1.0:7-1.0:8-1.0:9-1.0:10-1.0:8819-1.0:35347-5:35348-0:35349-90000.0:35350-2000.0:35351-300000.0:35352-500.0,25.4
0-1.0:2-1.0:3-1.0:4-1.0:5-1.0:6-1.0:7-1.0:8-1.0:9-1.0:10-1.0:8819-1.0:35347-5:35348-0:35349-90000.0:35350-2000.0:35351-300000.0:35352-750.0,23.9
0-1.0:1-1.0:2-1.0:3-1.0:4-1.0:5-1.0:6-1.0:7-1.0:8-1.0:9-1.0:10-1.0:35347-5:35348-0:35349-90000.0:35350-2000.0:35351-300000.0:35352-1000.0,22.64
0-1.0:1-1.0:2-1.0:3-1.0:4-1.0:5-1.0:6-1.0:7-1.0:8-1.0:9-1.0:10-1.0:35347-5:35348-0:35349-90000.0:35350-2000.0:35351-300000.0:35352-1500.0,26.38
0-1.0:1-1.0:2-1.0:3-1.0:4-1.0:5-1.0:6-1.0:7-1.0:8-1.0:9-1.0:10-1.0:35347-5:35348-0:35349-90000.0:35350-2000.0:35351-300000.0:35352-2500.0,18.88
0-1.0:2-1.0:3-1.0:4-1.0:5-1.0:6-1.0:7-1.0:8-1.0:9-1.0:10-1.0:8819-1.0:35347-5:35348-0:35349-90000.0:35350-2000.0:35351-300000.0:35352-5000.0,16.12
0-1.0:1-1.0:2-1.0:3-1.0:4-1.0:5-1.0:6-1.0:7-1.0:8-1.0:9-1.0:10-1.0:35347-5:35348-0:35349-90000.0:35350-2000.0:35351-500000.0:35352-150.0,64.18
0-1.0:1-1.0:2-1.0:3-1.0:4-1.0:5-1.0:6-1.0:7-1.0:8-1.0:9-1.0:10-1.0:35347-5:35348-0:35349-90000.0:35350-2000.0:35351-500000.0:35352-250.0,36.06
0-1.0:2-1.0:3-1.0:4-1.0:5-1.0:6-1.0:7-1.0:8-1.0:9-1.0:10-1.0:8819-1.0:35347-5:35348-0:35349-90000.0:35350-2000.0:35351-500000.0:35352-500.0,27.07
0-1.0:2-1.0:3-1.0:4-1.0:5-1.0:6-1.0:7-1.0:8-1.0:9-1.0:10-1.0:8819-1.0:35347-5:35348-0:35349-90000.0:35350-2000.0:35351-500000.0:35352-750.0,25.57
0-1.0:2-1.0:3-1.0:4-1.0:5-1.0:6-1.0:7-1.0:8-1.0:9-1.0:10-1.0:8819-1.0:35347-5:35348-0:35349-90000.0:35350-2000.0:35351-500000.0:35352-1000.0,27.04
0-1.0:2-1.0:3-1.0:4-1.0:5-1.0:6-1.0:7-1.0:8-1.0:9-1.0:10-1.0:8819-1.0:35347-5:35348-0:35349-90000.0:35350-2000.0:35351-500000.0:35352-1500.0,22.81
0-1.0:1-1.0:2-1.0:3-1.0:4-1.0:5-1.0:6-1.0:7-1.0:8-1.0:9-1.0:10-1.0:35347-5:35348-0:35349-90000.0:35350-2000.0:35351-500000.0:35352-2500.0,25.16
0-1.0:2-1.0:3-1.0:4-1.0:5-1.0:6-1.0:7-1.0:8-1.0:9-1.0:10-1.0:8819-1.0:35347-5:35348-0:35349-90000.0:35350-2000.0:35351-500000.0:35352-5000.0,21.64
0-1.0:1-1.0:2-1.0:3-1.0:4-1.0:5-1.0:6-1.0:7-1.0:8-1.0:9-1.0:10-1.0:35347-5:35348-0:35349-100000.0:35350-1000.0:35351-100000.0:35352-100.0,32.95
0-1.0:1-1.0:2-1.0:3-1.0:4-1.0:5-1.0:6-1.0:7-1.0:8-1.0:9-1.0:10-1.0:35347-5:35348-0:35349-100000.0:35350-1000.0:35351-100000.0:35352-150.0,31.64
0-1.0:1-1.0:2-1.0:3-1.0:4-1.0:5-1.0:6-1.0:7-1.0:8-1.0:9-1.0:10-1.0:35347-5:35348-0:35349-100000.0:35350-1000.0:35351-100000.0:35352-250.0,52.79
0-1.0:2-1.0:3-1.0:4-1.0:5-1.0:6-1.0:7-1.0:8-1.0:9-1.0:10-1.0:8819-1.0:35347-5:35348-0:35349-100000.0:35350-1000.0:35351-100000.0:35352-500.0,48.57
0-1.0:2-1.0:3-1.0:4-1.0:5-1.0:6-1.0:7-1.0:8-1.0:9-1.0:10-1.0:8819-1.0:35347-5:35348-0:35349-100000.0:35350-1000.0:35351-100000.0:35352-1500.0,19.77
0-1.0:1-1.0:2-1.0:3-1.0:4-1.0:5-1.0:6-1.0:7-1.0:8-1.0:9-1.0:10-1.0:35347-5:35348-0:35349-100000.0:35350-1000.0:35351-100000.0:35352-2500.0,22.26
0-1.0:2-1.0:3-1.0:4-1.0:5-1.0:6-1.0:7-1.0:8-1.0:9-1.0:10-1.0:8819-1.0:35347-5:35348-0:35349-100000.0:35350-1000.0:35351-100000.0:35352-5000.0,18.55
0-1.0:1-1.0:2-1.0:3-1.0:4-1.0:5-1.0:6-1.0:7-1.0:8-1.0:9-1.0:10-1.0:35347-5:35348-0:35349-100000.0:35350-1000.0:35351-300000.0:35352-100.0,35.04
0-1.0:2-1.0:3-1.0:4-1.0:5-1.0:6-1.0:7-1.0:8-1.0:9-1.0:10-1.0:8819-1.0:35347-5:35348-0:35349-100000.0:35350-1000.0:35351-300000.0:35352-1000.0,23.44
0-1.0:1-1.0:2-1.0:3-1.0:4-1.0:5-1.0:6-1.0:7-1.0:8-1.0:9-1.0:10-1.0:35347-5:35348-0:35349-100000.0:35350-1000.0:35351-300000.0:35352-1500.0,24.48
0-1.0:2-1.0:3-1.0:4-1.0:5-1.0:6-1.0:7-1.0:8-1.0:9-1.0:10-1.0:8819-1.0:35347-5:35348-0:35349-100000.0:35350-1000.0:35351-300000.0:35352-2500.0,19.48
0-1.0:2-1.0:3-1.0:4-1.0:5-1.0:6-1.0:7-1.0:8-1.0:9-1.0:10-1.0:8819-1.0:35347-5:35348-0:35349-100000.0:35350-1000.0:35351-300000.0:35352-5000.0,16.58
0-1.0:2-1.0:3-1.0:4-1.0:5-1.0:6-1.0:7-1.0:8-1.0:9-1.0:10-1.0:8819-1.0:35347-5:35348-0:35349-100000.0:35350-1000.0:35351-500000.0:35352-100.0,36.7
0-1.0:2-1.0:3-1.0:4-1.0:5-1.0:6-1.0:7-1.0:8-1.0:9-1.0:10-1.0:8819-1.0:35347-5:35348-0:35349-100000.0:35350-1000.0:35351-500000.0:35352-500.0,28.0
0-1.0:2-1.0:3-1.0:4-1.0:5-1.0:6-1.0:7-1.0:8-1.0:9-1.0:10-1.0:8819-1.0:35347-5:35348-0:35349-100000.0:35350-1000.0:35351-500000.0:35352-750.0,26.42
0-1.0:2-1.0:3-1.0:4-1.0:5-1.0:6-1.0:7-1.0:8-1.0:9-1.0:10-1.0:8819-1.0:35347-5:35348-0:35349-100000.0:35350-1000.0:35351-500000.0:35352-1000.0,25.11
0-1.0:2-1.0:3-1.0:4-1.0:5-1.0:6-1.0:7-1.0:8-1.0:9-1.0:10-1.0:8819-1.0:35347-5:35348-0:35349-100000.0:35350-1000.0:35351-500000.0:35352-2500.0,21.15
0-1.0:2-1.0:3-1.0:4-1.0:5-1.0:6-1.0:7-1.0:8-1.0:9-1.0:10-1.0:8819-1.0:35347-5:35348-0:35349-100000.0:35350-1000.0:35351-500000.0:35352-5000.0,18.25
0-1.0:1-1.0:2-1.0:3-1.0:4-1.0:5-1.0:6-1.0:7-1.0:8-1.0:9-1.0:10-1.0:35347-5:35348-0:35349-100000.0:35350-2000.0:35351-100000.0:35352-100.0,33.2
0-1.0:2-1.0:3-1.0:4-1.0:5-1.0:6-1.0:7-1.0:8-1.0:9-1.0:10-1.0:8819-1.0:35347-5:35348-0:35349-100000.0:35350-2000.0:35351-100000.0:35352-150.0,31.89
0-1.0:2-1.0:3-1.0:4-1.0:5-1.0:6-1.0:7-1.0:8-1.0:9-1.0:10-1.0:8819-1.0:35347-5:35348-0:35349-100000.0:35350-2000.0:35351-100000.0:35352-250.0,33.97
0-1.0:1-1.0:2-1.0:3-1.0:4-1.0:5-1.0:6-1.0:7-1.0:8-1.0:9-1.0:10-1.0:35347-5:35348-0:35349-100000.0:35350-2000.0:35351-100000.0:35352-750.0,29.25
0-1.0:2-1.0:3-1.0:4-1.0:5-1.0:6-1.0:7-1.0:8-1.0:9-1.0:10-1.0:8819-1.0:35347-5:35348-0:35349-100000.0:35350-2000.0:35351-100000.0:35352-1000.0,21.61
0-1.0:2-1.0:3-1.0:4-1.0:5-1.0:6-1.0:7-1.0:8-1.0:9-1.0:10-1.0:8819-1.0:35347-5:35348-0:35349-100000.0:35350-2000.0:35351-100000.0:35352-2500.0,17.65
0-1.0:2-1.0:3-1.0:4-1.0:5-1.0:6-1.0:7-1.0:8-1.0:9-1.0:10-1.0:8819-1.0:35347-5:35348-0:35349-100000.0:35350-2000.0:35351-300000.0:35352-100.0,35.29
0-1.0:2-1.0:3-1.0:4-1.0:5-1.0:6-1.0:7-1.0:8-1.0:9-1.0:10-1.0:8819-1.0:35347-5:35348-0:35349-100000.0:35350-2000.0:35351-300000.0:35352-150.0,33.97
0-1.0:1-1.0:2-1.0:3-1.0:4-1.0:5-1.0:6-1.0:7-1.0:8-1.0:9-1.0:10-1.0:35347-5:35348-0:35349-100000.0:35350-2000.0:35351-300000.0:35352-250.0,28.7
0-1.0:2-1.0:3-1.0:4-1.0:5-1.0:6-1.0:7-1.0:8-1.0:9-1.0:10-1.0:8819-1.0:35347-5:35348-0:35349-100000.0:35350-2000.0:35351-300000.0:35352-500.0,33.36
0-1.0:2-1.0:3-1.0:4-1.0:5-1.0:6-1.0:7-1.0:8-1.0:9-1.0:10-1.0:8819-1.0:35347-5:35348-0:35349-100000.0:35350-2000.0:35351-300000.0:35352-750.0,25.01
0-1.0:2-1.0:3-1.0:4-1.0:5-1.0:6-1.0:7-1.0:8-1.0:9-1.0:10-1.0:8819-1.0:35347-5:35348-0:35349-100000.0:35350-2000.0:35351-300000.0:35352-1000.0,23.69
0-1.0:1-1.0:2-1.0:3-1.0:4-1.0:5-1.0:6-1.0:7-1.0:8-1.0:9-1.0:10-1.0:35347-5:35348-0:35349-100000.0:35350-2000.0:35351-300000.0:35352-1500.0,22.11
0-1.0:1-1.0:2-1.0:3-1.0:4-1.0:5-1.0:6-1.0:7-1.0:8-1.0:9-1.0:10-1.0:35347-5:35348-0:35349-100000.0:35350-2000.0:35351-300000.0:35352-2500.0,19.73
0-1.0:2-1.0:3-1.0:4-1.0:5-1.0:6-1.0:7-1.0:8-1.0:9-1.0:10-1.0:8819-1.0:35347-5:35348-0:35349-100000.0:35350-2000.0:35351-500000.0:35352-150.0,35.64
0-1.0:1-1.0:2-1.0:3-1.0:4-1.0:5-1.0:6-1.0:7-1.0:8-1.0:9-1.0:10-1.0:35347-5:35348-0:35349-100000.0:35350-2000.0:35351-500000.0:35352-500.0,35.02
0-1.0:1-1.0:2-1.0:3-1.0:4-1.0:5-1.0:6-1.0:7-1.0:8-1.0:9-1.0:10-1.0:35347-5:35348-0:35349-100000.0:35350-2000.0:35351-500000.0:35352-750.0,26.67
0-1.0:2-1.0:3-1.0:4-1.0:5-1.0:6-1.0:7-1.0:8-1.0:9-1.0:10-1.0:8819-1.0:35347-5:35348-0:35349-100000.0:35350-2000.0:35351-500000.0:35352-1000.0,25.36
0-1.0:2-1.0:3-1.0:4-1.0:5-1.0:6-1.0:7-1.0:8-1.0:9-1.0:10-1.0:8819-1.0:35347-5:35348-0:35349-100000.0:35350-2000.0:35351-500000.0:35352-1500.0,43.59
0-1.0:2-1.0:3-1.0:4-1.0:5-1.0:6-1.0:7-1.0:8-1.0:9-1.0:10-1.0:8819-1.0:35347-5:35348-0:35349-100000.0:35350-2000.0:35351-500000.0:35352-2500.0,21.4
0-1.0:1-1.0:2-1.0:3-1.0:4-1.0:5-1.0:6-1.0:7-1.0:8-1.0:9-1.0:10-1.0:35347-5:35348-0:35349-100000.0:35350-2000.0:35351-500000.0:35352-5000.0,33.03
0-1.0:2-1.0:3-1.0:4-1.0:5-1.0:6-1.0:7-1.0:8-1.0:9-1.0:10-1.0:18612-1.0:35347-1:35348-0:35349-4000.0:35350-1000.0:35351-100000.0:35352-100.0,17.33
0-1.0:2-1.0:3-1.0:4-1.0:5-1.0:6-1.0:7-1.0:8-1.0:9-1.0:10-1.0:18612-1.0:35347-1:35348-0:35349-4000.0:35350-1000.0:35351-100000.0:35352-500.0,15.96
0-1.0:2-1.0:3-1.0:4-1.0:5-1.0:6-1.0:7-1.0:8-1.0:9-1.0:10-1.0:18612-1.0:35347-1:35348-0:35349-4000.0:35350-1000.0:35351-100000.0:35352-750.0,14.92
0-1.0:2-1.0:3-1.0:4-1.0:5-1.0:6-1.0:7-1.0:8-1.0:9-1.0:10-1.0:18612-1.0:35347-1:35348-0:35349-4000.0:35350-1000.0:35351-100000.0:35352-1500.0,13.01
0-1.0:2-1.0:3-1.0:4-1.0:5-1.0:6-1.0:7-1.0:8-1.0:9-1.0:10-1.0:18612-1.0:35347-1:35348-0:35349-4000.0:35350-1000.0:35351-100000.0:35352-2500.0,10.83
0-1.0:2-1.0:3-1.0:4-1.0:5-1.0:6-1.0:7-1.0:8-1.0:9-1.0:10-1.0:18612-1.0:35347-1:35348-0:35349-4000.0:35350-1000.0:35351-100000.0:35352-5000.0,10.83
0-1.0:2-1.0:3-1.0:4-1.0:5-1.0:6-1.0:7-1.0:8-1.0:9-1.0:10-1.0:18612-1.0:35347-1:35348-0:35349-4000.0:35350-1000.0:35351-300000.0:35352-100.0,35.99
0-1.0:2-1.0:3-1.0:4-1.0:5-1.0:6-1.0:7-1.0:8-1.0:9-1.0:10-1.0:18612-1.0:35347-1:35348-0:35349-4000.0:35350-1000.0:35351-300000.0:35352-250.0,19.82
0-1.0:2-1.0:3-1.0:4-1.0:5-1.0:6-1.0:7-1.0:8-1.0:9-1.0:10-1.0:18612-1.0:35347-1:35348-0:35349-4000.0:35350-1000.0:35351-300000.0:35352-500.0,28.42
0-1.0:2-1.0:3-1.0:4-1.0:5-1.0:6-1.0:7-1.0:8-1.0:9-1.0:10-1.0:18612-1.0:35347-1:35348-0:35349-4000.0:35350-1000.0:35351-300000.0:35352-750.0,13.75
0-1.0:1-1.0:2-1.0:3-1.0:4-1.0:5-1.0:6-1.0:7-1.0:8-1.0:9-1.0:10-1.0:35347-1:35348-0:35349-4000.0:35350-1000.0:35351-300000.0:35352-1500.0,16.54
0-1.0:2-1.0:3-1.0:4-1.0:5-1.0:6-1.0:7-1.0:8-1.0:9-1.0:10-1.0:18612-1.0:35347-1:35348-0:35349-4000.0:35350-1000.0:35351-300000.0:35352-2500.0,13.79
0-1.0:1-1.0:2-1.0:3-1.0:4-1.0:5-1.0:6-1.0:7-1.0:8-1.0:9-1.0:10-1.0:35347-1:35348-0:35349-4000.0:35350-1000.0:35351-500000.0:35352-100.0,22.59
0-1.0:2-1.0:3-1.0:4-1.0:5-1.0:6-1.0:7-1.0:8-1.0:9-1.0:10-1.0:18612-1.0:35347-1:35348-0:35349-4000.0:35350-1000.0:35351-500000.0:35352-150.0,20.39
0-1.0:1-1.0:2-1.0:3-1.0:4-1.0:5-1.0:6-1.0:7-1.0:8-1.0:9-1.0:10-1.0:35347-1:35348-0:35349-4000.0:35350-1000.0:35351-500000.0:35352-250.0,18.82
0-1.0:2-1.0:3-1.0:4-1.0:5-1.0:6-1.0:7-1.0:8-1.0:9-1.0:10-1.0:18612-1.0:35347-1:35348-0:35349-4000.0:35350-1000.0:35351-500000.0:35352-500.0,17.88
0-1.0:2-1.0:3-1.0:4-1.0:5-1.0:6-1.0:7-1.0:8-1.0:9-1.0:10-1.0:18612-1.0:35347-1:35348-0:35349-4000.0:35350-1000.0:35351-500000.0:35352-750.0,16.71
0-1.0:2-1.0:3-1.0:4-1.0:5-1.0:6-1.0:7-1.0:8-1.0:9-1.0:10-1.0:18612-1.0:35347-1:35348-0:35349-4000.0:35350-2000.0:35351-100000.0:35352-100.0,24.35
0-1.0:2-1.0:3-1.0:4-1.0:5-1.0:6-1.0:7-1.0:8-1.0:9-1.0:10-1.0:18612-1.0:35347-1:35348-0:35349-4000.0:35350-2000.0:35351-100000.0:35352-150.0,23.38
0-1.0:2-1.0:3-1.0:4-1.0:5-1.0:6-1.0:7-1.0:8-1.0:9-1.0:10-1.0:18612-1.0:35347-1:35348-0:35349-4000.0:35350-2000.0:35351-100000.0:35352-250.0,19.53
0-1.0:2-1.0:3-1.0:4-1.0:5-1.0:6-1.0:7-1.0:8-1.0:9-1.0:10-1.0:18612-1.0:35347-1:35348-0:35349-4000.0:35350-2000.0:35351-100000.0:35352-500.0,12.73
0-1.0:2-1.0:3-1.0:4-1.0:5-1.0:6-1.0:7-1.0:8-1.0:9-1.0:10-1.0:18612-1.0:35347-1:35348-0:35349-4000.0:35350-2000.0:35351-100000.0:35352-750.0,15.17
0-1.0:2-1.0:3-1.0:4-1.0:5-1.0:6-1.0:7-1.0:8-1.0:9-1.0:10-1.0:18612-1.0:35347-1:35348-0:35349-4000.0:35350-2000.0:35351-100000.0:35352-1000.0,15.87
0-1.0:2-1.0:3-1.0:4-1.0:5-1.0:6-1.0:7-1.0:8-1.0:9-1.0:10-1.0:18612-1.0:35347-1:35348-0:35349-4000.0:35350-2000.0:35351-100000.0:35352-2500.0,10.83
0-1.0:2-1.0:3-1.0:4-1.0:5-1.0:6-1.0:7-1.0:8-1.0:9-1.0:10-1.0:18612-1.0:35347-1:35348-0:35349-4000.0:35350-2000.0:35351-100000.0:35352-5000.0,10.83
0-1.0:2-1.0:3-1.0:4-1.0:5-1.0:6-1.0:7-1.0:8-1.0:9-1.0:10-1.0:18612-1.0:35347-1:35348-0:35349-4000.0:35350-2000.0:35351-300000.0:35352-100.0,19.29
0-1.0:2-1.0:3-1.0:4-1.0:5-1.0:6-1.0:7-1.0:8-1.0:9-1.0:10-1.0:18612-1.0:35347-1:35348-0:35349-4000.0:35350-2000.0:35351-300000.0:35352-150.0,18.61
0-1.0:1-1.0:2-1.0:3-1.0:4-1.0:5-1.0:6-1.0:7-1.0:8-1.0:9-1.0:10-1.0:35347-1:35348-0:35349-4000.0:35350-2000.0:35351-300000.0:35352-500.0,16.2
0-1.0:2-1.0:3-1.0:4-1.0:5-1.0:6-1.0:7-1.0:8-1.0:9-1.0:10-1.0:18612-1.0:35347-1:35348-0:35349-4000.0:35350-2000.0:35351-300000.0:35352-750.0,14.64
0-1.0:2-1.0:3-1.0:4-1.0:5-1.0:6-1.0:7-1.0:8-1.0:9-1.0:10-1.0:18612-1.0:35347-1:35348-0:35349-4000.0:35350-2000.0:35351-300000.0:35352-1000.0,13.93
0-1.0:2-1.0:3-1.0:4-1.0:5-1.0:6-1.0:7-1.0:8-1.0:9-1.0:10-1.0:18612-1.0:35347-1:35348-0:35349-4000.0:35350-2000.0:35351-300000.0:35352-1500.0,12.5
0-1.0:2-1.0:3-1.0:4-1.0:5-1.0:6-1.0:7-1.0:8-1.0:9-1.0:10-1.0:18612-1.0:35347-1:35348-0:35349-4000.0:35350-2000.0:35351-300000.0:35352-5000.0,10.83
0-1.0:2-1.0:3-1.0:4-1.0:5-1.0:6-1.0:7-1.0:8-1.0:9-1.0:10-1.0:18612-1.0:35347-1:35348-0:35349-4000.0:35350-2000.0:35351-500000.0:35352-100.0,25.33
0-1.0:2-1.0:3-1.0:4-1.0:5-1.0:6-1.0:7-1.0:8-1.0:9-1.0:10-1.0:18612-1.0:35347-1:35348-0:35349-4000.0:35350-2000.0:35351-500000.0:35352-150.0,20.64
0-1.0:2-1.0:3-1.0:4-1.0:5-1.0:6-1.0:7-1.0:8-1.0:9-1.0:10-1.0:18612-1.0:35347-1:35348-0:35349-4000.0:35350-2000.0:35351-500000.0:35352-250.0,19.07
0-1.0:1-1.0:2-1.0:3-1.0:4-1.0:5-1.0:6-1.0:7-1.0:8-1.0:9-1.0:10-1.0:35347-1:35348-0:35349-4000.0:35350-2000.0:35351-500000.0:35352-500.0,17.86
0-1.0:2-1.0:3-1.0:4-1.0:5-1.0:6-1.0:7-1.0:8-1.0:9-1.0:10-1.0:18612-1.0:35347-1:35348-0:35349-4000.0:35350-2000.0:35351-500000.0:35352-750.0,16.96
0-1.0:2-1.0:3-1.0:4-1.0:5-1.0:6-1.0:7-1.0:8-1.0:9-1.0:10-1.0:18612-1.0:35347-1:35348-0:35349-4000.0:35350-2000.0:35351-500000.0:35352-1000.0,15.6
0-1.0:2-1.0:3-1.0:4-1.0:5-1.0:6-1.0:7-1.0:8-1.0:9-1.0:10-1.0:18612-1.0:35347-1:35348-0:35349-4000.0:35350-2000.0:35351-500000.0:35352-2500.0,13.95
0-1.0:2-1.0:3-1.0:4-1.0:5-1.0:6-1.0:7-1.0:8-1.0:9-1.0:10-1.0:18612-1.0:35347-1:35348-0:35349-8000.0:35350-1000.0:35351-100000.0:35352-100.0,16.95
0-1.0:2-1.0:3-1.0:4-1.0:5-1.0:6-1.0:7-1.0:8-1.0:9-1.0:10-1.0:18612-1.0:35347-1:35348-0:35349-8000.0:35350-1000.0:35351-100000.0:35352-250.0,13.56
0-1.0:2-1.0:3-1.0:4-1.0:5-1.0:6-1.0:7-1.0:8-1.0:9-1.0:10-1.0:18612-1.0:35347-1:35348-0:35349-8000.0:35350-1000.0:35351-100000.0:35352-750.0,11.66
0-1.0:2-1.0:3-1.0:4-1.0:5-1.0:6-1.0:7-1.0:8-1.0:9-1.0:10-1.0:18612-1.0:35347-1:35348-0:35349-8000.0:35350-1000.0:35351-100000.0:35352-1500.0,11.3
0-1.0:2-1.0:3-1.0:4-1.0:5-1.0:6-1.0:7-1.0:8-1.0:9-1.0:10-1.0:18612-1.0:35347-1:35348-0:35349-8000.0:35350-1000.0:35351-100000.0:35352-2500.0,11.45
0-1.0:2-1.0:3-1.0:4-1.0:5-1.0:6-1.0:7-1.0:8-1.0:9-1.0:10-1.0:18612-1.0:35347-1:35348-0:35349-8000.0:35350-1000.0:35351-100000.0:35352-5000.0,10.83
0-1.0:2-1.0:3-1.0:4-1.0:5-1.0:6-1.0:7-1.0:8-1.0:9-1.0:10-1.0:18612-1.0:35347-1:35348-0:35349-8000.0:35350-1000.0:35351-300000.0:35352-150.0,18.36
0-1.0:2-1.0:3-1.0:4-1.0:5-1.0:6-1.0:7-1.0:8-1.0:9-1.0:10-1.0:18612-1.0:35347-1:35348-0:35349-8000.0:35350-1000.0:35351-300000.0:35352-500.0,29.81
0-1.0:2-1.0:3-1.0:4-1.0:5-1.0:6-1.0:7-1.0:8-1.0:9-1.0:10-1.0:18612-1.0:35347-1:35348-0:35349-8000.0:35350-1000.0:35351-300000.0:35352-750.0,15.04
0-1.0:2-1.0:3-1.0:4-1.0:5-1.0:6-1.0:7-1.0:8-1.0:9-1.0:10-1.0:18612-1.0:35347-1:35348-0:35349-8000.0:35350-1000.0:35351-300000.0:35352-1000.0,13.07
0-1.0:2-1.0:3-1.0:4-1.0:5-1.0:6-1.0:7-1.0:8-1.0:9-1.0:10-1.0:18612-1.0:35347-1:35348-0:35349-8000.0:35350-1000.0:35351-300000.0:35352-1500.0,13.38
0-1.0:2-1.0:3-1.0:4-1.0:5-1.0:6-1.0:7-1.0:8-1.0:9-1.0:10-1.0:18612-1.0:35347-1:35348-0:35349-8000.0:35350-1000.0:35351-300000.0:35352-2500.0,12.03
0-1.0:2-1.0:3-1.0:4-1.0:5-1.0:6-1.0:7-1.0:8-1.0:9-1.0:10-1.0:18612-1.0:35347-1:35348-0:35349-8000.0:35350-1000.0:35351-300000.0:35352-5000.0,12.69
0-1.0:2-1.0:3-1.0:4-1.0:5-1.0:6-1.0:7-1.0:8-1.0:9-1.0:10-1.0:18612-1.0:35347-1:35348-0:35349-8000.0:35350-1000.0:35351-500000.0:35352-100.0,22.59
0-1.0:2-1.0:3-1.0:4-1.0:5-1.0:6-1.0:7-1.0:8-1.0:9-1.0:10-1.0:18612-1.0:35347-1:35348-0:35349-8000.0:35350-1000.0:35351-500000.0:35352-150.0,20.93
0-1.0:2-1.0:3-1.0:4-1.0:5-1.0:6-1.0:7-1.0:8-1.0:9-1.0:10-1.0:18612-1.0:35347-1:35348-0:35349-8000.0:35350-1000.0:35351-500000.0:35352-250.0,18.82
0-1.0:2-1.0:3-1.0:4-1.0:5-1.0:6-1.0:7-1.0:8-1.0:9-1.0:10-1.0:18612-1.0:35347-1:35348-0:35349-8000.0:35350-1000.0:35351-500000.0:35352-750.0,20.33
0-1.0:2-1.0:3-1.0:4-1.0:5-1.0:6-1.0:7-1.0:8-1.0:9-1.0:10-1.0:18612-1.0:35347-1:35348-0:35349-8000.0:35350-1000.0:35351-500000.0:35352-1500.0,16.76
0-1.0:2-1.0:3-1.0:4-1.0:5-1.0:6-1.0:7-1.0:8-1.0:9-1.0:10-1.0:18612-1.0:35347-1:35348-0:35349-8000.0:35350-1000.0:35351-500000.0:35352-5000.0,13.13
0-1.0:2-1.0:3-1.0:4-1.0:5-1.0:6-1.0:7-1.0:8-1.0:9-1.0:10-1.0:18612-1.0:35347-1:35348-0:35349-8000.0:35350-2000.0:35351-100000.0:35352-500.0,25.2
0-1.0:2-1.0:3-1.0:4-1.0:5-1.0:6-1.0:7-1.0:8-1.0:9-1.0:10-1.0:18612-1.0:35347-1:35348-0:35349-8000.0:35350-2000.0:35351-100000.0:35352-750.0,15.17
0-1.0:2-1.0:3-1.0:4-1.0:5-1.0:6-1.0:7-1.0:8-1.0:9-1.0:10-1.0:18612-1.0:35347-1:35348-0:35349-8000.0:35350-2000.0:35351-100000.0:35352-1000.0,12.46
0-1.0:2-1.0:3-1.0:4-1.0:5-1.0:6-1.0:7-1.0:8-1.0:9-1.0:10-1.0:18612-1.0:35347-1:35348-0:35349-8000.0:35350-2000.0:35351-100000.0:35352-1500.0,10.83
0-1.0:1-1.0:2-1.0:3-1.0:4-1.0:5-1.0:6-1.0:7-1.0:8-1.0:9-1.0:10-1.0:35347-1:35348-0:35349-8000.0:35350-2000.0:35351-100000.0:35352-2500.0,10.83
0-1.0:2-1.0:3-1.0:4-1.0:5-1.0:6-1.0:7-1.0:8-1.0:9-1.0:10-1.0:18612-1.0:35347-1:35348-0:35349-8000.0:35350-2000.0:35351-100000.0:35352-5000.0,10.83
0-1.0:2-1.0:3-1.0:4-1.0:5-1.0:6-1.0:7-1.0:8-1.0:9-1.0:10-1.0:18612-1.0:35347-1:35348-0:35349-8000.0:35350-2000.0:35351-300000.0:35352-100.0,24.02
0-1.0:2-1.0:3-1.0:4-1.0:5-1.0:6-1.0:7-1.0:8-1.0:9-1.0:10-1.0:18612-1.0:35347-1:35348-0:35349-8000.0:35350-2000.0:35351-300000.0:35352-150.0,18.97
0-1.0:2-1.0:3-1.0:4-1.0:5-1.0:6-1.0:7-1.0:8-1.0:9-1.0:10-1.0:18612-1.0:35347-1:35348-0:35349-8000.0:35350-2000.0:35351-300000.0:35352-250.0,15.9
0-1.0:2-1.0:3-1.0:4-1.0:5-1.0:6-1.0:7-1.0:8-1.0:9-1.0:10-1.0:18612-1.0:35347-1:35348-0:35349-8000.0:35350-2000.0:35351-300000.0:35352-750.0,28.25
0-1.0:2-1.0:3-1.0:4-1.0:5-1.0:6-1.0:7-1.0:8-1.0:9-1.0:10-1.0:18612-1.0:35347-1:35348-0:35349-8000.0:35350-2000.0:35351-300000.0:35352-1000.0,14.54
0-1.0:2-1.0:3-1.0:4-1.0:5-1.0:6-1.0:7-1.0:8-1.0:9-1.0:10-1.0:18612-1.0:35347-1:35348-0:35349-8000.0:35350-2000.0:35351-300000.0:35352-1500.0,12.73
0-1.0:2-1.0:3-1.0:4-1.0:5-1.0:6-1.0:7-1.0:8-1.0:9-1.0:10-1.0:18612-1.0:35347-1:35348-0:35349-8000.0:35350-2000.0:35351-300000.0:35352-2500.0,15.06
0-1.0:2-1.0:3-1.0:4-1.0:5-1.0:6-1.0:7-1.0:8-1.0:9-1.0:10-1.0:18612-1.0:35347-1:35348-0:35349-8000.0:35350-2000.0:35351-300000.0:35352-5000.0,10.83
0-1.0:2-1.0:3-1.0:4-1.0:5-1.0:6-1.0:7-1.0:8-1.0:9-1.0:10-1.0:18612-1.0:35347-1:35348-0:35349-8000.0:35350-2000.0:35351-500000.0:35352-100.0,22.84
0-1.0:2-1.0:3-1.0:4-1.0:5-1.0:6-1.0:7-1.0:8-1.0:9-1.0:10-1.0:18612-1.0:35347-1:35348-0:35349-8000.0:35350-2000.0:35351-500000.0:35352-150.0,20.64
0-1.0:2-1.0:3-1.0:4-1.0:5-1.0:6-1.0:7-1.0:8-1.0:9-1.0:10-1.0:18612-1.0:35347-1:35348-0:35349-8000.0:35350-2000.0:35351-500000.0:35352-500.0,28.95
0-1.0:2-1.0:3-1.0:4-1.0:5-1.0:6-1.0:7-1.0:8-1.0:9-1.0:10-1.0:18612-1.0:35347-1:35348-0:35349-8000.0:35350-2000.0:35351-500000.0:35352-750.0,15.92
0-1.0:2-1.0:3-1.0:4-1.0:5-1.0:6-1.0:7-1.0:8-1.0:9-1.0:10-1.0:18612-1.0:35347-1:35348-0:35349-8000.0:35350-2000.0:35351-500000.0:35352-1000.0,16.44
0-1.0:2-1.0:3-1.0:4-1.0:5-1.0:6-1.0:7-1.0:8-1.0:9-1.0:10-1.0:18612-1.0:35347-1:35348-0:35349-8000.0:35350-2000.0:35351-500000.0:35352-1500.0,17.01
0-1.0:2-1.0:3-1.0:4-1.0:5-1.0:6-1.0:7-1.0:8-1.0:9-1.0:10-1.0:18612-1.0:35347-1:35348-0:35349-8000.0:35350-2000.0:35351-500000.0:35352-5000.0,12.29
0-1.0:2-1.0:3-1.0:4-1.0:5-1.0:6-1.0:7-1.0:8-1.0:9-1.0:10-1.0:18612-1.0:35347-1:35348-0:35349-12000.0:35350-1000.0:35351-100000.0:35352-100.0,21.69
0-1.0:2-1.0:3-1.0:4-1.0:5-1.0:6-1.0:7-1.0:8-1.0:9-1.0:10-1.0:18612-1.0:35347-1:35348-0:35349-12000.0:35350-1000.0:35351-100000.0:35352-500.0,13.17
0-1.0:2-1.0:3-1.0:4-1.0:5-1.0:6-1.0:7-1.0:8-1.0:9-1.0:10-1.0:18612-1.0:35347-1:35348-0:35349-12000.0:35350-1000.0:35351-100000.0:35352-750.0,12.31
0-1.0:2-1.0:3-1.0:4-1.0:5-1.0:6-1.0:7-1.0:8-1.0:9-1.0:10-1.0:18612-1.0:35347-1:35348-0:35349-12000.0:35350-1000.0:35351-100000.0:35352-1500.0,10.83
0-1.0:2-1.0:3-1.0:4-1.0:5-1.0:6-1.0:7-1.0:8-1.0:9-1.0:10-1.0:18612-1.0:35347-1:35348-0:35349-12000.0:35350-1000.0:35351-100000.0:35352-5000.0,10.83
0-1.0:2-1.0:3-1.0:4-1.0:5-1.0:6-1.0:7-1.0:8-1.0:9-1.0:10-1.0:18612-1.0:35347-1:35348-0:35349-12000.0:35350-1000.0:35351-300000.0:35352-100.0,37.87
0-1.0:2-1.0:3-1.0:4-1.0:5-1.0:6-1.0:7-1.0:8-1.0:9-1.0:10-1.0:18612-1.0:35347-1:35348-0:35349-12000.0:35350-1000.0:35351-300000.0:35352-150.0,18.36
0-1.0:2-1.0:3-1.0:4-1.0:5-1.0:6-1.0:7-1.0:8-1.0:9-1.0:10-1.0:18612-1.0:35347-1:35348-0:35349-12000.0:35350-1000.0:35351-300000.0:35352-500.0,15.95
0-1.0:2-1.0:3-1.0:4-1.0:5-1.0:6-1.0:7-1.0:8-1.0:9-1.0:10-1.0:18612-1.0:35347-1:35348-0:35349-12000.0:35350-1000.0:35351-300000.0:35352-1000.0,26.5
0-1.0:1-1.0:2-1.0:3-1.0:4-1.0:5-1.0:6-1.0:7-1.0:8-1.0:9-1.0:10-1.0:35347-1:35348-0:35349-12000.0:35350-1000.0:35351-300000.0:35352-2500.0,12.03
0-1.0:1-1.0:2-1.0:3-1.0:4-1.0:5-1.0:6-1.0:7-1.0:8-1.0:9-1.0:10-1.0:35347-1:35348-0:35349-12000.0:35350-1000.0:35351-500000.0:35352-250.0,18.82
0-1.0:2-1.0:3-1.0:4-1.0:5-1.0:6-1.0:7-1.0:8-1.0:9-1.0:10-1.0:18612-1.0:35347-1:35348-0:35349-12000.0:35350-1000.0:35351-500000.0:35352-500.0,17.61
0-1.0:2-1.0:3-1.0:4-1.0:5-1.0:6-1.0:7-1.0:8-1.0:9-1.0:10-1.0:18612-1.0:35347-1:35348-0:35349-12000.0:35350-1000.0:35351-500000.0:35352-750.0,20.33
0-1.0:2-1.0:3-1.0:4-1.0:5-1.0:6-1.0:7-1.0:8-1.0:9-1.0:10-1.0:18612-1.0:35347-1:35348-0:35349-12000.0:35350-1000.0:35351-500000.0:35352-1000.0,15.35
0-1.0:2-1.0:3-1.0:4-1.0:5-1.0:6-1.0:7-1.0:8-1.0:9-1.0:10-1.0:18612-1.0:35347-1:35348-0:35349-12000.0:35350-1000.0:35351-500000.0:35352-1500.0,24.54
0-1.0:2-1.0:3-1.0:4-1.0:5-1.0:6-1.0:7-1.0:8-1.0:9-1.0:10-1.0:18612-1.0:35347-1:35348-0:35349-12000.0:35350-1000.0:35351-500000.0:35352-2500.0,13.7
0-1.0:2-1.0:3-1.0:4-1.0:5-1.0:6-1.0:7-1.0:8-1.0:9-1.0:10-1.0:18612-1.0:35347-1:35348-0:35349-12000.0:35350-2000.0:35351-100000.0:35352-100.0,19.09
0-1.0:2-1.0:3-1.0:4-1.0:5-1.0:6-1.0:7-1.0:8-1.0:9-1.0:10-1.0:18612-1.0:35347-1:35348-0:35349-12000.0:35350-2000.0:35351-100000.0:35352-150.0,16.52
0-1.0:2-1.0:3-1.0:4-1.0:5-1.0:6-1.0:7-1.0:8-1.0:9-1.0:10-1.0:18612-1.0:35347-1:35348-0:35349-12000.0:35350-2000.0:35351-100000.0:35352-250.0,17.31
0-1.0:2-1.0:3-1.0:4-1.0:5-1.0:6-1.0:7-1.0:8-1.0:9-1.0:10-1.0:18612-1.0:35347-1:35348-0:35349-12000.0:35350-2000.0:35351-100000.0:35352-750.0,13.21
0-1.0:2-1.0:3-1.0:4-1.0:5-1.0:6-1.0:7-1.0:8-1.0:9-1.0:10-1.0:18612-1.0:35347-1:35348-0:35349-12000.0:35350-2000.0:35351-100000.0:35352-1000.0,11.48
0-1.0:2-1.0:3-1.0:4-1.0:5-1.0:6-1.0:7-1.0:8-1.0:9-1.0:10-1.0:18612-1.0:35347-1:35348-0:35349-12000.0:35350-2000.0:35351-100000.0:35352-1500.0,11.55
0-1.0:2-1.0:3-1.0:4-1.0:5-1.0:6-1.0:7-1.0:8-1.0:9-1.0:10-1.0:18612-1.0:35347-1:35348-0:35349-12000.0:35350-2000.0:35351-100000.0:35352-5000.0,10.83
0-1.0:2-1.0:3-1.0:4-1.0:5-1.0:6-1.0:7-1.0:8-1.0:9-1.0:10-1.0:18612-1.0:35347-1:35348-0:35349-12000.0:35350-2000.0:35351-300000.0:35352-100.0,23.66
0-1.0:2-1.0:3-1.0:4-1.0:5-1.0:6-1.0:7-1.0:8-1.0:9-1.0:10-1.0:18612-1.0:35347-1:35348-0:35349-12000.0:35350-2000.0:35351-300000.0:35352-150.0,34.88
0-1.0:1-1.0:2-1.0:3-1.0:4-1.0:5-1.0:6-1.0:7-1.0:8-1.0:9-1.0:10-1.0:35347-1:35348-0:35349-12000.0:35350-2000.0:35351-300000.0:35352-250.0,32.47
0-1.0:2-1.0:3-1.0:4-1.0:5-1.0:6-1.0:7-1.0:8-1.0:9-1.0:10-1.0:18612-1.0:35347-1:35348-0:35349-12000.0:35350-2000.0:35351-300000.0:35352-500.0,20.07
0-1.0:2-1.0:3-1.0:4-1.0:5-1.0:6-1.0:7-1.0:8-1.0:9-1.0:10-1.0:18612-1.0:35347-1:35348-0:35349-12000.0:35350-2000.0:35351-300000.0:35352-1000.0,13.32
0-1.0:2-1.0:3-1.0:4-1.0:5-1.0:6-1.0:7-1.0:8-1.0:9-1.0:10-1.0:18612-1.0:35347-1:35348-0:35349-12000.0:35350-2000.0:35351-300000.0:35352-1500.0,13.07
0-1.0:2-1.0:3-1.0:4-1.0:5-1.0:6-1.0:7-1.0:8-1.0:9-1.0:10-1.0:18612-1.0:35347-1:35348-0:35349-12000.0:35350-2000.0:35351-300000.0:35352-2500.0,12.28
0-1.0:2-1.0:3-1.0:4-1.0:5-1.0:6-1.0:7-1.0:8-1.0:9-1.0:10-1.0:18612-1.0:35347-1:35348-0:35349-12000.0:35350-2000.0:35351-300000.0:35352-5000.0,11.88
0-1.0:1-1.0:2-1.0:3-1.0:4-1.0:5-1.0:6-1.0:7-1.0:8-1.0:9-1.0:10-1.0:35347-1:35348-0:35349-12000.0:35350-2000.0:35351-500000.0:35352-100.0,22.84
0-1.0:2-1.0:3-1.0:4-1.0:5-1.0:6-1.0:7-1.0:8-1.0:9-1.0:10-1.0:18612-1.0:35347-1:35348-0:35349-12000.0:35350-2000.0:35351-500000.0:35352-150.0,22.43
0-1.0:2-1.0:3-1.0:4-1.0:5-1.0:6-1.0:7-1.0:8-1.0:9-1.0:10-1.0:18612-1.0:35347-1:35348-0:35349-12000.0:35350-2000.0:35351-500000.0:35352-250.0,17.86
0-1.0:1-1.0:2-1.0:3-1.0:4-1.0:5-1.0:6-1.0:7-1.0:8-1.0:9-1.0:10-1.0:35347-1:35348-0:35349-12000.0:35350-2000.0:35351-500000.0:35352-750.0,16.96
0-1.0:2-1.0:3-1.0:4-1.0:5-1.0:6-1.0:7-1.0:8-1.0:9-1.0:10-1.0:18612-1.0:35347-1:35348-0:35349-12000.0:35350-2000.0:35351-500000.0:35352-1000.0,19.62
0-1.0:2-1.0:3-1.0:4-1.0:5-1.0:6-1.0:7-1.0:8-1.0:9-1.0:10-1.0:18612-1.0:35347-1:35348-0:35349-16000.0:35350-1000.0:35351-500000.0:35352-150.0,20.26
0-1.0:2-1.0:3-1.0:4-1.0:5-1.0:6-1.0:7-1.0:8-1.0:9-1.0:10-1.0:18612-1.0:35347-1:35348-0:35349-16000.0:35350-1000.0:35351-500000.0:35352-250.0,19.04
0-1.0:2-1.0:3-1.0:4-1.0:5-1.0:6-1.0:7-1.0:8-1.0:9-1.0:10-1.0:18612-1.0:35347-1:35348-0:35349-16000.0:35350-1000.0:35351-500000.0:35352-750.0,19.24
0-1.0:2-1.0:3-1.0:4-1.0:5-1.0:6-1.0:7-1.0:8-1.0:9-1.0:10-1.0:18612-1.0:35347-1:35348-0:35349-16000.0:35350-1000.0:35351-500000.0:35352-1000.0,15.52
0-1.0:2-1.0:3-1.0:4-1.0:5-1.0:6-1.0:7-1.0:8-1.0:9-1.0:10-1.0:18612-1.0:35347-1:35348-0:35349-16000.0:35350-1000.0:35351-500000.0:35352-2500.0,13.84
0-1.0:1-1.0:2-1.0:3-1.0:4-1.0:5-1.0:6-1.0:7-1.0:8-1.0:9-1.0:10-1.0:35347-1:35348-0:35349-16000.0:35350-1000.0:35351-500000.0:35352-5000.0,12.16
0-1.0:2-1.0:3-1.0:4-1.0:5-1.0:6-1.0:7-1.0:8-1.0:9-1.0:10-1.0:18612-1.0:35347-1:35348-0:35349-16000.0:35350-2000.0:35351-100000.0:35352-100.0,17.45
0-1.0:2-1.0:3-1.0:4-1.0:5-1.0:6-1.0:7-1.0:8-1.0:9-1.0:10-1.0:18612-1.0:35347-1:35348-0:35349-16000.0:35350-2000.0:35351-100000.0:35352-150.0,18.6
0-1.0:2-1.0:3-1.0:4-1.0:5-1.0:6-1.0:7-1.0:8-1.0:9-1.0:10-1.0:18612-1.0:35347-1:35348-0:35349-16000.0:35350-2000.0:35351-100000.0:35352-500.0,16.82
0-1.0:2-1.0:3-1.0:4-1.0:5-1.0:6-1.0:7-1.0:8-1.0:9-1.0:10-1.0:18612-1.0:35347-1:35348-0:35349-16000.0:35350-2000.0:35351-100000.0:35352-1000.0,16.11
0-1.0:1-1.0:2-1.0:3-1.0:4-1.0:5-1.0:6-1.0:7-1.0:8-1.0:9-1.0:10-1.0:35347-1:35348-0:35349-16000.0:35350-2000.0:35351-100000.0:35352-2500.0,10.83
0-1.0:2-1.0:3-1.0:4-1.0:5-1.0:6-1.0:7-1.0:8-1.0:9-1.0:10-1.0:18612-1.0:35347-1:35348-0:35349-16000.0:35350-2000.0:35351-100000.0:35352-5000.0,10.83
0-1.0:2-1.0:3-1.0:4-1.0:5-1.0:6-1.0:7-1.0:8-1.0:9-1.0:10-1.0:18612-1.0:35347-1:35348-0:35349-16000.0:35350-2000.0:35351-300000.0:35352-250.0,17.62
0-1.0:2-1.0:3-1.0:4-1.0:5-1.0:6-1.0:7-1.0:8-1.0:9-1.0:10-1.0:18612-1.0:35347-1:35348-0:35349-16000.0:35350-2000.0:35351-300000.0:35352-500.0,16.4
0-1.0:2-1.0:3-1.0:4-1.0:5-1.0:6-1.0:7-1.0:8-1.0:9-1.0:10-1.0:18612-1.0:35347-1:35348-0:35349-16000.0:35350-2000.0:35351-300000.0:35352-1000.0,14.72
0-1.0:1-1.0:2-1.0:3-1.0:4-1.0:5-1.0:6-1.0:7-1.0:8-1.0:9-1.0:10-1.0:35347-1:35348-0:35349-16000.0:35350-2000.0:35351-300000.0:35352-5000.0,19.15
0-1.0:2-1.0:3-1.0:4-1.0:5-1.0:6-1.0:7-1.0:8-1.0:9-1.0:10-1.0:18612-1.0:35347-1:35348-0:35349-16000.0:35350-2000.0:35351-500000.0:35352-150.0,20.51
0-1.0:2-1.0:3-1.0:4-1.0:5-1.0:6-1.0:7-1.0:8-1.0:9-1.0:10-1.0:18612-1.0:35347-1:35348-0:35349-16000.0:35350-2000.0:35351-500000.0:35352-250.0,19.29
0-1.0:2-1.0:3-1.0:4-1.0:5-1.0:6-1.0:7-1.0:8-1.0:9-1.0:10-1.0:18612-1.0:35347-1:35348-0:35349-16000.0:35350-2000.0:35351-500000.0:35352-750.0,15.84
0-1.0:2-1.0:3-1.0:4-1.0:5-1.0:6-1.0:7-1.0:8-1.0:9-1.0:10-1.0:18612-1.0:35347-1:35348-0:35349-16000.0:35350-2000.0:35351-500000.0:35352-1500.0,15.47
0-1.0:1-1.0:2-1.0:3-1.0:4-1.0:5-1.0:6-1.0:7-1.0:8-1.0:9-1.0:10-1.0:35347-1:35348-0:35349-16000.0:35350-2000.0:35351-500000.0:35352-2500.0,16.92
0-1.0:2-1.0:3-1.0:4-1.0:5-1.0:6-1.0:7-1.0:8-1.0:9-1.0:10-1.0:18612-1.0:35347-1:35348-0:35349-16000.0:35350-2000.0:35351-500000.0:35352-5000.0,12.41
0-1.0:2-1.0:3-1.0:4-1.0:5-1.0:6-1.0:7-1.0:8-1.0:9-1.0:10-1.0:18612-1.0:35347-1:35348-0:35349-20000.0:35350-1000.0:35351-100000.0:35352-100.0,20.31
0-1.0:1-1.0:2-1.0:3-1.0:4-1.0:5-1.0:6-1.0:7-1.0:8-1.0:9-1.0:10-1.0:35347-1:35348-0:35349-20000.0:35350-1000.0:35351-100000.0:35352-150.0,19.5
0-1.0:2-1.0:3-1.0:4-1.0:5-1.0:6-1.0:7-1.0:8-1.0:9-1.0:10-1.0:18612-1.0:35347-1:35348-0:35349-20000.0:35350-1000.0:35351-100000.0:35352-250.0,18.68
0-1.0:2-1.0:3-1.0:4-1.0:5-1.0:6-1.0:7-1.0:8-1.0:9-1.0:10-1.0:18612-1.0:35347-1:35348-0:35349-20000.0:35350-1000.0:35351-100000.0:35352-750.0,28.01
0-1.0:2-1.0:3-1.0:4-1.0:5-1.0:6-1.0:7-1.0:8-1.0:9-1.0:10-1.0:18612-1.0:35347-1:35348-0:35349-20000.0:35350-1000.0:35351-100000.0:35352-1500.0,15.57
0-1.0:2-1.0:3-1.0:4-1.0:5-1.0:6-1.0:7-1.0:8-1.0:9-1.0:10-1.0:18612-1.0:35347-1:35348-0:35349-20000.0:35350-1000.0:35351-100000.0:35352-2500.0,10.83
0-1.0:2-1.0:3-1.0:4-1.0:5-1.0:6-1.0:7-1.0:8-1.0:9-1.0:10-1.0:18612-1.0:35347-1:35348-0:35349-20000.0:35350-1000.0:35351-100000.0:35352-5000.0,10.83
0-1.0:2-1.0:3-1.0:4-1.0:5-1.0:6-1.0:7-1.0:8-1.0:9-1.0:10-1.0:18612-1.0:35347-1:35348-0:35349-20000.0:35350-1000.0:35351-300000.0:35352-100.0,20.37
0-1.0:2-1.0:3-1.0:4-1.0:5-1.0:6-1.0:7-1.0:8-1.0:9-1.0:10-1.0:18612-1.0:35347-1:35348-0:35349-20000.0:35350-1000.0:35351-300000.0:35352-150.0,21.58
0-1.0:2-1.0:3-1.0:4-1.0:5-1.0:6-1.0:7-1.0:8-1.0:9-1.0:10-1.0:18612-1.0:35347-1:35348-0:35349-20000.0:35350-1000.0:35351-300000.0:35352-500.0,16.29
0-1.0:2-1.0:3-1.0:4-1.0:5-1.0:6-1.0:7-1.0:8-1.0:9-1.0:10-1.0:18612-1.0:35347-1:35348-0:35349-20000.0:35350-1000.0:35351-300000.0:35352-1000.0,15.25
0-1.0:1-1.0:2-1.0:3-1.0:4-1.0:5-1.0:6-1.0:7-1.0:8-1.0:9-1.0:10-1.0:35347-1:35348-0:35349-20000.0:35350-1000.0:35351-300000.0:35352-1500.0,14.27
0-1.0:2-1.0:3-1.0:4-1.0:5-1.0:6-1.0:7-1.0:8-1.0:9-1.0:10-1.0:18612-1.0:35347-1:35348-0:35349-20000.0:35350-1000.0:35351-300000.0:35352-5000.0,13.5
0-1.0:2-1.0:3-1.0:4-1.0:5-1.0:6-1.0:7-1.0:8-1.0:9-1.0:10-1.0:18612-1.0:35347-1:35348-0:35349-20000.0:35350-1000.0:35351-500000.0:35352-100.0,28.4
0-1.0:2-1.0:3-1.0:4-1.0:5-1.0:6-1.0:7-1.0:8-1.0:9-1.0:10-1.0:18612-1.0:35347-1:35348-0:35349-20000.0:35350-1000.0:35351-500000.0:35352-1000.0,16.91
0-1.0:2-1.0:3-1.0:4-1.0:5-1.0:6-1.0:7-1.0:8-1.0:9-1.0:10-1.0:18612-1.0:35347-1:35348-0:35349-20000.0:35350-1000.0:35351-500000.0:35352-1500.0,15.94
0-1.0:1-1.0:2-1.0:3-1.0:4-1.0:5-1.0:6-1.0:7-1.0:8-1.0:9-1.0:10-1.0:35347-1:35348-0:35349-20000.0:35350-1000.0:35351-500000.0:35352-2500.0,14.48
0-1.0:2-1.0:3-1.0:4-1.0:5-1.0:6-1.0:7-1.0:8-1.0:9-1.0:10-1.0:18612-1.0:35347-1:35348-0:35349-20000.0:35350-1000.0:35351-500000.0:35352-5000.0,12.69
0-1.0:2-1.0:3-1.0:4-1.0:5-1.0:6-1.0:7-1.0:8-1.0:9-1.0:10-1.0:18612-1.0:35347-1:35348-0:35349-20000.0:35350-2000.0:35351-100000.0:35352-100.0,18.53
0-1.0:2-1.0:3-1.0:4-1.0:5-1.0:6-1.0:7-1.0:8-1.0:9-1.0:10-1.0:18612-1.0:35347-1:35348-0:35349-20000.0:35350-2000.0:35351-100000.0:35352-150.0,21.3
0-1.0:2-1.0:3-1.0:4-1.0:5-1.0:6-1.0:7-1.0:8-1.0:9-1.0:10-1.0:18612-1.0:35347-1:35348-0:35349-20000.0:35350-2000.0:35351-100000.0:35352-250.0,14.88
0-1.0:2-1.0:3-1.0:4-1.0:5-1.0:6-1.0:7-1.0:8-1.0:9-1.0:10-1.0:18612-1.0:35347-1:35348-0:35349-20000.0:35350-2000.0:35351-100000.0:35352-500.0,15.2
0-1.0:2-1.0:3-1.0:4-1.0:5-1.0:6-1.0:7-1.0:8-1.0:9-1.0:10-1.0:18612-1.0:35347-1:35348-0:35349-20000.0:35350-2000.0:35351-100000.0:35352-2500.0,10.83
0-1.0:2-1.0:3-1.0:4-1.0:5-1.0:6-1.0:7-1.0:8-1.0:9-1.0:10-1.0:18612-1.0:35347-1:35348-0:35349-20000.0:35350-2000.0:35351-100000.0:35352-5000.0,10.83
0-1.0:2-1.0:3-1.0:4-1.0:5-1.0:6-1.0:7-1.0:8-1.0:9-1.0:10-1.0:18612-1.0:35347-1:35348-0:35349-20000.0:35350-2000.0:35351-300000.0:35352-100.0,20.62
0-1.0:2-1.0:3-1.0:4-1.0:5-1.0:6-1.0:7-1.0:8-1.0:9-1.0:10-1.0:18612-1.0:35347-1:35348-0:35349-20000.0:35350-2000.0:35351-300000.0:35352-150.0,19.88
0-1.0:2-1.0:3-1.0:4-1.0:5-1.0:6-1.0:7-1.0:8-1.0:9-1.0:10-1.0:18612-1.0:35347-1:35348-0:35349-20000.0:35350-2000.0:35351-300000.0:35352-250.0,16.96
0-1.0:1-1.0:2-1.0:3-1.0:4-1.0:5-1.0:6-1.0:7-1.0:8-1.0:9-1.0:10-1.0:35347-1:35348-0:35349-20000.0:35350-2000.0:35351-300000.0:35352-500.0,17.28
0-1.0:2-1.0:3-1.0:4-1.0:5-1.0:6-1.0:7-1.0:8-1.0:9-1.0:10-1.0:18612-1.0:35347-1:35348-0:35349-20000.0:35350-2000.0:35351-300000.0:35352-1500.0,13.55
0-1.0:2-1.0:3-1.0:4-1.0:5-1.0:6-1.0:7-1.0:8-1.0:9-1.0:10-1.0:18612-1.0:35347-1:35348-0:35349-20000.0:35350-2000.0:35351-300000.0:35352-2500.0,21.68
0-1.0:2-1.0:3-1.0:4-1.0:5-1.0:6-1.0:7-1.0:8-1.0:9-1.0:10-1.0:18612-1.0:35347-1:35348-0:35349-20000.0:35350-2000.0:35351-300000.0:35352-5000.0,10.83
0-1.0:2-1.0:3-1.0:4-1.0:5-1.0:6-1.0:7-1.0:8-1.0:9-1.0:10-1.0:18612-1.0:35347-1:35348-0:35349-20000.0:35350-2000.0:35351-500000.0:35352-250.0,18.63
0-1.0:2-1.0:3-1.0:4-1.0:5-1.0:6-1.0:7-1.0:8-1.0:9-1.0:10-1.0:18612-1.0:35347-1:35348-0:35349-20000.0:35350-2000.0:35351-500000.0:35352-500.0,17.75
0-1.0:1-1.0:2-1.0:3-1.0:4-1.0:5-1.0:6-1.0:7-1.0:8-1.0:9-1.0:10-1.0:35347-1:35348-0:35349-20000.0:35350-2000.0:35351-500000.0:35352-750.0,21.85
0-1.0:2-1.0:3-1.0:4-1.0:5-1.0:6-1.0:7-1.0:8-1.0:9-1.0:10-1.0:18612-1.0:35347-1:35348-0:35349-20000.0:35350-2000.0:35351-500000.0:35352-2500.0,13.65
0-1.0:2-1.0:3-1.0:4-1.0:5-1.0:6-1.0:7-1.0:8-1.0:9-1.0:10-1.0:18612-1.0:35347-1:35348-0:35349-20000.0:35350-2000.0:35351-500000.0:35352-5000.0,14.28
0-1.0:2-1.0:3-1.0:4-1.0:5-1.0:6-1.0:7-1.0:8-1.0:9-1.0:10-1.0:18612-1.0:35347-1:35348-0:35349-24000.0:35350-1000.0:35351-100000.0:35352-100.0,21.51
0-1.0:2-1.0:3-1.0:4-1.0:5-1.0:6-1.0:7-1.0:8-1.0:9-1.0:10-1.0:18612-1.0:35347-1:35348-0:35349-24000.0:35350-1000.0:35351-100000.0:35352-150.0,21.06
0-1.0:1-1.0:2-1.0:3-1.0:4-1.0:5-1.0:6-1.0:7-1.0:8-1.0:9-1.0:10-1.0:35347-1:35348-0:35349-24000.0:35350-1000.0:35351-100000.0:35352-250.0,17.21
0-1.0:2-1.0:3-1.0:4-1.0:5-1.0:6-1.0:7-1.0:8-1.0:9-1.0:10-1.0:18612-1.0:35347-1:35348-0:35349-24000.0:35350-1000.0:35351-100000.0:35352-500.0,15.83
0-1.0:2-1.0:3-1.0:4-1.0:5-1.0:6-1.0:7-1.0:8-1.0:9-1.0:10-1.0:18612-1.0:35347-1:35348-0:35349-24000.0:35350-1000.0:35351-100000.0:35352-1500.0,13.89
0-1.0:2-1.0:3-1.0:4-1.0:5-1.0:6-1.0:7-1.0:8-1.0:9-1.0:10-1.0:18612-1.0:35347-1:35348-0:35349-24000.0:35350-1000.0:35351-100000.0:35352-2500.0,12.87
0-1.0:2-1.0:3-1.0:4-1.0:5-1.0:6-1.0:7-1.0:8-1.0:9-1.0:10-1.0:18612-1.0:35347-1:35348-0:35349-24000.0:35350-1000.0:35351-100000.0:35352-5000.0,11.1
0-1.0:2-1.0:3-1.0:4-1.0:5-1.0:6-1.0:7-1.0:8-1.0:9-1.0:10-1.0:18612-1.0:35347-1:35348-0:35349-24000.0:35350-1000.0:35351-300000.0:35352-100.0,23.6
0-1.0:2-1.0:3-1.0:4-1.0:5-1.0:6-1.0:7-1.0:8-1.0:9-1.0:10-1.0:18612-1.0:35347-1:35348-0:35349-24000.0:35350-1000.0:35351-300000.0:35352-150.0,22.74
0-1.0:1-1.0:2-1.0:3-1.0:4-1.0:5-1.0:6-1.0:7-1.0:8-1.0:9-1.0:10-1.0:35347-1:35348-0:35349-24000.0:35350-1000.0:35351-300000.0:35352-250.0,36.51
0-1.0:2-1.0:3-1.0:4-1.0:5-1.0:6-1.0:7-1.0:8-1.0:9-1.0:10-1.0:18612-1.0:35347-1:35348-0:35349-24000.0:35350-1000.0:35351-300000.0:35352-500.0,30.58
0-1.0:2-1.0:3-1.0:4-1.0:5-1.0:6-1.0:7-1.0:8-1.0:9-1.0:10-1.0:18612-1.0:35347-1:35348-0:35349-24000.0:35350-1000.0:35351-300000.0:35352-1000.0,16.3
0-1.0:2-1.0:3-1.0:4-1.0:5-1.0:6-1.0:7-1.0:8-1.0:9-1.0:10-1.0:18612-1.0:35347-1:35348-0:35349-24000.0:35350-1000.0:35351-300000.0:35352-1500.0,14.99
0-1.0:2-1.0:3-1.0:4-1.0:5-1.0:6-1.0:7-1.0:8-1.0:9-1.0:10-1.0:18612-1.0:35347-1:35348-0:35349-24000.0:35350-1000.0:35351-300000.0:35352-2500.0,13.44
0-1.0:2-1.0:3-1.0:4-1.0:5-1.0:6-1.0:7-1.0:8-1.0:9-1.0:10-1.0:18612-1.0:35347-1:35348-0:35349-24000.0:35350-1000.0:35351-300000.0:35352-5000.0,11.55
0-1.0:2-1.0:3-1.0:4-1.0:5-1.0:6-1.0:7-1.0:8-1.0:9-1.0:10-1.0:18612-1.0:35347-1:35348-0:35349-24000.0:35350-1000.0:35351-500000.0:35352-100.0,23.11
0-1.0:2-1.0:3-1.0:4-1.0:5-1.0:6-1.0:7-1.0:8-1.0:9-1.0:10-1.0:18612-1.0:35347-1:35348-0:35349-24000.0:35350-1000.0:35351-500000.0:35352-150.0,22.34
0-1.0:2-1.0:3-1.0:4-1.0:5-1.0:6-1.0:7-1.0:8-1.0:9-1.0:10-1.0:18612-1.0:35347-1:35348-0:35349-24000.0:35350-1000.0:35351-500000.0:35352-250.0,19.24
0-1.0:1-1.0:2-1.0:3-1.0:4-1.0:5-1.0:6-1.0:7-1.0:8-1.0:9-1.0:10-1.0:35347-1:35348-0:35349-24000.0:35350-1000.0:35351-500000.0:35352-750.0,18.55
0-1.0:2-1.0:3-1.0:4-1.0:5-1.0:6-1.0:7-1.0:8-1.0:9-1.0:10-1.0:18612-1.0:35347-1:35348-0:35349-24000.0:35350-1000.0:35351-500000.0:35352-1000.0,16.3
0-1.0:2-1.0:3-1.0:4-1.0:5-1.0:6-1.0:7-1.0:8-1.0:9-1.0:10-1.0:18612-1.0:35347-1:35348-0:35349-24000.0:35350-1000.0:35351-500000.0:35352-1500.0,18.38
0-1.0:1-1.0:2-1.0:3-1.0:4-1.0:5-1.0:6-1.0:7-1.0:8-1.0:9-1.0:10-1.0:35347-1:35348-0:35349-24000.0:35350-2000.0:35351-100000.0:35352-100.0,21.76
0-1.0:2-1.0:3-1.0:4-1.0:5-1.0:6-1.0:7-1.0:8-1.0:9-1.0:10-1.0:18612-1.0:35347-1:35348-0:35349-24000.0:35350-2000.0:35351-100000.0:35352-250.0,17.46
0-1.0:2-1.0:3-1.0:4-1.0:5-1.0:6-1.0:7-1.0:8-1.0:9-1.0:10-1.0:18612-1.0:35347-1:35348-0:35349-24000.0:35350-2000.0:35351-100000.0:35352-500.0,16.08
0-1.0:2-1.0:3-1.0:4-1.0:5-1.0:6-1.0:7-1.0:8-1.0:9-1.0:10-1.0:18612-1.0:35347-1:35348-0:35349-24000.0:35350-2000.0:35351-100000.0:35352-750.0,29.85
0-1.0:2-1.0:3-1.0:4-1.0:5-1.0:6-1.0:7-1.0:8-1.0:9-1.0:10-1.0:18612-1.0:35347-1:35348-0:35349-24000.0:35350-2000.0:35351-100000.0:35352-1500.0,11.87
0-1.0:1-1.0:2-1.0:3-1.0:4-1.0:5-1.0:6-1.0:7-1.0:8-1.0:9-1.0:10-1.0:35347-1:35348-0:35349-24000.0:35350-2000.0:35351-100000.0:35352-2500.0,11.61
0-1.0:2-1.0:3-1.0:4-1.0:5-1.0:6-1.0:7-1.0:8-1.0:9-1.0:10-1.0:18612-1.0:35347-1:35348-0:35349-24000.0:35350-2000.0:35351-100000.0:35352-5000.0,10.83
0-1.0:2-1.0:3-1.0:4-1.0:5-1.0:6-1.0:7-1.0:8-1.0:9-1.0:10-1.0:18612-1.0:35347-1:35348-0:35349-24000.0:35350-2000.0:35351-300000.0:35352-100.0,21.7
0-1.0:2-1.0:3-1.0:4-1.0:5-1.0:6-1.0:7-1.0:8-1.0:9-1.0:10-1.0:18612-1.0:35347-1:35348-0:35349-24000.0:35350-2000.0:35351-300000.0:35352-500.0,18.48
0-1.0:1-1.0:2-1.0:3-1.0:4-1.0:5-1.0:6-1.0:7-1.0:8-1.0:9-1.0:10-1.0:35347-1:35348-0:35349-24000.0:35350-2000.0:35351-300000.0:35352-1500.0,18.79
0-1.0:2-1.0:3-1.0:4-1.0:5-1.0:6-1.0:7-1.0:8-1.0:9-1.0:10-1.0:18612-1.0:35347-1:35348-0:35349-24000.0:35350-2000.0:35351-300000.0:35352-5000.0,11.8
0-1.0:2-1.0:3-1.0:4-1.0:5-1.0:6-1.0:7-1.0:8-1.0:9-1.0:10-1.0:18612-1.0:35347-1:35348-0:35349-24000.0:35350-2000.0:35351-500000.0:35352-100.0,25.51
0-1.0:1-1.0:2-1.0:3-1.0:4-1.0:5-1.0:6-1.0:7-1.0:8-1.0:9-1.0:10-1.0:35347-1:35348-0:35349-24000.0:35350-2000.0:35351-500000.0:35352-150.0,30.33
0-1.0:2-1.0:3-1.0:4-1.0:5-1.0:6-1.0:7-1.0:8-1.0:9-1.0:10-1.0:18612-1.0:35347-1:35348-0:35349-24000.0:35350-2000.0:35351-500000.0:35352-250.0,23.5
0-1.0:2-1.0:3-1.0:4-1.0:5-1.0:6-1.0:7-1.0:8-1.0:9-1.0:10-1.0:18612-1.0:35347-1:35348-0:35349-24000.0:35350-2000.0:35351-500000.0:35352-500.0,19.83
0-1.0:2-1.0:3-1.0:4-1.0:5-1.0:6-1.0:7-1.0:8-1.0:9-1.0:10-1.0:18612-1.0:35347-1:35348-0:35349-24000.0:35350-2000.0:35351-500000.0:35352-750.0,18.8
0-1.0:2-1.0:3-1.0:4-1.0:5-1.0:6-1.0:7-1.0:8-1.0:9-1.0:10-1.0:18612-1.0:35347-1:35348-0:35349-24000.0:35350-2000.0:35351-500000.0:35352-1000.0,16.55
0-1.0:2-1.0:3-1.0:4-1.0:5-1.0:6-1.0:7-1.0:8-1.0:9-1.0:10-1.0:18612-1.0:35347-1:35348-0:35349-24000.0:35350-2000.0:35351-500000.0:35352-2500.0,14.79
0-1.0:2-1.0:3-1.0:4-1.0:5-1.0:6-1.0:7-1.0:8-1.0:9-1.0:10-1.0:18612-1.0:35347-1:35348-0:35349-24000.0:35350-2000.0:35351-500000.0:35352-5000.0,13.47
0-1.0:2-1.0:3-1.0:4-1.0:5-1.0:6-1.0:7-1.0:8-1.0:9-1.0:10-1.0:18612-1.0:35347-1:35348-0:35349-28000.0:35350-1000.0:35351-100000.0:35352-100.0,20.44
0-1.0:2-1.0:3-1.0:4-1.0:5-1.0:6-1.0:7-1.0:8-1.0:9-1.0:10-1.0:18612-1.0:35347-1:35348-0:35349-28000.0:35350-1000.0:35351-100000.0:35352-150.0,21.81
0-1.0:2-1.0:3-1.0:4-1.0:5-1.0:6-1.0:7-1.0:8-1.0:9-1.0:10-1.0:18612-1.0:35347-1:35348-0:35349-28000.0:35350-1000.0:35351-100000.0:35352-250.0,17.26
0-1.0:2-1.0:3-1.0:4-1.0:5-1.0:6-1.0:7-1.0:8-1.0:9-1.0:10-1.0:18612-1.0:35347-1:35348-0:35349-28000.0:35350-1000.0:35351-100000.0:35352-750.0,19.95
0-1.0:2-1.0:3-1.0:4-1.0:5-1.0:6-1.0:7-1.0:8-1.0:9-1.0:10-1.0:18612-1.0:35347-1:35348-0:35349-28000.0:35350-1000.0:35351-100000.0:35352-1500.0,15.66
0-1.0:2-1.0:3-1.0:4-1.0:5-1.0:6-1.0:7-1.0:8-1.0:9-1.0:10-1.0:18612-1.0:35347-1:35348-0:35349-28000.0:35350-1000.0:35351-100000.0:35352-2500.0,10.83
0-1.0:2-1.0:3-1.0:4-1.0:5-1.0:6-1.0:7-1.0:8-1.0:9-1.0:10-1.0:18612-1.0:35347-1:35348-0:35349-28000.0:35350-1000.0:35351-100000.0:35352-5000.0,10.83
0-1.0:2-1.0:3-1.0:4-1.0:5-1.0:6-1.0:7-1.0:8-1.0:9-1.0:10-1.0:18612-1.0:35347-1:35348-0:35349-28000.0:35350-1000.0:35351-300000.0:35352-100.0,22.53
0-1.0:2-1.0:3-1.0:4-1.0:5-1.0:6-1.0:7-1.0:8-1.0:9-1.0:10-1.0:18612-1.0:35347-1:35348-0:35349-28000.0:35350-1000.0:35351-300000.0:35352-150.0,23.89
0-1.0:2-1.0:3-1.0:4-1.0:5-1.0:6-1.0:7-1.0:8-1.0:9-1.0:10-1.0:18612-1.0:35347-1:35348-0:35349-28000.0:35350-1000.0:35351-300000.0:35352-500.0,18.8
0-1.0:2-1.0:3-1.0:4-1.0:5-1.0:6-1.0:7-1.0:8-1.0:9-1.0:10-1.0:18612-1.0:35347-1:35348-0:35349-28000.0:35350-1000.0:35351-300000.0:35352-750.0,16.15
0-1.0:2-1.0:3-1.0:4-1.0:5-1.0:6-1.0:7-1.0:8-1.0:9-1.0:10-1.0:18612-1.0:35347-1:35348-0:35349-28000.0:35350-1000.0:35351-300000.0:35352-1500.0,15.71
0-1.0:2-1.0:3-1.0:4-1.0:5-1.0:6-1.0:7-1.0:8-1.0:9-1.0:10-1.0:18612-1.0:35347-1:35348-0:35349-28000.0:35350-1000.0:35351-300000.0:35352-5000.0,14.84
0-1.0:2-1.0:3-1.0:4-1.0:5-1.0:6-1.0:7-1.0:8-1.0:9-1.0:10-1.0:18612-1.0:35347-1:35348-0:35349-28000.0:35350-1000.0:35351-500000.0:35352-100.0,26.46
0-1.0:2-1.0:3-1.0:4-1.0:5-1.0:6-1.0:7-1.0:8-1.0:9-1.0:10-1.0:18612-1.0:35347-1:35348-0:35349-28000.0:35350-1000.0:35351-500000.0:35352-150.0,23.37
0-1.0:2-1.0:3-1.0:4-1.0:5-1.0:6-1.0:7-1.0:8-1.0:9-1.0:10-1.0:18612-1.0:35347-1:35348-0:35349-28000.0:35350-1000.0:35351-500000.0:35352-500.0,18.8
0-1.0:2-1.0:3-1.0:4-1.0:5-1.0:6-1.0:7-1.0:8-1.0:9-1.0:10-1.0:18612-1.0:35347-1:35348-0:35349-28000.0:35350-1000.0:35351-500000.0:35352-750.0,17.82
0-1.0:2-1.0:3-1.0:4-1.0:5-1.0:6-1.0:7-1.0:8-1.0:9-1.0:10-1.0:18612-1.0:35347-1:35348-0:35349-28000.0:35350-1000.0:35351-500000.0:35352-1000.0,17.0
0-1.0:2-1.0:3-1.0:4-1.0:5-1.0:6-1.0:7-1.0:8-1.0:9-1.0:10-1.0:18612-1.0:35347-1:35348-0:35349-28000.0:35350-1000.0:35351-500000.0:35352-1500.0,19.41
0-1.0:1-1.0:2-1.0:3-1.0:4-1.0:5-1.0:6-1.0:7-1.0:8-1.0:9-1.0:10-1.0:35347-1:35348-0:35349-28000.0:35350-1000.0:35351-500000.0:35352-2500.0,15.74
0-1.0:2-1.0:3-1.0:4-1.0:5-1.0:6-1.0:7-1.0:8-1.0:9-1.0:10-1.0:18612-1.0:35347-1:35348-0:35349-28000.0:35350-2000.0:35351-100000.0:35352-150.0,28.08
0-1.0:2-1.0:3-1.0:4-1.0:5-1.0:6-1.0:7-1.0:8-1.0:9-1.0:10-1.0:18612-1.0:35347-1:35348-0:35349-28000.0:35350-2000.0:35351-100000.0:35352-250.0,21.13
0-1.0:2-1.0:3-1.0:4-1.0:5-1.0:6-1.0:7-1.0:8-1.0:9-1.0:10-1.0:18612-1.0:35347-1:35348-0:35349-28000.0:35350-2000.0:35351-100000.0:35352-500.0,16.13
0-1.0:2-1.0:3-1.0:4-1.0:5-1.0:6-1.0:7-1.0:8-1.0:9-1.0:10-1.0:18612-1.0:35347-1:35348-0:35349-28000.0:35350-2000.0:35351-100000.0:35352-750.0,14.31
0-1.0:2-1.0:3-1.0:4-1.0:5-1.0:6-1.0:7-1.0:8-1.0:9-1.0:10-1.0:18612-1.0:35347-1:35348-0:35349-28000.0:35350-2000.0:35351-100000.0:35352-1000.0,17.16
0-1.0:2-1.0:3-1.0:4-1.0:5-1.0:6-1.0:7-1.0:8-1.0:9-1.0:10-1.0:18612-1.0:35347-1:35348-0:35349-28000.0:35350-2000.0:35351-100000.0:35352-2500.0,14.03
0-1.0:2-1.0:3-1.0:4-1.0:5-1.0:6-1.0:7-1.0:8-1.0:9-1.0:10-1.0:18612-1.0:35347-1:35348-0:35349-28000.0:35350-2000.0:35351-100000.0:35352-5000.0,10.83
0-1.0:2-1.0:3-1.0:4-1.0:5-1.0:6-1.0:7-1.0:8-1.0:9-1.0:10-1.0:18612-1.0:35347-1:35348-0:35349-28000.0:35350-2000.0:35351-300000.0:35352-100.0,22.78
0-1.0:2-1.0:3-1.0:4-1.0:5-1.0:6-1.0:7-1.0:8-1.0:9-1.0:10-1.0:18612-1.0:35347-1:35348-0:35349-28000.0:35350-2000.0:35351-300000.0:35352-150.0,22.39
0-1.0:2-1.0:3-1.0:4-1.0:5-1.0:6-1.0:7-1.0:8-1.0:9-1.0:10-1.0:18612-1.0:35347-1:35348-0:35349-28000.0:35350-2000.0:35351-300000.0:35352-500.0,19.72
0-1.0:2-1.0:3-1.0:4-1.0:5-1.0:6-1.0:7-1.0:8-1.0:9-1.0:10-1.0:18612-1.0:35347-1:35348-0:35349-28000.0:35350-2000.0:35351-300000.0:35352-750.0,22.28
0-1.0:2-1.0:3-1.0:4-1.0:5-1.0:6-1.0:7-1.0:8-1.0:9-1.0:10-1.0:18612-1.0:35347-1:35348-0:35349-28000.0:35350-2000.0:35351-300000.0:35352-1500.0,19.73
0-1.0:2-1.0:3-1.0:4-1.0:5-1.0:6-1.0:7-1.0:8-1.0:9-1.0:10-1.0:18612-1.0:35347-1:35348-0:35349-28000.0:35350-2000.0:35351-300000.0:35352-2500.0,13.13
0-1.0:2-1.0:3-1.0:4-1.0:5-1.0:6-1.0:7-1.0:8-1.0:9-1.0:10-1.0:18612-1.0:35347-1:35348-0:35349-28000.0:35350-2000.0:35351-300000.0:35352-5000.0,11.83
0-1.0:2-1.0:3-1.0:4-1.0:5-1.0:6-1.0:7-1.0:8-1.0:9-1.0:10-1.0:18612-1.0:35347-1:35348-0:35349-28000.0:35350-2000.0:35351-500000.0:35352-100.0,24.44
0-1.0:2-1.0:3-1.0:4-1.0:5-1.0:6-1.0:7-1.0:8-1.0:9-1.0:10-1.0:18612-1.0:35347-1:35348-0:35349-28000.0:35350-2000.0:35351-500000.0:35352-500.0,19.05
0-1.0:2-1.0:3-1.0:4-1.0:5-1.0:6-1.0:7-1.0:8-1.0:9-1.0:10-1.0:18612-1.0:35347-1:35348-0:35349-28000.0:35350-2000.0:35351-500000.0:35352-750.0,23.95
0-1.0:2-1.0:3-1.0:4-1.0:5-1.0:6-1.0:7-1.0:8-1.0:9-1.0:10-1.0:18612-1.0:35347-1:35348-0:35349-28000.0:35350-2000.0:35351-500000.0:35352-1000.0,33.32
0-1.0:2-1.0:3-1.0:4-1.0:5-1.0:6-1.0:7-1.0:8-1.0:9-1.0:10-1.0:18612-1.0:35347-1:35348-0:35349-28000.0:35350-2000.0:35351-500000.0:35352-1500.0,16.95
0-1.0:2-1.0:3-1.0:4-1.0:5-1.0:6-1.0:7-1.0:8-1.0:9-1.0:10-1.0:18612-1.0:35347-1:35348-0:35349-28000.0:35350-2000.0:35351-500000.0:35352-2500.0,19.31
0-1.0:2-1.0:3-1.0:4-1.0:5-1.0:6-1.0:7-1.0:8-1.0:9-1.0:10-1.0:18612-1.0:35347-1:35348-0:35349-28000.0:35350-2000.0:35351-500000.0:35352-5000.0,12.99
0-1.0:2-1.0:3-1.0:4-1.0:5-1.0:6-1.0:7-1.0:8-1.0:9-1.0:10-1.0:18612-1.0:35347-1:35348-0:35349-32000.0:35350-1000.0:35351-100000.0:35352-100.0,27.42
0-1.0:2-1.0:3-1.0:4-1.0:5-1.0:6-1.0:7-1.0:8-1.0:9-1.0:10-1.0:18612-1.0:35347-1:35348-0:35349-32000.0:35350-1000.0:35351-100000.0:35352-150.0,29.25
0-1.0:2-1.0:3-1.0:4-1.0:5-1.0:6-1.0:7-1.0:8-1.0:9-1.0:10-1.0:18612-1.0:35347-1:35348-0:35349-32000.0:35350-1000.0:35351-100000.0:35352-500.0,19.84
0-1.0:2-1.0:3-1.0:4-1.0:5-1.0:6-1.0:7-1.0:8-1.0:9-1.0:10-1.0:18612-1.0:35347-1:35348-0:35349-32000.0:35350-1000.0:35351-100000.0:35352-1500.0,17.37
0-1.0:1-1.0:2-1.0:3-1.0:4-1.0:5-1.0:6-1.0:7-1.0:8-1.0:9-1.0:10-1.0:35347-1:35348-0:35349-32000.0:35350-1000.0:35351-100000.0:35352-5000.0,10.83
0-1.0:1-1.0:2-1.0:3-1.0:4-1.0:5-1.0:6-1.0:7-1.0:8-1.0:9-1.0:10-1.0:35347-1:35348-0:35349-32000.0:35350-1000.0:35351-300000.0:35352-100.0,32.55
0-1.0:2-1.0:3-1.0:4-1.0:5-1.0:6-1.0:7-1.0:8-1.0:9-1.0:10-1.0:18612-1.0:35347-1:35348-0:35349-32000.0:35350-1000.0:35351-300000.0:35352-150.0,24.95
0-1.0:2-1.0:3-1.0:4-1.0:5-1.0:6-1.0:7-1.0:8-1.0:9-1.0:10-1.0:18612-1.0:35347-1:35348-0:35349-32000.0:35350-1000.0:35351-300000.0:35352-250.0,21.14
0-1.0:2-1.0:3-1.0:4-1.0:5-1.0:6-1.0:7-1.0:8-1.0:9-1.0:10-1.0:18612-1.0:35347-1:35348-0:35349-32000.0:35350-1000.0:35351-300000.0:35352-500.0,18.74
0-1.0:2-1.0:3-1.0:4-1.0:5-1.0:6-1.0:7-1.0:8-1.0:9-1.0:10-1.0:18612-1.0:35347-1:35348-0:35349-32000.0:35350-1000.0:35351-300000.0:35352-750.0,18.47
0-1.0:2-1.0:3-1.0:4-1.0:5-1.0:6-1.0:7-1.0:8-1.0:9-1.0:10-1.0:18612-1.0:35347-1:35348-0:35349-32000.0:35350-1000.0:35351-300000.0:35352-1500.0,18.54
0-1.0:2-1.0:3-1.0:4-1.0:5-1.0:6-1.0:7-1.0:8-1.0:9-1.0:10-1.0:18612-1.0:35347-1:35348-0:35349-32000.0:35350-1000.0:35351-300000.0:35352-2500.0,13.4
0-1.0:2-1.0:3-1.0:4-1.0:5-1.0:6-1.0:7-1.0:8-1.0:9-1.0:10-1.0:18612-1.0:35347-1:35348-0:35349-32000.0:35350-1000.0:35351-500000.0:35352-100.0,25.19
0-1.0:2-1.0:3-1.0:4-1.0:5-1.0:6-1.0:7-1.0:8-1.0:9-1.0:10-1.0:18612-1.0:35347-1:35348-0:35349-32000.0:35350-1000.0:35351-500000.0:35352-150.0,24.33
0-1.0:2-1.0:3-1.0:4-1.0:5-1.0:6-1.0:7-1.0:8-1.0:9-1.0:10-1.0:18612-1.0:35347-1:35348-0:35349-32000.0:35350-1000.0:35351-500000.0:35352-250.0,22.81
0-1.0:2-1.0:3-1.0:4-1.0:5-1.0:6-1.0:7-1.0:8-1.0:9-1.0:10-1.0:18612-1.0:35347-1:35348-0:35349-32000.0:35350-1000.0:35351-500000.0:35352-500.0,23.93
0-1.0:2-1.0:3-1.0:4-1.0:5-1.0:6-1.0:7-1.0:8-1.0:9-1.0:10-1.0:18612-1.0:35347-1:35348-0:35349-32000.0:35350-1000.0:35351-500000.0:35352-750.0,20.82
0-1.0:2-1.0:3-1.0:4-1.0:5-1.0:6-1.0:7-1.0:8-1.0:9-1.0:10-1.0:18612-1.0:35347-1:35348-0:35349-32000.0:35350-1000.0:35351-500000.0:35352-1000.0,18.41
0-1.0:2-1.0:3-1.0:4-1.0:5-1.0:6-1.0:7-1.0:8-1.0:9-1.0:10-1.0:18612-1.0:35347-1:35348-0:35349-32000.0:35350-1000.0:35351-500000.0:35352-1500.0,29.43
0-1.0:2-1.0:3-1.0:4-1.0:5-1.0:6-1.0:7-1.0:8-1.0:9-1.0:10-1.0:18612-1.0:35347-1:35348-0:35349-32000.0:35350-1000.0:35351-500000.0:35352-2500.0,15.07
0-1.0:2-1.0:3-1.0:4-1.0:5-1.0:6-1.0:7-1.0:8-1.0:9-1.0:10-1.0:18612-1.0:35347-1:35348-0:35349-32000.0:35350-2000.0:35351-100000.0:35352-100.0,21.69
0-1.0:2-1.0:3-1.0:4-1.0:5-1.0:6-1.0:7-1.0:8-1.0:9-1.0:10-1.0:18612-1.0:35347-1:35348-0:35349-32000.0:35350-2000.0:35351-100000.0:35352-250.0,22.19
0-1.0:2-1.0:3-1.0:4-1.0:5-1.0:6-1.0:7-1.0:8-1.0:9-1.0:10-1.0:18612-1.0:35347-1:35348-0:35349-32000.0:35350-2000.0:35351-100000.0:35352-750.0,32.97
0-1.0:1-1.0:2-1.0:3-1.0:4-1.0:5-1.0:6-1.0:7-1.0:8-1.0:9-1.0:10-1.0:35347-1:35348-0:35349-32000.0:35350-2000.0:35351-100000.0:35352-1500.0,14.54
0-1.0:2-1.0:3-1.0:4-1.0:5-1.0:6-1.0:7-1.0:8-1.0:9-1.0:10-1.0:18612-1.0:35347-1:35348-0:35349-32000.0:35350-2000.0:35351-100000.0:35352-5000.0,10.83
0-1.0:2-1.0:3-1.0:4-1.0:5-1.0:6-1.0:7-1.0:8-1.0:9-1.0:10-1.0:18612-1.0:35347-1:35348-0:35349-32000.0:35350-2000.0:35351-300000.0:35352-100.0,29.3
0-1.0:2-1.0:3-1.0:4-1.0:5-1.0:6-1.0:7-1.0:8-1.0:9-1.0:10-1.0:18612-1.0:35347-1:35348-0:35349-32000.0:35350-2000.0:35351-300000.0:35352-150.0,25.63
0-1.0:2-1.0:3-1.0:4-1.0:5-1.0:6-1.0:7-1.0:8-1.0:9-1.0:10-1.0:18612-1.0:35347-1:35348-0:35349-32000.0:35350-2000.0:35351-300000.0:35352-250.0,19.49
0-1.0:2-1.0:3-1.0:4-1.0:5-1.0:6-1.0:7-1.0:8-1.0:9-1.0:10-1.0:18612-1.0:35347-1:35348-0:35349-32000.0:35350-2000.0:35351-300000.0:35352-500.0,24.76
0-1.0:2-1.0:3-1.0:4-1.0:5-1.0:6-1.0:7-1.0:8-1.0:9-1.0:10-1.0:18612-1.0:35347-1:35348-0:35349-32000.0:35350-2000.0:35351-300000.0:35352-750.0,18.72
0-1.0:2-1.0:3-1.0:4-1.0:5-1.0:6-1.0:7-1.0:8-1.0:9-1.0:10-1.0:18612-1.0:35347-1:35348-0:35349-32000.0:35350-2000.0:35351-300000.0:35352-1000.0,22.08
0-1.0:2-1.0:3-1.0:4-1.0:5-1.0:6-1.0:7-1.0:8-1.0:9-1.0:10-1.0:18612-1.0:35347-1:35348-0:35349-32000.0:35350-2000.0:35351-300000.0:35352-1500.0,15.2
0-1.0:2-1.0:3-1.0:4-1.0:5-1.0:6-1.0:7-1.0:8-1.0:9-1.0:10-1.0:18612-1.0:35347-1:35348-0:35349-32000.0:35350-2000.0:35351-300000.0:35352-2500.0,14.91
0-1.0:2-1.0:3-1.0:4-1.0:5-1.0:6-1.0:7-1.0:8-1.0:9-1.0:10-1.0:18612-1.0:35347-1:35348-0:35349-32000.0:35350-2000.0:35351-500000.0:35352-100.0,27.82
0-1.0:2-1.0:3-1.0:4-1.0:5-1.0:6-1.0:7-1.0:8-1.0:9-1.0:10-1.0:18612-1.0:35347-1:35348-0:35349-32000.0:35350-2000.0:35351-500000.0:35352-250.0,21.53
0-1.0:2-1.0:3-1.0:4-1.0:5-1.0:6-1.0:7-1.0:8-1.0:9-1.0:10-1.0:18612-1.0:35347-1:35348-0:35349-32000.0:35350-2000.0:35351-500000.0:35352-750.0,24.96
0-1.0:2-1.0:3-1.0:4-1.0:5-1.0:6-1.0:7-1.0:8-1.0:9-1.0:10-1.0:18612-1.0:35347-1:35348-0:35349-32000.0:35350-2000.0:35351-500000.0:35352-1000.0,21.77
0-1.0:2-1.0:3-1.0:4-1.0:5-1.0:6-1.0:7-1.0:8-1.0:9-1.0:10-1.0:18612-1.0:35347-1:35348-0:35349-32000.0:35350-2000.0:35351-500000.0:35352-1500.0,17.58
0-1.0:1-1.0:2-1.0:3-1.0:4-1.0:5-1.0:6-1.0:7-1.0:8-1.0:9-1.0:10-1.0:35347-1:35348-0:35349-32000.0:35350-2000.0:35351-500000.0:35352-2500.0,18.24
0-1.0:2-1.0:3-1.0:4-1.0:5-1.0:6-1.0:7-1.0:8-1.0:9-1.0:10-1.0:18612-1.0:35347-1:35348-0:35349-32000.0:35350-2000.0:35351-500000.0:35352-5000.0,15.86
0-1.0:2-1.0:3-1.0:4-1.0:5-1.0:6-1.0:7-1.0:8-1.0:9-1.0:10-1.0:18612-1.0:35347-1:35348-0:35349-35000.0:35350-1000.0:35351-100000.0:35352-100.0,22.19
0-1.0:2-1.0:3-1.0:4-1.0:5-1.0:6-1.0:7-1.0:8-1.0:9-1.0:10-1.0:18612-1.0:35347-1:35348-0:35349-35000.0:35350-1000.0:35351-100000.0:35352-250.0,22.67
0-1.0:2-1.0:3-1.0:4-1.0:5-1.0:6-1.0:7-1.0:8-1.0:9-1.0:10-1.0:18612-1.0:35347-1:35348-0:35349-35000.0:35350-1000.0:35351-100000.0:35352-500.0,16.33
0-1.0:2-1.0:3-1.0:4-1.0:5-1.0:6-1.0:7-1.0:8-1.0:9-1.0:10-1.0:18612-1.0:35347-1:35348-0:35349-35000.0:35350-1000.0:35351-100000.0:35352-1500.0,14.79
0-1.0:2-1.0:3-1.0:4-1.0:5-1.0:6-1.0:7-1.0:8-1.0:9-1.0:10-1.0:18612-1.0:35347-1:35348-0:35349-35000.0:35350-1000.0:35351-100000.0:35352-5000.0,10.83
0-1.0:2-1.0:3-1.0:4-1.0:5-1.0:6-1.0:7-1.0:8-1.0:9-1.0:10-1.0:18612-1.0:35347-1:35348-0:35349-35000.0:35350-1000.0:35351-300000.0:35352-150.0,29.29
0-1.0:2-1.0:3-1.0:4-1.0:5-1.0:6-1.0:7-1.0:8-1.0:9-1.0:10-1.0:18612-1.0:35347-1:35348-0:35349-35000.0:35350-1000.0:35351-300000.0:35352-250.0,37.52
0-1.0:2-1.0:3-1.0:4-1.0:5-1.0:6-1.0:7-1.0:8-1.0:9-1.0:10-1.0:18612-1.0:35347-1:35348-0:35349-35000.0:35350-1000.0:35351-300000.0:35352-500.0,18.41
0-1.0:2-1.0:3-1.0:4-1.0:5-1.0:6-1.0:7-1.0:8-1.0:9-1.0:10-1.0:18612-1.0:35347-1:35348-0:35349-35000.0:35350-1000.0:35351-300000.0:35352-750.0,32.56
0-1.0:2-1.0:3-1.0:4-1.0:5-1.0:6-1.0:7-1.0:8-1.0:9-1.0:10-1.0:18612-1.0:35347-1:35348-0:35349-35000.0:35350-1000.0:35351-300000.0:35352-1500.0,16.88
0-1.0:1-1.0:2-1.0:3-1.0:4-1.0:5-1.0:6-1.0:7-1.0:8-1.0:9-1.0:10-1.0:35347-1:35348-0:35349-35000.0:35350-1000.0:35351-500000.0:35352-150.0,27.42
0-1.0:2-1.0:3-1.0:4-1.0:5-1.0:6-1.0:7-1.0:8-1.0:9-1.0:10-1.0:18612-1.0:35347-1:35348-0:35349-35000.0:35350-1000.0:35351-500000.0:35352-250.0,26.92
0-1.0:1-1.0:2-1.0:3-1.0:4-1.0:5-1.0:6-1.0:7-1.0:8-1.0:9-1.0:10-1.0:35347-1:35348-0:35349-35000.0:35350-1000.0:35351-500000.0:35352-500.0,21.89
0-1.0:2-1.0:3-1.0:4-1.0:5-1.0:6-1.0:7-1.0:8-1.0:9-1.0:10-1.0:18612-1.0:35347-1:35348-0:35349-35000.0:35350-1000.0:35351-500000.0:35352-1000.0,18.13
0-1.0:2-1.0:3-1.0:4-1.0:5-1.0:6-1.0:7-1.0:8-1.0:9-1.0:10-1.0:18612-1.0:35347-1:35348-0:35349-35000.0:35350-1000.0:35351-500000.0:35352-1500.0,20.75
0-1.0:1-1.0:2-1.0:3-1.0:4-1.0:5-1.0:6-1.0:7-1.0:8-1.0:9-1.0:10-1.0:35347-1:35348-0:35349-35000.0:35350-1000.0:35351-500000.0:35352-5000.0,16.02
0-1.0:2-1.0:3-1.0:4-1.0:5-1.0:6-1.0:7-1.0:8-1.0:9-1.0:10-1.0:18612-1.0:35347-1:35348-0:35349-35000.0:35350-2000.0:35351-100000.0:35352-100.0,22.44
0-1.0:2-1.0:3-1.0:4-1.0:5-1.0:6-1.0:7-1.0:8-1.0:9-1.0:10-1.0:18612-1.0:35347-1:35348-0:35349-35000.0:35350-2000.0:35351-100000.0:35352-150.0,22.02
0-1.0:2-1.0:3-1.0:4-1.0:5-1.0:6-1.0:7-1.0:8-1.0:9-1.0:10-1.0:18612-1.0:35347-1:35348-0:35349-35000.0:35350-2000.0:35351-100000.0:35352-250.0,18.4
0-1.0:2-1.0:3-1.0:4-1.0:5-1.0:6-1.0:7-1.0:8-1.0:9-1.0:10-1.0:18612-1.0:35347-1:35348-0:35349-35000.0:35350-2000.0:35351-100000.0:35352-500.0,16.58
0-1.0:2-1.0:3-1.0:4-1.0:5-1.0:6-1.0:7-1.0:8-1.0:9-1.0:10-1.0:18612-1.0:35347-1:35348-0:35349-35000.0:35350-2000.0:35351-100000.0:35352-750.0,21.91
0-1.0:2-1.0:3-1.0:4-1.0:5-1.0:6-1.0:7-1.0:8-1.0:9-1.0:10-1.0:18612-1.0:35347-1:35348-0:35349-35000.0:35350-2000.0:35351-100000.0:35352-1500.0,13.56
0-1.0:2-1.0:3-1.0:4-1.0:5-1.0:6-1.0:7-1.0:8-1.0:9-1.0:10-1.0:18612-1.0:35347-1:35348-0:35349-35000.0:35350-2000.0:35351-100000.0:35352-2500.0,12.62
0-1.0:2-1.0:3-1.0:4-1.0:5-1.0:6-1.0:7-1.0:8-1.0:9-1.0:10-1.0:18612-1.0:35347-1:35348-0:35349-35000.0:35350-2000.0:35351-100000.0:35352-5000.0,11.29
0-1.0:2-1.0:3-1.0:4-1.0:5-1.0:6-1.0:7-1.0:8-1.0:9-1.0:10-1.0:18612-1.0:35347-1:35348-0:35349-35000.0:35350-2000.0:35351-300000.0:35352-100.0,27.43
0-1.0:2-1.0:3-1.0:4-1.0:5-1.0:6-1.0:7-1.0:8-1.0:9-1.0:10-1.0:18612-1.0:35347-1:35348-0:35349-35000.0:35350-2000.0:35351-300000.0:35352-150.0,27.76
0-1.0:1-1.0:2-1.0:3-1.0:4-1.0:5-1.0:6-1.0:7-1.0:8-1.0:9-1.0:10-1.0:35347-1:35348-0:35349-35000.0:35350-2000.0:35351-300000.0:35352-250.0,22.06
0-1.0:2-1.0:3-1.0:4-1.0:5-1.0:6-1.0:7-1.0:8-1.0:9-1.0:10-1.0:18612-1.0:35347-1:35348-0:35349-35000.0:35350-2000.0:35351-300000.0:35352-500.0,20.48
0-1.0:2-1.0:3-1.0:4-1.0:5-1.0:6-1.0:7-1.0:8-1.0:9-1.0:10-1.0:18612-1.0:35347-1:35348-0:35349-35000.0:35350-2000.0:35351-300000.0:35352-750.0,17.94
0-1.0:1-1.0:2-1.0:3-1.0:4-1.0:5-1.0:6-1.0:7-1.0:8-1.0:9-1.0:10-1.0:35347-1:35348-0:35349-35000.0:35350-2000.0:35351-300000.0:35352-1500.0,19.06
0-1.0:2-1.0:3-1.0:4-1.0:5-1.0:6-1.0:7-1.0:8-1.0:9-1.0:10-1.0:18612-1.0:35347-1:35348-0:35349-35000.0:35350-2000.0:35351-300000.0:35352-2500.0,27.02
0-1.0:2-1.0:3-1.0:4-1.0:5-1.0:6-1.0:7-1.0:8-1.0:9-1.0:10-1.0:18612-1.0:35347-1:35348-0:35349-35000.0:35350-2000.0:35351-500000.0:35352-100.0,32.34
0-1.0:2-1.0:3-1.0:4-1.0:5-1.0:6-1.0:7-1.0:8-1.0:9-1.0:10-1.0:18612-1.0:35347-1:35348-0:35349-35000.0:35350-2000.0:35351-500000.0:35352-750.0,23.5
0-1.0:2-1.0:3-1.0:4-1.0:5-1.0:6-1.0:7-1.0:8-1.0:9-1.0:10-1.0:18612-1.0:35347-1:35348-0:35349-35000.0:35350-2000.0:35351-500000.0:35352-1000.0,18.38
0-1.0:2-1.0:3-1.0:4-1.0:5-1.0:6-1.0:7-1.0:8-1.0:9-1.0:10-1.0:18612-1.0:35347-1:35348-0:35349-35000.0:35350-2000.0:35351-500000.0:35352-1500.0,17.31
0-1.0:2-1.0:3-1.0:4-1.0:5-1.0:6-1.0:7-1.0:8-1.0:9-1.0:10-1.0:18612-1.0:35347-1:35348-0:35349-40000.0:35350-1000.0:35351-100000.0:35352-100.0,33.15
0-1.0:2-1.0:3-1.0:4-1.0:5-1.0:6-1.0:7-1.0:8-1.0:9-1.0:10-1.0:18612-1.0:35347-1:35348-0:35349-40000.0:35350-1000.0:35351-100000.0:35352-150.0,25.45
0-1.0:1-1.0:2-1.0:3-1.0:4-1.0:5-1.0:6-1.0:7-1.0:8-1.0:9-1.0:10-1.0:35347-1:35348-0:35349-40000.0:35350-1000.0:35351-100000.0:35352-250.0,41.51
0-1.0:2-1.0:3-1.0:4-1.0:5-1.0:6-1.0:7-1.0:8-1.0:9-1.0:10-1.0:18612-1.0:35347-1:35348-0:35349-40000.0:35350-1000.0:35351-100000.0:35352-1500.0,18.3
0-1.0:2-1.0:3-1.0:4-1.0:5-1.0:6-1.0:7-1.0:8-1.0:9-1.0:10-1.0:18612-1.0:35347-1:35348-0:35349-40000.0:35350-1000.0:35351-100000.0:35352-5000.0,10.83
0-1.0:2-1.0:3-1.0:4-1.0:5-1.0:6-1.0:7-1.0:8-1.0:9-1.0:10-1.0:18612-1.0:35347-1:35348-0:35349-40000.0:35350-1000.0:35351-300000.0:35352-100.0,31.92
0-1.0:2-1.0:3-1.0:4-1.0:5-1.0:6-1.0:7-1.0:8-1.0:9-1.0:10-1.0:18612-1.0:35347-1:35348-0:35349-40000.0:35350-1000.0:35351-300000.0:35352-150.0,24.58
0-1.0:1-1.0:2-1.0:3-1.0:4-1.0:5-1.0:6-1.0:7-1.0:8-1.0:9-1.0:10-1.0:35347-1:35348-0:35349-40000.0:35350-1000.0:35351-300000.0:35352-250.0,22.91
0-1.0:2-1.0:3-1.0:4-1.0:5-1.0:6-1.0:7-1.0:8-1.0:9-1.0:10-1.0:18612-1.0:35347-1:35348-0:35349-40000.0:35350-1000.0:35351-300000.0:35352-500.0,19.33
0-1.0:1-1.0:2-1.0:3-1.0:4-1.0:5-1.0:6-1.0:7-1.0:8-1.0:9-1.0:10-1.0:35347-1:35348-0:35349-40000.0:35350-1000.0:35351-300000.0:35352-750.0,20.0
0-1.0:2-1.0:3-1.0:4-1.0:5-1.0:6-1.0:7-1.0:8-1.0:9-1.0:10-1.0:18612-1.0:35347-1:35348-0:35349-40000.0:35350-1000.0:35351-300000.0:35352-1000.0,17.27
0-1.0:2-1.0:3-1.0:4-1.0:5-1.0:6-1.0:7-1.0:8-1.0:9-1.0:10-1.0:18612-1.0:35347-1:35348-0:35349-40000.0:35350-1000.0:35351-300000.0:35352-1500.0,16.14
0-1.0:2-1.0:3-1.0:4-1.0:5-1.0:6-1.0:7-1.0:8-1.0:9-1.0:10-1.0:18612-1.0:35347-1:35348-0:35349-40000.0:35350-1000.0:35351-300000.0:35352-2500.0,15.83
0-1.0:2-1.0:3-1.0:4-1.0:5-1.0:6-1.0:7-1.0:8-1.0:9-1.0:10-1.0:18612-1.0:35347-1:35348-0:35349-40000.0:35350-1000.0:35351-300000.0:35352-5000.0,13.54
0-1.0:2-1.0:3-1.0:4-1.0:5-1.0:6-1.0:7-1.0:8-1.0:9-1.0:10-1.0:18612-1.0:35347-1:35348-0:35349-40000.0:35350-1000.0:35351-500000.0:35352-150.0,26.25
0-1.0:2-1.0:3-1.0:4-1.0:5-1.0:6-1.0:7-1.0:8-1.0:9-1.0:10-1.0:18612-1.0:35347-1:35348-0:35349-40000.0:35350-1000.0:35351-500000.0:35352-500.0,28.15
0-1.0:2-1.0:3-1.0:4-1.0:5-1.0:6-1.0:7-1.0:8-1.0:9-1.0:10-1.0:18612-1.0:35347-1:35348-0:35349-40000.0:35350-1000.0:35351-500000.0:35352-750.0,35.88
0-1.0:2-1.0:3-1.0:4-1.0:5-1.0:6-1.0:7-1.0:8-1.0:9-1.0:10-1.0:18612-1.0:35347-1:35348-0:35349-40000.0:35350-1000.0:35351-500000.0:35352-1500.0,17.81
0-1.0:2-1.0:3-1.0:4-1.0:5-1.0:6-1.0:7-1.0:8-1.0:9-1.0:10-1.0:18612-1.0:35347-1:35348-0:35349-40000.0:35350-1000.0:35351-500000.0:35352-2500.0,19.5
0-1.0:2-1.0:3-1.0:4-1.0:5-1.0:6-1.0:7-1.0:8-1.0:9-1.0:10-1.0:18612-1.0:35347-1:35348-0:35349-40000.0:35350-1000.0:35351-500000.0:35352-5000.0,18.34
0-1.0:2-1.0:3-1.0:4-1.0:5-1.0:6-1.0:7-1.0:8-1.0:9-1.0:10-1.0:18612-1.0:35347-1:35348-0:35349-40000.0:35350-2000.0:35351-100000.0:35352-100.0,24.99
0-1.0:2-1.0:3-1.0:4-1.0:5-1.0:6-1.0:7-1.0:8-1.0:9-1.0:10-1.0:18612-1.0:35347-1:35348-0:35349-40000.0:35350-2000.0:35351-100000.0:35352-150.0,22.75
0-1.0:2-1.0:3-1.0:4-1.0:5-1.0:6-1.0:7-1.0:8-1.0:9-1.0:10-1.0:18612-1.0:35347-1:35348-0:35349-40000.0:35350-2000.0:35351-100000.0:35352-750.0,18.16
0-1.0:2-1.0:3-1.0:4-1.0:5-1.0:6-1.0:7-1.0:8-1.0:9-1.0:10-1.0:18612-1.0:35347-1:35348-0:35349-40000.0:35350-2000.0:35351-100000.0:35352-1000.0,17.12
0-1.0:2-1.0:3-1.0:4-1.0:5-1.0:6-1.0:7-1.0:8-1.0:9-1.0:10-1.0:18612-1.0:35347-1:35348-0:35349-40000.0:35350-2000.0:35351-100000.0:35352-2500.0,12.9
0-1.0:2-1.0:3-1.0:4-1.0:5-1.0:6-1.0:7-1.0:8-1.0:9-1.0:10-1.0:18612-1.0:35347-1:35348-0:35349-40000.0:35350-2000.0:35351-300000.0:35352-150.0,27.33
0-1.0:2-1.0:3-1.0:4-1.0:5-1.0:6-1.0:7-1.0:8-1.0:9-1.0:10-1.0:18612-1.0:35347-1:35348-0:35349-40000.0:35350-2000.0:35351-300000.0:35352-250.0,26.2
0-1.0:2-1.0:3-1.0:4-1.0:5-1.0:6-1.0:7-1.0:8-1.0:9-1.0:10-1.0:18612-1.0:35347-1:35348-0:35349-40000.0:35350-2000.0:35351-300000.0:35352-500.0,26.73
0-1.0:2-1.0:3-1.0:4-1.0:5-1.0:6-1.0:7-1.0:8-1.0:9-1.0:10-1.0:18612-1.0:35347-1:35348-0:35349-40000.0:35350-2000.0:35351-300000.0:35352-1000.0,17.52
0-1.0:2-1.0:3-1.0:4-1.0:5-1.0:6-1.0:7-1.0:8-1.0:9-1.0:10-1.0:18612-1.0:35347-1:35348-0:35349-40000.0:35350-2000.0:35351-300000.0:35352-2500.0,17.11
0-1.0:2-1.0:3-1.0:4-1.0:5-1.0:6-1.0:7-1.0:8-1.0:9-1.0:10-1.0:18612-1.0:35347-1:35348-0:35349-40000.0:35350-2000.0:35351-300000.0:35352-5000.0,13.79
0-1.0:2-1.0:3-1.0:4-1.0:5-1.0:6-1.0:7-1.0:8-1.0:9-1.0:10-1.0:18612-1.0:35347-1:35348-0:35349-40000.0:35350-2000.0:35351-500000.0:35352-150.0,27.0
0-1.0:2-1.0:3-1.0:4-1.0:5-1.0:6-1.0:7-1.0:8-1.0:9-1.0:10-1.0:18612-1.0:35347-1:35348-0:35349-40000.0:35350-2000.0:35351-500000.0:35352-750.0,20.12
0-1.0:2-1.0:3-1.0:4-1.0:5-1.0:6-1.0:7-1.0:8-1.0:9-1.0:10-1.0:18612-1.0:35347-1:35348-0:35349-40000.0:35350-2000.0:35351-500000.0:35352-1000.0,25.48
0-1.0:2-1.0:3-1.0:4-1.0:5-1.0:6-1.0:7-1.0:8-1.0:9-1.0:10-1.0:18612-1.0:35347-1:35348-0:35349-40000.0:35350-2000.0:35351-500000.0:35352-1500.0,18.06
0-1.0:2-1.0:3-1.0:4-1.0:5-1.0:6-1.0:7-1.0:8-1.0:9-1.0:10-1.0:18612-1.0:35347-1:35348-0:35349-40000.0:35350-2000.0:35351-500000.0:35352-5000.0,17.13
0-1.0:2-1.0:3-1.0:4-1.0:5-1.0:6-1.0:7-1.0:8-1.0:9-1.0:10-1.0:18612-1.0:35347-1:35348-0:35349-50000.0:35350-1000.0:35351-100000.0:35352-100.0,25.85
0-1.0:2-1.0:3-1.0:4-1.0:5-1.0:6-1.0:7-1.0:8-1.0:9-1.0:10-1.0:18612-1.0:35347-1:35348-0:35349-50000.0:35350-1000.0:35351-100000.0:35352-150.0,24.81
0-1.0:2-1.0:3-1.0:4-1.0:5-1.0:6-1.0:7-1.0:8-1.0:9-1.0:10-1.0:18612-1.0:35347-1:35348-0:35349-50000.0:35350-1000.0:35351-100000.0:35352-500.0,19.02
0-1.0:2-1.0:3-1.0:4-1.0:5-1.0:6-1.0:7-1.0:8-1.0:9-1.0:10-1.0:18612-1.0:35347-1:35348-0:35349-50000.0:35350-1000.0:35351-100000.0:35352-1500.0,30.86
0-1.0:2-1.0:3-1.0:4-1.0:5-1.0:6-1.0:7-1.0:8-1.0:9-1.0:10-1.0:18612-1.0:35347-1:35348-0:35349-50000.0:35350-1000.0:35351-100000.0:35352-5000.0,12.63
0-1.0:2-1.0:3-1.0:4-1.0:5-1.0:6-1.0:7-1.0:8-1.0:9-1.0:10-1.0:18612-1.0:35347-1:35348-0:35349-50000.0:35350-1000.0:35351-300000.0:35352-100.0,59.24
0-1.0:2-1.0:3-1.0:4-1.0:5-1.0:6-1.0:7-1.0:8-1.0:9-1.0:10-1.0:18612-1.0:35347-1:35348-0:35349-50000.0:35350-1000.0:35351-300000.0:35352-150.0,33.2
0-1.0:2-1.0:3-1.0:4-1.0:5-1.0:6-1.0:7-1.0:8-1.0:9-1.0:10-1.0:18612-1.0:35347-1:35348-0:35349-50000.0:35350-1000.0:35351-300000.0:35352-1000.0,19.2
0-1.0:2-1.0:3-1.0:4-1.0:5-1.0:6-1.0:7-1.0:8-1.0:9-1.0:10-1.0:18612-1.0:35347-1:35348-0:35349-50000.0:35350-1000.0:35351-300000.0:35352-1500.0,19.31
0-1.0:1-1.0:2-1.0:3-1.0:4-1.0:5-1.0:6-1.0:7-1.0:8-1.0:9-1.0:10-1.0:35347-1:35348-0:35349-50000.0:35350-1000.0:35351-300000.0:35352-2500.0,21.39
0-1.0:2-1.0:3-1.0:4-1.0:5-1.0:6-1.0:7-1.0:8-1.0:9-1.0:10-1.0:18612-1.0:35347-1:35348-0:35349-50000.0:35350-1000.0:35351-300000.0:35352-5000.0,13.46
0-1.0:2-1.0:3-1.0:4-1.0:5-1.0:6-1.0:7-1.0:8-1.0:9-1.0:10-1.0:18612-1.0:35347-1:35348-0:35349-50000.0:35350-1000.0:35351-500000.0:35352-150.0,31.32
0-1.0:1-1.0:2-1.0:3-1.0:4-1.0:5-1.0:6-1.0:7-1.0:8-1.0:9-1.0:10-1.0:35347-1:35348-0:35349-50000.0:35350-1000.0:35351-500000.0:35352-250.0,33.0
0-1.0:2-1.0:3-1.0:4-1.0:5-1.0:6-1.0:7-1.0:8-1.0:9-1.0:10-1.0:18612-1.0:35347-1:35348-0:35349-50000.0:35350-1000.0:35351-500000.0:35352-500.0,22.77
0-1.0:2-1.0:3-1.0:4-1.0:5-1.0:6-1.0:7-1.0:8-1.0:9-1.0:10-1.0:18612-1.0:35347-1:35348-0:35349-50000.0:35350-1000.0:35351-500000.0:35352-750.0,27.65
0-1.0:1-1.0:2-1.0:3-1.0:4-1.0:5-1.0:6-1.0:7-1.0:8-1.0:9-1.0:10-1.0:35347-1:35348-0:35349-50000.0:35350-1000.0:35351-500000.0:35352-1500.0,23.2
0-1.0:2-1.0:3-1.0:4-1.0:5-1.0:6-1.0:7-1.0:8-1.0:9-1.0:10-1.0:18612-1.0:35347-1:35348-0:35349-50000.0:35350-1000.0:35351-500000.0:35352-2500.0,18.15
0-1.0:2-1.0:3-1.0:4-1.0:5-1.0:6-1.0:7-1.0:8-1.0:9-1.0:10-1.0:18612-1.0:35347-1:35348-0:35349-50000.0:35350-1000.0:35351-500000.0:35352-5000.0,16.39
0-1.0:2-1.0:3-1.0:4-1.0:5-1.0:6-1.0:7-1.0:8-1.0:9-1.0:10-1.0:18612-1.0:35347-1:35348-0:35349-50000.0:35350-2000.0:35351-100000.0:35352-100.0,28.97
0-1.0:2-1.0:3-1.0:4-1.0:5-1.0:6-1.0:7-1.0:8-1.0:9-1.0:10-1.0:18612-1.0:35347-1:35348-0:35349-50000.0:35350-2000.0:35351-100000.0:35352-150.0,25.61
0-1.0:2-1.0:3-1.0:4-1.0:5-1.0:6-1.0:7-1.0:8-1.0:9-1.0:10-1.0:18612-1.0:35347-1:35348-0:35349-50000.0:35350-2000.0:35351-100000.0:35352-750.0,25.41
0-1.0:2-1.0:3-1.0:4-1.0:5-1.0:6-1.0:7-1.0:8-1.0:9-1.0:10-1.0:18612-1.0:35347-1:35348-0:35349-50000.0:35350-2000.0:35351-100000.0:35352-1500.0,20.0
0-1.0:2-1.0:3-1.0:4-1.0:5-1.0:6-1.0:7-1.0:8-1.0:9-1.0:10-1.0:18612-1.0:35347-1:35348-0:35349-50000.0:35350-2000.0:35351-100000.0:35352-2500.0,17.63
0-1.0:2-1.0:3-1.0:4-1.0:5-1.0:6-1.0:7-1.0:8-1.0:9-1.0:10-1.0:18612-1.0:35347-1:35348-0:35349-50000.0:35350-2000.0:35351-100000.0:35352-5000.0,11.88
0-1.0:2-1.0:3-1.0:4-1.0:5-1.0:6-1.0:7-1.0:8-1.0:9-1.0:10-1.0:18612-1.0:35347-1:35348-0:35349-50000.0:35350-2000.0:35351-300000.0:35352-150.0,28.52
0-1.0:2-1.0:3-1.0:4-1.0:5-1.0:6-1.0:7-1.0:8-1.0:9-1.0:10-1.0:18612-1.0:35347-1:35348-0:35349-50000.0:35350-2000.0:35351-300000.0:35352-250.0,23.47
0-1.0:2-1.0:3-1.0:4-1.0:5-1.0:6-1.0:7-1.0:8-1.0:9-1.0:10-1.0:18612-1.0:35347-1:35348-0:35349-50000.0:35350-2000.0:35351-300000.0:35352-750.0,20.11
0-1.0:2-1.0:3-1.0:4-1.0:5-1.0:6-1.0:7-1.0:8-1.0:9-1.0:10-1.0:18612-1.0:35347-1:35348-0:35349-50000.0:35350-2000.0:35351-300000.0:35352-1000.0,20.94
0-1.0:2-1.0:3-1.0:4-1.0:5-1.0:6-1.0:7-1.0:8-1.0:9-1.0:10-1.0:18612-1.0:35347-1:35348-0:35349-50000.0:35350-2000.0:35351-300000.0:35352-2500.0,15.98
0-1.0:2-1.0:3-1.0:4-1.0:5-1.0:6-1.0:7-1.0:8-1.0:9-1.0:10-1.0:18612-1.0:35347-1:35348-0:35349-50000.0:35350-2000.0:35351-500000.0:35352-100.0,29.85
0-1.0:2-1.0:3-1.0:4-1.0:5-1.0:6-1.0:7-1.0:8-1.0:9-1.0:10-1.0:18612-1.0:35347-1:35348-0:35349-50000.0:35350-2000.0:35351-500000.0:35352-150.0,35.59
0-1.0:1-1.0:2-1.0:3-1.0:4-1.0:5-1.0:6-1.0:7-1.0:8-1.0:9-1.0:10-1.0:35347-1:35348-0:35349-50000.0:35350-2000.0:35351-500000.0:35352-500.0,25.13
0-1.0:2-1.0:3-1.0:4-1.0:5-1.0:6-1.0:7-1.0:8-1.0:9-1.0:10-1.0:18612-1.0:35347-1:35348-0:35349-50000.0:35350-2000.0:35351-500000.0:35352-1000.0,21.12
0-1.0:2-1.0:3-1.0:4-1.0:5-1.0:6-1.0:7-1.0:8-1.0:9-1.0:10-1.0:18612-1.0:35347-1:35348-0:35349-50000.0:35350-2000.0:35351-500000.0:35352-1500.0,21.23
0-1.0:2-1.0:3-1.0:4-1.0:5-1.0:6-1.0:7-1.0:8-1.0:9-1.0:10-1.0:18612-1.0:35347-1:35348-0:35349-50000.0:35350-2000.0:35351-500000.0:35352-5000.0,18.48
0-1.0:2-1.0:3-1.0:4-1.0:5-1.0:6-1.0:7-1.0:8-1.0:9-1.0:10-1.0:18612-1.0:35347-1:35348-0:35349-60000.0:35350-1000.0:35351-100000.0:35352-750.0,19.27
0-1.0:2-1.0:3-1.0:4-1.0:5-1.0:6-1.0:7-1.0:8-1.0:9-1.0:10-1.0:18612-1.0:35347-1:35348-0:35349-60000.0:35350-1000.0:35351-100000.0:35352-1500.0,19.05
0-1.0:2-1.0:3-1.0:4-1.0:5-1.0:6-1.0:7-1.0:8-1.0:9-1.0:10-1.0:18612-1.0:35347-1:35348-0:35349-60000.0:35350-1000.0:35351-100000.0:35352-5000.0,17.47
0-1.0:1-1.0:2-1.0:3-1.0:4-1.0:5-1.0:6-1.0:7-1.0:8-1.0:9-1.0:10-1.0:35347-1:35348-0:35349-60000.0:35350-1000.0:35351-300000.0:35352-500.0,24.99
0-1.0:1-1.0:2-1.0:3-1.0:4-1.0:5-1.0:6-1.0:7-1.0:8-1.0:9-1.0:10-1.0:35347-1:35348-0:35349-60000.0:35350-1000.0:35351-300000.0:35352-1000.0,22.25
0-1.0:2-1.0:3-1.0:4-1.0:5-1.0:6-1.0:7-1.0:8-1.0:9-1.0:10-1.0:18612-1.0:35347-1:35348-0:35349-60000.0:35350-1000.0:35351-300000.0:35352-1500.0,18.89
0-1.0:2-1.0:3-1.0:4-1.0:5-1.0:6-1.0:7-1.0:8-1.0:9-1.0:10-1.0:18612-1.0:35347-1:35348-0:35349-60000.0:35350-1000.0:35351-300000.0:35352-2500.0,18.51
0-1.0:2-1.0:3-1.0:4-1.0:5-1.0:6-1.0:7-1.0:8-1.0:9-1.0:10-1.0:18612-1.0:35347-1:35348-0:35349-60000.0:35350-1000.0:35351-300000.0:35352-5000.0,14.41
0-1.0:2-1.0:3-1.0:4-1.0:5-1.0:6-1.0:7-1.0:8-1.0:9-1.0:10-1.0:18612-1.0:35347-1:35348-0:35349-60000.0:35350-1000.0:35351-500000.0:35352-100.0,34.87
0-1.0:2-1.0:3-1.0:4-1.0:5-1.0:6-1.0:7-1.0:8-1.0:9-1.0:10-1.0:18612-1.0:35347-1:35348-0:35349-60000.0:35350-1000.0:35351-500000.0:35352-250.0,26.15
0-1.0:2-1.0:3-1.0:4-1.0:5-1.0:6-1.0:7-1.0:8-1.0:9-1.0:10-1.0:18612-1.0:35347-1:35348-0:35349-60000.0:35350-1000.0:35351-500000.0:35352-750.0,24.09
0-1.0:2-1.0:3-1.0:4-1.0:5-1.0:6-1.0:7-1.0:8-1.0:9-1.0:10-1.0:18612-1.0:35347-1:35348-0:35349-60000.0:35350-1000.0:35351-500000.0:35352-1500.0,26.38
0-1.0:2-1.0:3-1.0:4-1.0:5-1.0:6-1.0:7-1.0:8-1.0:9-1.0:10-1.0:18612-1.0:35347-1:35348-0:35349-60000.0:35350-1000.0:35351-500000.0:35352-5000.0,17.44
0-1.0:2-1.0:3-1.0:4-1.0:5-1.0:6-1.0:7-1.0:8-1.0:9-1.0:10-1.0:18612-1.0:35347-1:35348-0:35349-60000.0:35350-2000.0:35351-100000.0:35352-250.0,25.65
0-1.0:2-1.0:3-1.0:4-1.0:5-1.0:6-1.0:7-1.0:8-1.0:9-1.0:10-1.0:18612-1.0:35347-1:35348-0:35349-60000.0:35350-2000.0:35351-100000.0:35352-1000.0,18.4
0-1.0:2-1.0:3-1.0:4-1.0:5-1.0:6-1.0:7-1.0:8-1.0:9-1.0:10-1.0:18612-1.0:35347-1:35348-0:35349-60000.0:35350-2000.0:35351-100000.0:35352-1500.0,17.99
0-1.0:2-1.0:3-1.0:4-1.0:5-1.0:6-1.0:7-1.0:8-1.0:9-1.0:10-1.0:18612-1.0:35347-1:35348-0:35349-60000.0:35350-2000.0:35351-100000.0:35352-2500.0,16.68
0-1.0:2-1.0:3-1.0:4-1.0:5-1.0:6-1.0:7-1.0:8-1.0:9-1.0:10-1.0:18612-1.0:35347-1:35348-0:35349-60000.0:35350-2000.0:35351-100000.0:35352-5000.0,13.94
0-1.0:2-1.0:3-1.0:4-1.0:5-1.0:6-1.0:7-1.0:8-1.0:9-1.0:10-1.0:18612-1.0:35347-1:35348-0:35349-60000.0:35350-2000.0:35351-300000.0:35352-100.0,42.04
0-1.0:2-1.0:3-1.0:4-1.0:5-1.0:6-1.0:7-1.0:8-1.0:9-1.0:10-1.0:18612-1.0:35347-1:35348-0:35349-60000.0:35350-2000.0:35351-300000.0:35352-150.0,40.45
0-1.0:1-1.0:2-1.0:3-1.0:4-1.0:5-1.0:6-1.0:7-1.0:8-1.0:9-1.0:10-1.0:35347-1:35348-0:35349-60000.0:35350-2000.0:35351-300000.0:35352-750.0,23.74
0-1.0:2-1.0:3-1.0:4-1.0:5-1.0:6-1.0:7-1.0:8-1.0:9-1.0:10-1.0:18612-1.0:35347-1:35348-0:35349-60000.0:35350-2000.0:35351-300000.0:35352-1000.0,22.9
0-1.0:2-1.0:3-1.0:4-1.0:5-1.0:6-1.0:7-1.0:8-1.0:9-1.0:10-1.0:18612-1.0:35347-1:35348-0:35349-60000.0:35350-2000.0:35351-300000.0:35352-1500.0,19.51
0-1.0:2-1.0:3-1.0:4-1.0:5-1.0:6-1.0:7-1.0:8-1.0:9-1.0:10-1.0:18612-1.0:35347-1:35348-0:35349-60000.0:35350-2000.0:35351-300000.0:35352-2500.0,17.12
0-1.0:2-1.0:3-1.0:4-1.0:5-1.0:6-1.0:7-1.0:8-1.0:9-1.0:10-1.0:18612-1.0:35347-1:35348-0:35349-60000.0:35350-2000.0:35351-300000.0:35352-5000.0,18.06
0-1.0:1-1.0:2-1.0:3-1.0:4-1.0:5-1.0:6-1.0:7-1.0:8-1.0:9-1.0:10-1.0:35347-1:35348-0:35349-60000.0:35350-2000.0:35351-500000.0:35352-250.0,28.89
0-1.0:1-1.0:2-1.0:3-1.0:4-1.0:5-1.0:6-1.0:7-1.0:8-1.0:9-1.0:10-1.0:35347-1:35348-0:35349-60000.0:35350-2000.0:35351-500000.0:35352-1500.0,22.67
0-1.0:2-1.0:3-1.0:4-1.0:5-1.0:6-1.0:7-1.0:8-1.0:9-1.0:10-1.0:18612-1.0:35347-1:35348-0:35349-70000.0:35350-1000.0:35351-100000.0:35352-100.0,34.91
0-1.0:2-1.0:3-1.0:4-1.0:5-1.0:6-1.0:7-1.0:8-1.0:9-1.0:10-1.0:18612-1.0:35347-1:35348-0:35349-70000.0:35350-1000.0:35351-100000.0:35352-150.0,28.88
0-1.0:2-1.0:3-1.0:4-1.0:5-1.0:6-1.0:7-1.0:8-1.0:9-1.0:10-1.0:18612-1.0:35347-1:35348-0:35349-70000.0:35350-1000.0:35351-100000.0:35352-250.0,30.78
0-1.0:2-1.0:3-1.0:4-1.0:5-1.0:6-1.0:7-1.0:8-1.0:9-1.0:10-1.0:18612-1.0:35347-1:35348-0:35349-70000.0:35350-1000.0:35351-100000.0:35352-750.0,46.06
0-1.0:2-1.0:3-1.0:4-1.0:5-1.0:6-1.0:7-1.0:8-1.0:9-1.0:10-1.0:18612-1.0:35347-1:35348-0:35349-70000.0:35350-1000.0:35351-100000.0:35352-2500.0,22.57
0-1.0:2-1.0:3-1.0:4-1.0:5-1.0:6-1.0:7-1.0:8-1.0:9-1.0:10-1.0:18612-1.0:35347-1:35348-0:35349-70000.0:35350-1000.0:35351-100000.0:35352-5000.0,13.53
0-1.0:2-1.0:3-1.0:4-1.0:5-1.0:6-1.0:7-1.0:8-1.0:9-1.0:10-1.0:18612-1.0:35347-1:35348-0:35349-70000.0:35350-1000.0:35351-300000.0:35352-250.0,27.49
0-1.0:2-1.0:3-1.0:4-1.0:5-1.0:6-1.0:7-1.0:8-1.0:9-1.0:10-1.0:18612-1.0:35347-1:35348-0:35349-70000.0:35350-1000.0:35351-300000.0:35352-500.0,24.72
0-1.0:2-1.0:3-1.0:4-1.0:5-1.0:6-1.0:7-1.0:8-1.0:9-1.0:10-1.0:18612-1.0:35347-1:35348-0:35349-70000.0:35350-1000.0:35351-300000.0:35352-750.0,22.78
0-1.0:2-1.0:3-1.0:4-1.0:5-1.0:6-1.0:7-1.0:8-1.0:9-1.0:10-1.0:18612-1.0:35347-1:35348-0:35349-70000.0:35350-1000.0:35351-300000.0:35352-1000.0,29.79
0-1.0:2-1.0:3-1.0:4-1.0:5-1.0:6-1.0:7-1.0:8-1.0:9-1.0:10-1.0:18612-1.0:35347-1:35348-0:35349-70000.0:35350-1000.0:35351-300000.0:35352-1500.0,22.14
0-1.0:1-1.0:2-1.0:3-1.0:4-1.0:5-1.0:6-1.0:7-1.0:8-1.0:9-1.0:10-1.0:35347-1:35348-0:35349-70000.0:35350-1000.0:35351-300000.0:35352-2500.0,19.73
0-1.0:2-1.0:3-1.0:4-1.0:5-1.0:6-1.0:7-1.0:8-1.0:9-1.0:10-1.0:18612-1.0:35347-1:35348-0:35349-70000.0:35350-1000.0:35351-300000.0:35352-5000.0,16.79
0-1.0:2-1.0:3-1.0:4-1.0:5-1.0:6-1.0:7-1.0:8-1.0:9-1.0:10-1.0:18612-1.0:35347-1:35348-0:35349-100000.0:35350-1000.0:35351-100000.0:35352-1500.0,21.44
0-1.0:2-1.0:3-1.0:4-1.0:5-1.0:6-1.0:7-1.0:8-1.0:9-1.0:10-1.0:18612-1.0:35347-1:35348-0:35349-100000.0:35350-1000.0:35351-100000.0:35352-5000.0,31.48
0-1.0:2-1.0:3-1.0:4-1.0:5-1.0:6-1.0:7-1.0:8-1.0:9-1.0:10-1.0:18612-1.0:35347-1:35348-0:35349-100000.0:35350-1000.0:35351-300000.0:35352-100.0,39.8
0-1.0:1-1.0:2-1.0:3-1.0:4-1.0:5-1.0:6-1.0:7-1.0:8-1.0:9-1.0:10-1.0:35347-1:35348-0:35349-100000.0:35350-1000.0:35351-300000.0:35352-150.0,40.2
0-1.0:2-1.0:3-1.0:4-1.0:5-1.0:6-1.0:7-1.0:8-1.0:9-1.0:10-1.0:18612-1.0:35347-1:35348-0:35349-100000.0:35350-1000.0:35351-300000.0:35352-250.0,30.67
0-1.0:2-1.0:3-1.0:4-1.0:5-1.0:6-1.0:7-1.0:8-1.0:9-1.0:10-1.0:18612-1.0:35347-1:35348-0:35349-100000.0:35350-1000.0:35351-300000.0:35352-500.0,31.31
0-1.0:2-1.0:3-1.0:4-1.0:5-1.0:6-1.0:7-1.0:8-1.0:9-1.0:10-1.0:18612-1.0:35347-1:35348-0:35349-100000.0:35350-1000.0:35351-300000.0:35352-750.0,34.23
0-1.0:2-1.0:3-1.0:4-1.0:5-1.0:6-1.0:7-1.0:8-1.0:9-1.0:10-1.0:18612-1.0:35347-1:35348-0:35349-100000.0:35350-1000.0:35351-300000.0:35352-1000.0,25.24
0-1.0:2-1.0:3-1.0:4-1.0:5-1.0:6-1.0:7-1.0:8-1.0:9-1.0:10-1.0:18612-1.0:35347-1:35348-0:35349-100000.0:35350-1000.0:35351-300000.0:35352-1500.0,24.0
0-1.0:1-1.0:2-1.0:3-1.0:4-1.0:5-1.0:6-1.0:7-1.0:8-1.0:9-1.0:10-1.0:35347-1:35348-0:35349-100000.0:35350-1000.0:35351-300000.0:35352-2500.0,23.05
0-1.0:2-1.0:3-1.0:4-1.0:5-1.0:6-1.0:7-1.0:8-1.0:9-1.0:10-1.0:18612-1.0:35347-1:35348-0:35349-100000.0:35350-1000.0:35351-300000.0:35352-5000.0,17.81
0-1.0:2-1.0:3-1.0:4-1.0:5-1.0:6-1.0:7-1.0:8-1.0:9-1.0:10-1.0:18612-1.0:35347-1:35348-0:35349-100000.0:35350-1000.0:35351-500000.0:35352-100.0,44.22
0-1.0:2-1.0:3-1.0:4-1.0:5-1.0:6-1.0:7-1.0:8-1.0:9-1.0:10-1.0:18612-1.0:35347-1:35348-0:35349-100000.0:35350-1000.0:35351-500000.0:35352-150.0,38.82
0-1.0:1-1.0:2-1.0:3-1.0:4-1.0:5-1.0:6-1.0:7-1.0:8-1.0:9-1.0:10-1.0:35347-1:35348-0:35349-100000.0:35350-1000.0:35351-500000.0:35352-250.0,35.51
0-1.0:2-1.0:3-1.0:4-1.0:5-1.0:6-1.0:7-1.0:8-1.0:9-1.0:10-1.0:18612-1.0:35347-1:35348-0:35349-100000.0:35350-1000.0:35351-500000.0:35352-500.0,38.14
0-1.0:2-1.0:3-1.0:4-1.0:5-1.0:6-1.0:7-1.0:8-1.0:9-1.0:10-1.0:18612-1.0:35347-1:35348-0:35349-100000.0:35350-1000.0:35351-500000.0:35352-750.0,38.69
0-1.0:2-1.0:3-1.0:4-1.0:5-1.0:6-1.0:7-1.0:8-1.0:9-1.0:10-1.0:18612-1.0:35347-1:35348-0:35349-100000.0:35350-1000.0:35351-500000.0:35352-1000.0,26.9
0-1.0:2-1.0:3-1.0:4-1.0:5-1.0:6-1.0:7-1.0:8-1.0:9-1.0:10-1.0:18612-1.0:35347-1:35348-0:35349-100000.0:35350-1000.0:35351-500000.0:35352-1500.0,30.73
0-1.0:2-1.0:3-1.0:4-1.0:5-1.0:6-1.0:7-1.0:8-1.0:9-1.0:10-1.0:18612-1.0:35347-1:35348-0:35349-100000.0:35350-1000.0:35351-500000.0:35352-2500.0,24.71
0-1.0:2-1.0:3-1.0:4-1.0:5-1.0:6-1.0:7-1.0:8-1.0:9-1.0:10-1.0:18612-1.0:35347-1:35348-0:35349-100000.0:35350-1000.0:35351-500000.0:35352-5000.0,21.22
0-1.0:2-1.0:3-1.0:4-1.0:5-1.0:6-1.0:7-1.0:8-1.0:9-1.0:10-1.0:18612-1.0:35347-1:35348-0:35349-100000.0:35350-2000.0:35351-100000.0:35352-100.0,45.96
0-1.0:1-1.0:2-1.0:3-1.0:4-1.0:5-1.0:6-1.0:7-1.0:8-1.0:9-1.0:10-1.0:35347-1:35348-0:35349-100000.0:35350-2000.0:35351-100000.0:35352-150.0,38.37
0-1.0:2-1.0:3-1.0:4-1.0:5-1.0:6-1.0:7-1.0:8-1.0:9-1.0:10-1.0:18612-1.0:35347-1:35348-0:35349-100000.0:35350-2000.0:35351-100000.0:35352-250.0,32.01
0-1.0:2-1.0:3-1.0:4-1.0:5-1.0:6-1.0:7-1.0:8-1.0:9-1.0:10-1.0:18612-1.0:35347-1:35348-0:35349-100000.0:35350-2000.0:35351-100000.0:35352-500.0,37.63
0-1.0:1-1.0:2-1.0:3-1.0:4-1.0:5-1.0:6-1.0:7-1.0:8-1.0:9-1.0:10-1.0:35347-1:35348-0:35349-100000.0:35350-2000.0:35351-100000.0:35352-750.0,27.57
0-1.0:2-1.0:3-1.0:4-1.0:5-1.0:6-1.0:7-1.0:8-1.0:9-1.0:10-1.0:18612-1.0:35347-1:35348-0:35349-100000.0:35350-2000.0:35351-100000.0:35352-1000.0,29.87
0-1.0:2-1.0:3-1.0:4-1.0:5-1.0:6-1.0:7-1.0:8-1.0:9-1.0:10-1.0:18612-1.0:35347-1:35348-0:35349-100000.0:35350-2000.0:35351-100000.0:35352-1500.0,21.69
0-1.0:2-1.0:3-1.0:4-1.0:5-1.0:6-1.0:7-1.0:8-1.0:9-1.0:10-1.0:18612-1.0:35347-1:35348-0:35349-100000.0:35350-2000.0:35351-100000.0:35352-2500.0,19.12
0-1.0:2-1.0:3-1.0:4-1.0:5-1.0:6-1.0:7-1.0:8-1.0:9-1.0:10-1.0:18612-1.0:35347-1:35348-0:35349-100000.0:35350-2000.0:35351-100000.0:35352-5000.0,15.97
0-1.0:2-1.0:3-1.0:4-1.0:5-1.0:6-1.0:7-1.0:8-1.0:9-1.0:10-1.0:18612-1.0:35347-1:35348-0:35349-100000.0:35350-2000.0:35351-300000.0:35352-100.0,42.04
0-1.0:2-1.0:3-1.0:4-1.0:5-1.0:6-1.0:7-1.0:8-1.0:9-1.0:10-1.0:18612-1.0:35347-1:35348-0:35349-100000.0:35350-2000.0:35351-300000.0:35352-150.0,71.02
0-1.0:1-1.0:2-1.0:3-1.0:4-1.0:5-1.0:6-1.0:7-1.0:8-1.0:9-1.0:10-1.0:35347-1:35348-0:35349-100000.0:35350-2000.0:35351-300000.0:35352-500.0,31.56
0-1.0:2-1.0:3-1.0:4-1.0:5-1.0:6-1.0:7-1.0:8-1.0:9-1.0:10-1.0:18612-1.0:35347-1:35348-0:35349-100000.0:35350-2000.0:35351-300000.0:35352-750.0,26.92
0-1.0:1-1.0:2-1.0:3-1.0:4-1.0:5-1.0:6-1.0:7-1.0:8-1.0:9-1.0:10-1.0:35347-1:35348-0:35349-100000.0:35350-2000.0:35351-300000.0:35352-1000.0,28.06
0-1.0:1-1.0:2-1.0:3-1.0:4-1.0:5-1.0:6-1.0:7-1.0:8-1.0:9-1.0:10-1.0:35347-1:35348-0:35349-100000.0:35350-2000.0:35351-300000.0:35352-1500.0,26.15
0-1.0:2-1.0:3-1.0:4-1.0:5-1.0:6-1.0:7-1.0:8-1.0:9-1.0:10-1.0:18612-1.0:35347-1:35348-0:35349-100000.0:35350-2000.0:35351-300000.0:35352-2500.0,23.3
0-1.0:2-1.0:3-1.0:4-1.0:5-1.0:6-1.0:7-1.0:8-1.0:9-1.0:10-1.0:18612-1.0:35347-1:35348-0:35349-100000.0:35350-2000.0:35351-300000.0:35352-5000.0,24.68
0-1.0:2-1.0:3-1.0:4-1.0:5-1.0:6-1.0:7-1.0:8-1.0:9-1.0:10-1.0:18612-1.0:35347-1:35348-0:35349-100000.0:35350-2000.0:35351-500000.0:35352-100.0,43.71
0-1.0:2-1.0:3-1.0:4-1.0:5-1.0:6-1.0:7-1.0:8-1.0:9-1.0:10-1.0:18612-1.0:35347-1:35348-0:35349-100000.0:35350-2000.0:35351-500000.0:35352-150.0,38.3
0-1.0:2-1.0:3-1.0:4-1.0:5-1.0:6-1.0:7-1.0:8-1.0:9-1.0:10-1.0:18612-1.0:35347-1:35348-0:35349-100000.0:35350-2000.0:35351-500000.0:35352-250.0,32.59
0-1.0:2-1.0:3-1.0:4-1.0:5-1.0:6-1.0:7-1.0:8-1.0:9-1.0:10-1.0:18612-1.0:35347-1:35348-0:35349-100000.0:35350-2000.0:35351-500000.0:35352-500.0,33.22
0-1.0:2-1.0:3-1.0:4-1.0:5-1.0:6-1.0:7-1.0:8-1.0:9-1.0:10-1.0:18612-1.0:35347-1:35348-0:35349-100000.0:35350-2000.0:35351-500000.0:35352-750.0,29.13
0-1.0:2-1.0:3-1.0:4-1.0:5-1.0:6-1.0:7-1.0:8-1.0:9-1.0:10-1.0:18612-1.0:35347-1:35348-0:35349-100000.0:35350-2000.0:35351-500000.0:35352-1000.0,28.44
0-1.0:2-1.0:3-1.0:4-1.0:5-1.0:6-1.0:7-1.0:8-1.0:9-1.0:10-1.0:18612-1.0:35347-1:35348-0:35349-100000.0:35350-2000.0:35351-500000.0:35352-1500.0,25.44
0-1.0:2-1.0:3-1.0:4-1.0:5-1.0:6-1.0:7-1.0:8-1.0:9-1.0:10-1.0:18612-1.0:35347-1:35348-0:35349-100000.0:35350-2000.0:35351-500000.0:35352-2500.0,45.98
0-1.0:2-1.0:3-1.0:4-1.0:5-1.0:6-1.0:7-1.0:8-1.0:9-1.0:10-1.0:18612-1.0:35347-1:35348-0:35349-100000.0:35350-2000.0:35351-500000.0:35352-5000.0,21.47
0-1.0:2-1.0:3-1.0:4-1.0:5-1.0:6-1.0:7-1.0:8-1.0:9-1.0:10-1.0:18612-1.0:35347-2:35348-0:35349-4000.0:35350-1000.0:35351-100000.0:35352-100.0,15.43
0-1.0:2-1.0:3-1.0:4-1.0:5-1.0:6-1.0:7-1.0:8-1.0:9-1.0:10-1.0:18612-1.0:35347-2:35348-0:35349-4000.0:35350-1000.0:35351-100000.0:35352-150.0,14.81
0-1.0:2-1.0:3-1.0:4-1.0:5-1.0:6-1.0:7-1.0:8-1.0:9-1.0:10-1.0:18612-1.0:35347-2:35348-0:35349-4000.0:35350-1000.0:35351-100000.0:35352-250.0,12.34
0-1.0:2-1.0:3-1.0:4-1.0:5-1.0:6-1.0:7-1.0:8-1.0:9-1.0:10-1.0:18612-1.0:35347-2:35348-0:35349-4000.0:35350-1000.0:35351-100000.0:35352-500.0,22.71
0-1.0:2-1.0:3-1.0:4-1.0:5-1.0:6-1.0:7-1.0:8-1.0:9-1.0:10-1.0:18612-1.0:35347-2:35348-0:35349-4000.0:35350-1000.0:35351-100000.0:35352-750.0,13.88
0-1.0:2-1.0:3-1.0:4-1.0:5-1.0:6-1.0:7-1.0:8-1.0:9-1.0:10-1.0:18612-1.0:35347-2:35348-0:35349-4000.0:35350-1000.0:35351-100000.0:35352-1500.0,20.57
0-1.0:2-1.0:3-1.0:4-1.0:5-1.0:6-1.0:7-1.0:8-1.0:9-1.0:10-1.0:18612-1.0:35347-2:35348-0:35349-4000.0:35350-1000.0:35351-100000.0:35352-2500.0,10.83
0-1.0:2-1.0:3-1.0:4-1.0:5-1.0:6-1.0:7-1.0:8-1.0:9-1.0:10-1.0:18612-1.0:35347-2:35348-0:35349-4000.0:35350-1000.0:35351-100000.0:35352-5000.0,10.83
0-1.0:2-1.0:3-1.0:4-1.0:5-1.0:6-1.0:7-1.0:8-1.0:9-1.0:10-1.0:18612-1.0:35347-2:35348-0:35349-4000.0:35350-1000.0:35351-300000.0:35352-100.0,21.82
0-1.0:1-1.0:2-1.0:3-1.0:4-1.0:5-1.0:6-1.0:7-1.0:8-1.0:9-1.0:10-1.0:35347-2:35348-0:35349-4000.0:35350-1000.0:35351-300000.0:35352-150.0,18.54
0-1.0:2-1.0:3-1.0:4-1.0:5-1.0:6-1.0:7-1.0:8-1.0:9-1.0:10-1.0:18612-1.0:35347-2:35348-0:35349-4000.0:35350-1000.0:35351-300000.0:35352-250.0,17.87
0-1.0:2-1.0:3-1.0:4-1.0:5-1.0:6-1.0:7-1.0:8-1.0:9-1.0:10-1.0:18612-1.0:35347-2:35348-0:35349-4000.0:35350-1000.0:35351-300000.0:35352-500.0,14.07
0-1.0:2-1.0:3-1.0:4-1.0:5-1.0:6-1.0:7-1.0:8-1.0:9-1.0:10-1.0:18612-1.0:35347-2:35348-0:35349-4000.0:35350-1000.0:35351-300000.0:35352-750.0,12.7
0-1.0:2-1.0:3-1.0:4-1.0:5-1.0:6-1.0:7-1.0:8-1.0:9-1.0:10-1.0:18612-1.0:35347-2:35348-0:35349-4000.0:35350-1000.0:35351-300000.0:35352-1000.0,13.19
0-1.0:1-1.0:2-1.0:3-1.0:4-1.0:5-1.0:6-1.0:7-1.0:8-1.0:9-1.0:10-1.0:35347-2:35348-0:35349-4000.0:35350-1000.0:35351-300000.0:35352-1500.0,12.37
0-1.0:2-1.0:3-1.0:4-1.0:5-1.0:6-1.0:7-1.0:8-1.0:9-1.0:10-1.0:18612-1.0:35347-2:35348-0:35349-4000.0:35350-1000.0:35351-300000.0:35352-2500.0,10.83
0-1.0:2-1.0:3-1.0:4-1.0:5-1.0:6-1.0:7-1.0:8-1.0:9-1.0:10-1.0:18612-1.0:35347-2:35348-0:35349-4000.0:35350-1000.0:35351-300000.0:35352-5000.0,10.83
0-1.0:2-1.0:3-1.0:4-1.0:5-1.0:6-1.0:7-1.0:8-1.0:9-1.0:10-1.0:18612-1.0:35347-2:35348-0:35349-4000.0:35350-1000.0:35351-500000.0:35352-100.0,23.49
0-1.0:2-1.0:3-1.0:4-1.0:5-1.0:6-1.0:7-1.0:8-1.0:9-1.0:10-1.0:18612-1.0:35347-2:35348-0:35349-4000.0:35350-1000.0:35351-500000.0:35352-150.0,18.56
0-1.0:2-1.0:3-1.0:4-1.0:5-1.0:6-1.0:7-1.0:8-1.0:9-1.0:10-1.0:18612-1.0:35347-2:35348-0:35349-4000.0:35350-1000.0:35351-500000.0:35352-250.0,16.09
0-1.0:2-1.0:3-1.0:4-1.0:5-1.0:6-1.0:7-1.0:8-1.0:9-1.0:10-1.0:18612-1.0:35347-2:35348-0:35349-4000.0:35350-1000.0:35351-500000.0:35352-500.0,28.98
0-1.0:2-1.0:3-1.0:4-1.0:5-1.0:6-1.0:7-1.0:8-1.0:9-1.0:10-1.0:18612-1.0:35347-2:35348-0:35349-4000.0:35350-1000.0:35351-500000.0:35352-750.0,18.84
0-1.0:2-1.0:3-1.0:4-1.0:5-1.0:6-1.0:7-1.0:8-1.0:9-1.0:10-1.0:18612-1.0:35347-2:35348-0:35349-4000.0:35350-1000.0:35351-500000.0:35352-1000.0,14.86
0-1.0:2-1.0:3-1.0:4-1.0:5-1.0:6-1.0:7-1.0:8-1.0:9-1.0:10-1.0:18612-1.0:35347-2:35348-0:35349-4000.0:35350-1000.0:35351-500000.0:35352-1500.0,16.91
0-1.0:2-1.0:3-1.0:4-1.0:5-1.0:6-1.0:7-1.0:8-1.0:9-1.0:10-1.0:18612-1.0:35347-2:35348-0:35349-4000.0:35350-1000.0:35351-500000.0:35352-2500.0,12.35
0-1.0:2-1.0:3-1.0:4-1.0:5-1.0:6-1.0:7-1.0:8-1.0:9-1.0:10-1.0:18612-1.0:35347-2:35348-0:35349-4000.0:35350-1000.0:35351-500000.0:35352-5000.0,11.29
0-1.0:2-1.0:3-1.0:4-1.0:5-1.0:6-1.0:7-1.0:8-1.0:9-1.0:10-1.0:18612-1.0:35347-2:35348-0:35349-4000.0:35350-2000.0:35351-100000.0:35352-100.0,17.39
0-1.0:2-1.0:3-1.0:4-1.0:5-1.0:6-1.0:7-1.0:8-1.0:9-1.0:10-1.0:18612-1.0:35347-2:35348-0:35349-4000.0:35350-2000.0:35351-100000.0:35352-150.0,15.06
0-1.0:2-1.0:3-1.0:4-1.0:5-1.0:6-1.0:7-1.0:8-1.0:9-1.0:10-1.0:18612-1.0:35347-2:35348-0:35349-4000.0:35350-2000.0:35351-100000.0:35352-250.0,16.39
0-1.0:2-1.0:3-1.0:4-1.0:5-1.0:6-1.0:7-1.0:8-1.0:9-1.0:10-1.0:18612-1.0:35347-2:35348-0:35349-4000.0:35350-2000.0:35351-100000.0:35352-500.0,15.58
0-1.0:2-1.0:3-1.0:4-1.0:5-1.0:6-1.0:7-1.0:8-1.0:9-1.0:10-1.0:18612-1.0:35347-2:35348-0:35349-4000.0:35350-2000.0:35351-100000.0:35352-750.0,12.04
0-1.0:2-1.0:3-1.0:4-1.0:5-1.0:6-1.0:7-1.0:8-1.0:9-1.0:10-1.0:18612-1.0:35347-2:35348-0:35349-4000.0:35350-2000.0:35351-100000.0:35352-1000.0,10.83
0-1.0:2-1.0:3-1.0:4-1.0:5-1.0:6-1.0:7-1.0:8-1.0:9-1.0:10-1.0:18612-1.0:35347-2:35348-0:35349-4000.0:35350-2000.0:35351-100000.0:35352-1500.0,10.83
0-1.0:2-1.0:3-1.0:4-1.0:5-1.0:6-1.0:7-1.0:8-1.0:9-1.0:10-1.0:18612-1.0:35347-2:35348-0:35349-4000.0:35350-2000.0:35351-100000.0:35352-2500.0,11.83
0-1.0:2-1.0:3-1.0:4-1.0:5-1.0:6-1.0:7-1.0:8-1.0:9-1.0:10-1.0:18612-1.0:35347-2:35348-0:35349-4000.0:35350-2000.0:35351-100000.0:35352-5000.0,10.83
0-1.0:2-1.0:3-1.0:4-1.0:5-1.0:6-1.0:7-1.0:8-1.0:9-1.0:10-1.0:18612-1.0:35347-2:35348-0:35349-4000.0:35350-2000.0:35351-300000.0:35352-100.0,17.76
0-1.0:2-1.0:3-1.0:4-1.0:5-1.0:6-1.0:7-1.0:8-1.0:9-1.0:10-1.0:18612-1.0:35347-2:35348-0:35349-4000.0:35350-2000.0:35351-300000.0:35352-150.0,18.79
0-1.0:2-1.0:3-1.0:4-1.0:5-1.0:6-1.0:7-1.0:8-1.0:9-1.0:10-1.0:18612-1.0:35347-2:35348-0:35349-4000.0:35350-2000.0:35351-300000.0:35352-250.0,15.36
0-1.0:2-1.0:3-1.0:4-1.0:5-1.0:6-1.0:7-1.0:8-1.0:9-1.0:10-1.0:18612-1.0:35347-2:35348-0:35349-4000.0:35350-2000.0:35351-300000.0:35352-500.0,14.95
0-1.0:2-1.0:3-1.0:4-1.0:5-1.0:6-1.0:7-1.0:8-1.0:9-1.0:10-1.0:18612-1.0:35347-2:35348-0:35349-4000.0:35350-2000.0:35351-300000.0:35352-750.0,23.56
0-1.0:1-1.0:2-1.0:3-1.0:4-1.0:5-1.0:6-1.0:7-1.0:8-1.0:9-1.0:10-1.0:35347-2:35348-0:35349-4000.0:35350-2000.0:35351-300000.0:35352-1000.0,13.44
0-1.0:2-1.0:3-1.0:4-1.0:5-1.0:6-1.0:7-1.0:8-1.0:9-1.0:10-1.0:18612-1.0:35347-2:35348-0:35349-4000.0:35350-2000.0:35351-300000.0:35352-1500.0,11.59
0-1.0:2-1.0:3-1.0:4-1.0:5-1.0:6-1.0:7-1.0:8-1.0:9-1.0:10-1.0:18612-1.0:35347-2:35348-0:35349-4000.0:35350-2000.0:35351-300000.0:35352-2500.0,12.75
0-1.0:2-1.0:3-1.0:4-1.0:5-1.0:6-1.0:7-1.0:8-1.0:9-1.0:10-1.0:18612-1.0:35347-2:35348-0:35349-4000.0:35350-2000.0:35351-300000.0:35352-5000.0,11.02
0-1.0:2-1.0:3-1.0:4-1.0:5-1.0:6-1.0:7-1.0:8-1.0:9-1.0:10-1.0:18612-1.0:35347-2:35348-0:35349-4000.0:35350-2000.0:35351-500000.0:35352-100.0,19.43
0-1.0:2-1.0:3-1.0:4-1.0:5-1.0:6-1.0:7-1.0:8-1.0:9-1.0:10-1.0:18612-1.0:35347-2:35348-0:35349-4000.0:35350-2000.0:35351-500000.0:35352-150.0,20.45
0-1.0:2-1.0:3-1.0:4-1.0:5-1.0:6-1.0:7-1.0:8-1.0:9-1.0:10-1.0:18612-1.0:35347-2:35348-0:35349-4000.0:35350-2000.0:35351-500000.0:35352-250.0,17.71
0-1.0:2-1.0:3-1.0:4-1.0:5-1.0:6-1.0:7-1.0:8-1.0:9-1.0:10-1.0:18612-1.0:35347-2:35348-0:35349-4000.0:35350-2000.0:35351-500000.0:35352-500.0,20.14
0-1.0:2-1.0:3-1.0:4-1.0:5-1.0:6-1.0:7-1.0:8-1.0:9-1.0:10-1.0:18612-1.0:35347-2:35348-0:35349-4000.0:35350-2000.0:35351-500000.0:35352-750.0,27.59
0-1.0:2-1.0:3-1.0:4-1.0:5-1.0:6-1.0:7-1.0:8-1.0:9-1.0:10-1.0:18612-1.0:35347-2:35348-0:35349-4000.0:35350-2000.0:35351-500000.0:35352-1000.0,14.22
0-1.0:2-1.0:3-1.0:4-1.0:5-1.0:6-1.0:7-1.0:8-1.0:9-1.0:10-1.0:18612-1.0:35347-2:35348-0:35349-4000.0:35350-2000.0:35351-500000.0:35352-1500.0,13.46
0-1.0:2-1.0:3-1.0:4-1.0:5-1.0:6-1.0:7-1.0:8-1.0:9-1.0:10-1.0:18612-1.0:35347-2:35348-0:35349-4000.0:35350-2000.0:35351-500000.0:35352-2500.0,14.42
0-1.0:2-1.0:3-1.0:4-1.0:5-1.0:6-1.0:7-1.0:8-1.0:9-1.0:10-1.0:18612-1.0:35347-2:35348-0:35349-4000.0:35350-2000.0:35351-500000.0:35352-5000.0,12.11
0-1.0:2-1.0:3-1.0:4-1.0:5-1.0:6-1.0:7-1.0:8-1.0:9-1.0:10-1.0:18612-1.0:35347-2:35348-0:35349-8000.0:35350-1000.0:35351-100000.0:35352-100.0,16.28
0-1.0:2-1.0:3-1.0:4-1.0:5-1.0:6-1.0:7-1.0:8-1.0:9-1.0:10-1.0:18612-1.0:35347-2:35348-0:35349-8000.0:35350-1000.0:35351-100000.0:35352-150.0,18.95
0-1.0:2-1.0:3-1.0:4-1.0:5-1.0:6-1.0:7-1.0:8-1.0:9-1.0:10-1.0:18612-1.0:35347-2:35348-0:35349-8000.0:35350-1000.0:35351-100000.0:35352-250.0,12.34
0-1.0:2-1.0:3-1.0:4-1.0:5-1.0:6-1.0:7-1.0:8-1.0:9-1.0:10-1.0:18612-1.0:35347-2:35348-0:35349-8000.0:35350-1000.0:35351-100000.0:35352-500.0,14.29
0-1.0:1-1.0:2-1.0:3-1.0:4-1.0:5-1.0:6-1.0:7-1.0:8-1.0:9-1.0:10-1.0:35347-2:35348-0:35349-8000.0:35350-1000.0:35351-100000.0:35352-750.0,11.79
0-1.0:2-1.0:3-1.0:4-1.0:5-1.0:6-1.0:7-1.0:8-1.0:9-1.0:10-1.0:18612-1.0:35347-2:35348-0:35349-8000.0:35350-1000.0:35351-100000.0:35352-1500.0,11.84
0-1.0:2-1.0:3-1.0:4-1.0:5-1.0:6-1.0:7-1.0:8-1.0:9-1.0:10-1.0:18612-1.0:35347-2:35348-0:35349-8000.0:35350-1000.0:35351-100000.0:35352-2500.0,10.83
0-1.0:1-1.0:2-1.0:3-1.0:4-1.0:5-1.0:6-1.0:7-1.0:8-1.0:9-1.0:10-1.0:35347-2:35348-0:35349-8000.0:35350-1000.0:35351-100000.0:35352-5000.0,10.83
0-1.0:2-1.0:3-1.0:4-1.0:5-1.0:6-1.0:7-1.0:8-1.0:9-1.0:10-1.0:18612-1.0:35347-2:35348-0:35349-8000.0:35350-1000.0:35351-300000.0:35352-100.0,17.51
0-1.0:1-1.0:2-1.0:3-1.0:4-1.0:5-1.0:6-1.0:7-1.0:8-1.0:9-1.0:10-1.0:35347-2:35348-0:35349-8000.0:35350-1000.0:35351-300000.0:35352-150.0,20.72
0-1.0:2-1.0:3-1.0:4-1.0:5-1.0:6-1.0:7-1.0:8-1.0:9-1.0:10-1.0:18612-1.0:35347-2:35348-0:35349-8000.0:35350-1000.0:35351-300000.0:35352-250.0,14.43
0-1.0:2-1.0:3-1.0:4-1.0:5-1.0:6-1.0:7-1.0:8-1.0:9-1.0:10-1.0:18612-1.0:35347-2:35348-0:35349-8000.0:35350-1000.0:35351-300000.0:35352-500.0,14.07
0-1.0:2-1.0:3-1.0:4-1.0:5-1.0:6-1.0:7-1.0:8-1.0:9-1.0:10-1.0:18612-1.0:35347-2:35348-0:35349-8000.0:35350-1000.0:35351-300000.0:35352-750.0,23.31
0-1.0:2-1.0:3-1.0:4-1.0:5-1.0:6-1.0:7-1.0:8-1.0:9-1.0:10-1.0:18612-1.0:35347-2:35348-0:35349-8000.0:35350-1000.0:35351-300000.0:35352-1000.0,22.08
0-1.0:2-1.0:3-1.0:4-1.0:5-1.0:6-1.0:7-1.0:8-1.0:9-1.0:10-1.0:18612-1.0:35347-2:35348-0:35349-8000.0:35350-1000.0:35351-300000.0:35352-1500.0,13.93
0-1.0:2-1.0:3-1.0:4-1.0:5-1.0:6-1.0:7-1.0:8-1.0:9-1.0:10-1.0:18612-1.0:35347-2:35348-0:35349-8000.0:35350-1000.0:35351-300000.0:35352-2500.0,11.13
0-1.0:1-1.0:2-1.0:3-1.0:4-1.0:5-1.0:6-1.0:7-1.0:8-1.0:9-1.0:10-1.0:35347-2:35348-0:35349-8000.0:35350-1000.0:35351-300000.0:35352-5000.0,10.83
0-1.0:2-1.0:3-1.0:4-1.0:5-1.0:6-1.0:7-1.0:8-1.0:9-1.0:10-1.0:18612-1.0:35347-2:35348-0:35349-8000.0:35350-1000.0:35351-500000.0:35352-100.0,21.22
0-1.0:2-1.0:3-1.0:4-1.0:5-1.0:6-1.0:7-1.0:8-1.0:9-1.0:10-1.0:18612-1.0:35347-2:35348-0:35349-8000.0:35350-1000.0:35351-500000.0:35352-150.0,20.2
0-1.0:2-1.0:3-1.0:4-1.0:5-1.0:6-1.0:7-1.0:8-1.0:9-1.0:10-1.0:18612-1.0:35347-2:35348-0:35349-8000.0:35350-1000.0:35351-500000.0:35352-250.0,19.54
0-1.0:2-1.0:3-1.0:4-1.0:5-1.0:6-1.0:7-1.0:8-1.0:9-1.0:10-1.0:18612-1.0:35347-2:35348-0:35349-8000.0:35350-1000.0:35351-500000.0:35352-500.0,15.1
0-1.0:2-1.0:3-1.0:4-1.0:5-1.0:6-1.0:7-1.0:8-1.0:9-1.0:10-1.0:18612-1.0:35347-2:35348-0:35349-8000.0:35350-1000.0:35351-500000.0:35352-750.0,15.77
0-1.0:2-1.0:3-1.0:4-1.0:5-1.0:6-1.0:7-1.0:8-1.0:9-1.0:10-1.0:18612-1.0:35347-2:35348-0:35349-8000.0:35350-1000.0:35351-500000.0:35352-1000.0,13.75
0-1.0:2-1.0:3-1.0:4-1.0:5-1.0:6-1.0:7-1.0:8-1.0:9-1.0:10-1.0:18612-1.0:35347-2:35348-0:35349-8000.0:35350-1000.0:35351-500000.0:35352-2500.0,11.9
0-1.0:2-1.0:3-1.0:4-1.0:5-1.0:6-1.0:7-1.0:8-1.0:9-1.0:10-1.0:18612-1.0:35347-2:35348-0:35349-8000.0:35350-1000.0:35351-500000.0:35352-5000.0,11.29
0-1.0:2-1.0:3-1.0:4-1.0:5-1.0:6-1.0:7-1.0:8-1.0:9-1.0:10-1.0:18612-1.0:35347-2:35348-0:35349-8000.0:35350-2000.0:35351-100000.0:35352-100.0,15.68
0-1.0:2-1.0:3-1.0:4-1.0:5-1.0:6-1.0:7-1.0:8-1.0:9-1.0:10-1.0:18612-1.0:35347-2:35348-0:35349-8000.0:35350-2000.0:35351-100000.0:35352-150.0,16.7
0-1.0:2-1.0:3-1.0:4-1.0:5-1.0:6-1.0:7-1.0:8-1.0:9-1.0:10-1.0:18612-1.0:35347-2:35348-0:35349-8000.0:35350-2000.0:35351-100000.0:35352-1000.0,11.36
0-1.0:2-1.0:3-1.0:4-1.0:5-1.0:6-1.0:7-1.0:8-1.0:9-1.0:10-1.0:18612-1.0:35347-2:35348-0:35349-8000.0:35350-2000.0:35351-100000.0:35352-1500.0,10.83
0-1.0:2-1.0:3-1.0:4-1.0:5-1.0:6-1.0:7-1.0:8-1.0:9-1.0:10-1.0:18612-1.0:35347-2:35348-0:35349-8000.0:35350-2000.0:35351-100000.0:35352-5000.0,10.83
0-1.0:2-1.0:3-1.0:4-1.0:5-1.0:6-1.0:7-1.0:8-1.0:9-1.0:10-1.0:18612-1.0:35347-2:35348-0:35349-8000.0:35350-2000.0:35351-300000.0:35352-100.0,22.07
0-1.0:2-1.0:3-1.0:4-1.0:5-1.0:6-1.0:7-1.0:8-1.0:9-1.0:10-1.0:18612-1.0:35347-2:35348-0:35349-8000.0:35350-2000.0:35351-300000.0:35352-150.0,35.24
0-1.0:2-1.0:3-1.0:4-1.0:5-1.0:6-1.0:7-1.0:8-1.0:9-1.0:10-1.0:18612-1.0:35347-2:35348-0:35349-8000.0:35350-2000.0:35351-300000.0:35352-500.0,13.94
0-1.0:2-1.0:3-1.0:4-1.0:5-1.0:6-1.0:7-1.0:8-1.0:9-1.0:10-1.0:18612-1.0:35347-2:35348-0:35349-8000.0:35350-2000.0:35351-300000.0:35352-1000.0,16.54
0-1.0:2-1.0:3-1.0:4-1.0:5-1.0:6-1.0:7-1.0:8-1.0:9-1.0:10-1.0:18612-1.0:35347-2:35348-0:35349-8000.0:35350-2000.0:35351-300000.0:35352-1500.0,12.62
0-1.0:2-1.0:3-1.0:4-1.0:5-1.0:6-1.0:7-1.0:8-1.0:9-1.0:10-1.0:18612-1.0:35347-2:35348-0:35349-8000.0:35350-2000.0:35351-300000.0:35352-2500.0,10.83
0-1.0:2-1.0:3-1.0:4-1.0:5-1.0:6-1.0:7-1.0:8-1.0:9-1.0:10-1.0:18612-1.0:35347-2:35348-0:35349-8000.0:35350-2000.0:35351-300000.0:35352-5000.0,10.83
0-1.0:2-1.0:3-1.0:4-1.0:5-1.0:6-1.0:7-1.0:8-1.0:9-1.0:10-1.0:18612-1.0:35347-2:35348-0:35349-8000.0:35350-2000.0:35351-500000.0:35352-150.0,18.81
0-1.0:2-1.0:3-1.0:4-1.0:5-1.0:6-1.0:7-1.0:8-1.0:9-1.0:10-1.0:18612-1.0:35347-2:35348-0:35349-8000.0:35350-2000.0:35351-500000.0:35352-250.0,17.71
0-1.0:2-1.0:3-1.0:4-1.0:5-1.0:6-1.0:7-1.0:8-1.0:9-1.0:10-1.0:18612-1.0:35347-2:35348-0:35349-8000.0:35350-2000.0:35351-500000.0:35352-500.0,15.35
0-1.0:2-1.0:3-1.0:4-1.0:5-1.0:6-1.0:7-1.0:8-1.0:9-1.0:10-1.0:18612-1.0:35347-2:35348-0:35349-8000.0:35350-2000.0:35351-500000.0:35352-1000.0,15.11
0-1.0:2-1.0:3-1.0:4-1.0:5-1.0:6-1.0:7-1.0:8-1.0:9-1.0:10-1.0:18612-1.0:35347-2:35348-0:35349-8000.0:35350-2000.0:35351-500000.0:35352-1500.0,15.65
0-1.0:2-1.0:3-1.0:4-1.0:5-1.0:6-1.0:7-1.0:8-1.0:9-1.0:10-1.0:18612-1.0:35347-2:35348-0:35349-8000.0:35350-2000.0:35351-500000.0:35352-2500.0,12.33
0-1.0:2-1.0:3-1.0:4-1.0:5-1.0:6-1.0:7-1.0:8-1.0:9-1.0:10-1.0:18612-1.0:35347-2:35348-0:35349-8000.0:35350-2000.0:35351-500000.0:35352-5000.0,11.16
0-1.0:2-1.0:3-1.0:4-1.0:5-1.0:6-1.0:7-1.0:8-1.0:9-1.0:10-1.0:18612-1.0:35347-2:35348-0:35349-12000.0:35350-1000.0:35351-100000.0:35352-100.0,19.74
0-1.0:2-1.0:3-1.0:4-1.0:5-1.0:6-1.0:7-1.0:8-1.0:9-1.0:10-1.0:18612-1.0:35347-2:35348-0:35349-12000.0:35350-1000.0:35351-100000.0:35352-150.0,15.63
0-1.0:2-1.0:3-1.0:4-1.0:5-1.0:6-1.0:7-1.0:8-1.0:9-1.0:10-1.0:18612-1.0:35347-2:35348-0:35349-12000.0:35350-1000.0:35351-100000.0:35352-250.0,13.03
0-1.0:2-1.0:3-1.0:4-1.0:5-1.0:6-1.0:7-1.0:8-1.0:9-1.0:10-1.0:18612-1.0:35347-2:35348-0:35349-12000.0:35350-1000.0:35351-100000.0:35352-750.0,11.79
0-1.0:2-1.0:3-1.0:4-1.0:5-1.0:6-1.0:7-1.0:8-1.0:9-1.0:10-1.0:18612-1.0:35347-2:35348-0:35349-12000.0:35350-1000.0:35351-100000.0:35352-1500.0,11.06
0-1.0:1-1.0:2-1.0:3-1.0:4-1.0:5-1.0:6-1.0:7-1.0:8-1.0:9-1.0:10-1.0:35347-2:35348-0:35349-12000.0:35350-1000.0:35351-100000.0:35352-2500.0,11.58
0-1.0:2-1.0:3-1.0:4-1.0:5-1.0:6-1.0:7-1.0:8-1.0:9-1.0:10-1.0:18612-1.0:35347-2:35348-0:35349-12000.0:35350-1000.0:35351-100000.0:35352-5000.0,10.83
0-1.0:2-1.0:3-1.0:4-1.0:5-1.0:6-1.0:7-1.0:8-1.0:9-1.0:10-1.0:18612-1.0:35347-2:35348-0:35349-12000.0:35350-1000.0:35351-300000.0:35352-150.0,16.89
0-1.0:2-1.0:3-1.0:4-1.0:5-1.0:6-1.0:7-1.0:8-1.0:9-1.0:10-1.0:18612-1.0:35347-2:35348-0:35349-12000.0:35350-1000.0:35351-300000.0:35352-250.0,15.11
0-1.0:2-1.0:3-1.0:4-1.0:5-1.0:6-1.0:7-1.0:8-1.0:9-1.0:10-1.0:18612-1.0:35347-2:35348-0:35349-12000.0:35350-1000.0:35351-300000.0:35352-500.0,18.22
0-1.0:2-1.0:3-1.0:4-1.0:5-1.0:6-1.0:7-1.0:8-1.0:9-1.0:10-1.0:18612-1.0:35347-2:35348-0:35349-12000.0:35350-1000.0:35351-300000.0:35352-750.0,13.88
0-1.0:1-1.0:2-1.0:3-1.0:4-1.0:5-1.0:6-1.0:7-1.0:8-1.0:9-1.0:10-1.0:35347-2:35348-0:35349-12000.0:35350-1000.0:35351-300000.0:35352-1000.0,14.66
0-1.0:2-1.0:3-1.0:4-1.0:5-1.0:6-1.0:7-1.0:8-1.0:9-1.0:10-1.0:18612-1.0:35347-2:35348-0:35349-12000.0:35350-1000.0:35351-300000.0:35352-2500.0,10.83
0-1.0:2-1.0:3-1.0:4-1.0:5-1.0:6-1.0:7-1.0:8-1.0:9-1.0:10-1.0:18612-1.0:35347-2:35348-0:35349-12000.0:35350-1000.0:35351-300000.0:35352-5000.0,10.83
0-1.0:2-1.0:3-1.0:4-1.0:5-1.0:6-1.0:7-1.0:8-1.0:9-1.0:10-1.0:18612-1.0:35347-2:35348-0:35349-12000.0:35350-1000.0:35351-500000.0:35352-100.0,20.89
0-1.0:2-1.0:3-1.0:4-1.0:5-1.0:6-1.0:7-1.0:8-1.0:9-1.0:10-1.0:18612-1.0:35347-2:35348-0:35349-12000.0:35350-1000.0:35351-500000.0:35352-750.0,17.33
0-1.0:2-1.0:3-1.0:4-1.0:5-1.0:6-1.0:7-1.0:8-1.0:9-1.0:10-1.0:18612-1.0:35347-2:35348-0:35349-12000.0:35350-1000.0:35351-500000.0:35352-1000.0,13.75
0-1.0:2-1.0:3-1.0:4-1.0:5-1.0:6-1.0:7-1.0:8-1.0:9-1.0:10-1.0:18612-1.0:35347-2:35348-0:35349-12000.0:35350-1000.0:35351-500000.0:35352-1500.0,14.03
0-1.0:2-1.0:3-1.0:4-1.0:5-1.0:6-1.0:7-1.0:8-1.0:9-1.0:10-1.0:18612-1.0:35347-2:35348-0:35349-12000.0:35350-1000.0:35351-500000.0:35352-2500.0,20.95
0-1.0:2-1.0:3-1.0:4-1.0:5-1.0:6-1.0:7-1.0:8-1.0:9-1.0:10-1.0:18612-1.0:35347-2:35348-0:35349-12000.0:35350-2000.0:35351-100000.0:35352-100.0,16.53
0-1.0:2-1.0:3-1.0:4-1.0:5-1.0:6-1.0:7-1.0:8-1.0:9-1.0:10-1.0:18612-1.0:35347-2:35348-0:35349-12000.0:35350-2000.0:35351-100000.0:35352-150.0,16.7
0-1.0:2-1.0:3-1.0:4-1.0:5-1.0:6-1.0:7-1.0:8-1.0:9-1.0:10-1.0:18612-1.0:35347-2:35348-0:35349-12000.0:35350-2000.0:35351-100000.0:35352-250.0,17.79
0-1.0:2-1.0:3-1.0:4-1.0:5-1.0:6-1.0:7-1.0:8-1.0:9-1.0:10-1.0:18612-1.0:35347-2:35348-0:35349-12000.0:35350-2000.0:35351-100000.0:35352-500.0,12.24
0-1.0:2-1.0:3-1.0:4-1.0:5-1.0:6-1.0:7-1.0:8-1.0:9-1.0:10-1.0:18612-1.0:35347-2:35348-0:35349-12000.0:35350-2000.0:35351-100000.0:35352-750.0,10.86
0-1.0:2-1.0:3-1.0:4-1.0:5-1.0:6-1.0:7-1.0:8-1.0:9-1.0:10-1.0:18612-1.0:35347-2:35348-0:35349-12000.0:35350-2000.0:35351-100000.0:35352-1000.0,11.36
0-1.0:2-1.0:3-1.0:4-1.0:5-1.0:6-1.0:7-1.0:8-1.0:9-1.0:10-1.0:18612-1.0:35347-2:35348-0:35349-12000.0:35350-2000.0:35351-100000.0:35352-1500.0,10.83
0-1.0:2-1.0:3-1.0:4-1.0:5-1.0:6-1.0:7-1.0:8-1.0:9-1.0:10-1.0:18612-1.0:35347-2:35348-0:35349-12000.0:35350-2000.0:35351-100000.0:35352-5000.0,10.83
0-1.0:2-1.0:3-1.0:4-1.0:5-1.0:6-1.0:7-1.0:8-1.0:9-1.0:10-1.0:18612-1.0:35347-2:35348-0:35349-12000.0:35350-2000.0:35351-300000.0:35352-150.0,18.79
0-1.0:2-1.0:3-1.0:4-1.0:5-1.0:6-1.0:7-1.0:8-1.0:9-1.0:10-1.0:18612-1.0:35347-2:35348-0:35349-12000.0:35350-2000.0:35351-300000.0:35352-250.0,14.68
0-1.0:2-1.0:3-1.0:4-1.0:5-1.0:6-1.0:7-1.0:8-1.0:9-1.0:10-1.0:18612-1.0:35347-2:35348-0:35349-12000.0:35350-2000.0:35351-300000.0:35352-500.0,16.86
0-1.0:2-1.0:3-1.0:4-1.0:5-1.0:6-1.0:7-1.0:8-1.0:9-1.0:10-1.0:18612-1.0:35347-2:35348-0:35349-12000.0:35350-2000.0:35351-300000.0:35352-750.0,14.13
0-1.0:1-1.0:2-1.0:3-1.0:4-1.0:5-1.0:6-1.0:7-1.0:8-1.0:9-1.0:10-1.0:35347-2:35348-0:35349-12000.0:35350-2000.0:35351-300000.0:35352-1000.0,16.54
0-1.0:2-1.0:3-1.0:4-1.0:5-1.0:6-1.0:7-1.0:8-1.0:9-1.0:10-1.0:18612-1.0:35347-2:35348-0:35349-12000.0:35350-2000.0:35351-300000.0:35352-1500.0,12.62
0-1.0:2-1.0:3-1.0:4-1.0:5-1.0:6-1.0:7-1.0:8-1.0:9-1.0:10-1.0:18612-1.0:35347-2:35348-0:35349-12000.0:35350-2000.0:35351-300000.0:35352-2500.0,10.83
0-1.0:2-1.0:3-1.0:4-1.0:5-1.0:6-1.0:7-1.0:8-1.0:9-1.0:10-1.0:18612-1.0:35347-2:35348-0:35349-12000.0:35350-2000.0:35351-500000.0:35352-150.0,20.45
0-1.0:2-1.0:3-1.0:4-1.0:5-1.0:6-1.0:7-1.0:8-1.0:9-1.0:10-1.0:18612-1.0:35347-2:35348-0:35349-12000.0:35350-2000.0:35351-500000.0:35352-250.0,20.67
0-1.0:2-1.0:3-1.0:4-1.0:5-1.0:6-1.0:7-1.0:8-1.0:9-1.0:10-1.0:18612-1.0:35347-2:35348-0:35349-12000.0:35350-2000.0:35351-500000.0:35352-750.0,14.61
0-1.0:2-1.0:3-1.0:4-1.0:5-1.0:6-1.0:7-1.0:8-1.0:9-1.0:10-1.0:18612-1.0:35347-2:35348-0:35349-12000.0:35350-2000.0:35351-500000.0:35352-1000.0,18.21
0-1.0:2-1.0:3-1.0:4-1.0:5-1.0:6-1.0:7-1.0:8-1.0:9-1.0:10-1.0:18612-1.0:35347-2:35348-0:35349-12000.0:35350-2000.0:35351-500000.0:35352-1500.0,15.84
0-1.0:2-1.0:3-1.0:4-1.0:5-1.0:6-1.0:7-1.0:8-1.0:9-1.0:10-1.0:18612-1.0:35347-2:35348-0:35349-12000.0:35350-2000.0:35351-500000.0:35352-5000.0,11.16
0-1.0:2-1.0:3-1.0:4-1.0:5-1.0:6-1.0:7-1.0:8-1.0:9-1.0:10-1.0:18612-1.0:35347-2:35348-0:35349-16000.0:35350-1000.0:35351-100000.0:35352-100.0,17.39
0-1.0:2-1.0:3-1.0:4-1.0:5-1.0:6-1.0:7-1.0:8-1.0:9-1.0:10-1.0:18612-1.0:35347-2:35348-0:35349-16000.0:35350-1000.0:35351-100000.0:35352-150.0,19.24
0-1.0:2-1.0:3-1.0:4-1.0:5-1.0:6-1.0:7-1.0:8-1.0:9-1.0:10-1.0:18612-1.0:35347-2:35348-0:35349-16000.0:35350-1000.0:35351-100000.0:35352-500.0,12.8
0-1.0:2-1.0:3-1.0:4-1.0:5-1.0:6-1.0:7-1.0:8-1.0:9-1.0:10-1.0:18612-1.0:35347-2:35348-0:35349-16000.0:35350-1000.0:35351-100000.0:35352-750.0,11.37
0-1.0:1-1.0:2-1.0:3-1.0:4-1.0:5-1.0:6-1.0:7-1.0:8-1.0:9-1.0:10-1.0:35347-2:35348-0:35349-16000.0:35350-1000.0:35351-100000.0:35352-2500.0,10.83
0-1.0:2-1.0:3-1.0:4-1.0:5-1.0:6-1.0:7-1.0:8-1.0:9-1.0:10-1.0:18612-1.0:35347-2:35348-0:35349-16000.0:35350-1000.0:35351-100000.0:35352-5000.0,10.83
0-1.0:2-1.0:3-1.0:4-1.0:5-1.0:6-1.0:7-1.0:8-1.0:9-1.0:10-1.0:18612-1.0:35347-2:35348-0:35349-16000.0:35350-1000.0:35351-300000.0:35352-100.0,19.78
0-1.0:2-1.0:3-1.0:4-1.0:5-1.0:6-1.0:7-1.0:8-1.0:9-1.0:10-1.0:18612-1.0:35347-2:35348-0:35349-16000.0:35350-1000.0:35351-300000.0:35352-150.0,33.81
0-1.0:2-1.0:3-1.0:4-1.0:5-1.0:6-1.0:7-1.0:8-1.0:9-1.0:10-1.0:18612-1.0:35347-2:35348-0:35349-16000.0:35350-1000.0:35351-300000.0:35352-250.0,16.0
0-1.0:2-1.0:3-1.0:4-1.0:5-1.0:6-1.0:7-1.0:8-1.0:9-1.0:10-1.0:18612-1.0:35347-2:35348-0:35349-16000.0:35350-1000.0:35351-300000.0:35352-500.0,13.6
0-1.0:2-1.0:3-1.0:4-1.0:5-1.0:6-1.0:7-1.0:8-1.0:9-1.0:10-1.0:18612-1.0:35347-2:35348-0:35349-16000.0:35350-1000.0:35351-300000.0:35352-750.0,12.85
0-1.0:2-1.0:3-1.0:4-1.0:5-1.0:6-1.0:7-1.0:8-1.0:9-1.0:10-1.0:18612-1.0:35347-2:35348-0:35349-16000.0:35350-1000.0:35351-300000.0:35352-1000.0,16.51
0-1.0:2-1.0:3-1.0:4-1.0:5-1.0:6-1.0:7-1.0:8-1.0:9-1.0:10-1.0:18612-1.0:35347-2:35348-0:35349-16000.0:35350-1000.0:35351-300000.0:35352-1500.0,12.52
0-1.0:2-1.0:3-1.0:4-1.0:5-1.0:6-1.0:7-1.0:8-1.0:9-1.0:10-1.0:18612-1.0:35347-2:35348-0:35349-16000.0:35350-1000.0:35351-300000.0:35352-2500.0,10.83
0-1.0:2-1.0:3-1.0:4-1.0:5-1.0:6-1.0:7-1.0:8-1.0:9-1.0:10-1.0:18612-1.0:35347-2:35348-0:35349-16000.0:35350-1000.0:35351-300000.0:35352-5000.0,10.83
0-1.0:2-1.0:3-1.0:4-1.0:5-1.0:6-1.0:7-1.0:8-1.0:9-1.0:10-1.0:18612-1.0:35347-2:35348-0:35349-16000.0:35350-1000.0:35351-500000.0:35352-100.0,23.41
0-1.0:2-1.0:3-1.0:4-1.0:5-1.0:6-1.0:7-1.0:8-1.0:9-1.0:10-1.0:18612-1.0:35347-2:35348-0:35349-16000.0:35350-1000.0:35351-500000.0:35352-250.0,16.55
0-1.0:1-1.0:2-1.0:3-1.0:4-1.0:5-1.0:6-1.0:7-1.0:8-1.0:9-1.0:10-1.0:35347-2:35348-0:35349-16000.0:35350-1000.0:35351-500000.0:35352-500.0,20.14
0-1.0:2-1.0:3-1.0:4-1.0:5-1.0:6-1.0:7-1.0:8-1.0:9-1.0:10-1.0:18612-1.0:35347-2:35348-0:35349-16000.0:35350-1000.0:35351-500000.0:35352-750.0,14.52
0-1.0:2-1.0:3-1.0:4-1.0:5-1.0:6-1.0:7-1.0:8-1.0:9-1.0:10-1.0:18612-1.0:35347-2:35348-0:35349-16000.0:35350-1000.0:35351-500000.0:35352-1000.0,15.02
0-1.0:2-1.0:3-1.0:4-1.0:5-1.0:6-1.0:7-1.0:8-1.0:9-1.0:10-1.0:18612-1.0:35347-2:35348-0:35349-16000.0:35350-1000.0:35351-500000.0:35352-1500.0,14.19
0-1.0:2-1.0:3-1.0:4-1.0:5-1.0:6-1.0:7-1.0:8-1.0:9-1.0:10-1.0:18612-1.0:35347-2:35348-0:35349-16000.0:35350-2000.0:35351-100000.0:35352-150.0,30.97
0-1.0:2-1.0:3-1.0:4-1.0:5-1.0:6-1.0:7-1.0:8-1.0:9-1.0:10-1.0:18612-1.0:35347-2:35348-0:35349-16000.0:35350-2000.0:35351-100000.0:35352-250.0,14.16
0-1.0:1-1.0:2-1.0:3-1.0:4-1.0:5-1.0:6-1.0:7-1.0:8-1.0:9-1.0:10-1.0:35347-2:35348-0:35349-16000.0:35350-2000.0:35351-100000.0:35352-500.0,13.05
0-1.0:2-1.0:3-1.0:4-1.0:5-1.0:6-1.0:7-1.0:8-1.0:9-1.0:10-1.0:18612-1.0:35347-2:35348-0:35349-16000.0:35350-2000.0:35351-100000.0:35352-1500.0,12.27
0-1.0:2-1.0:3-1.0:4-1.0:5-1.0:6-1.0:7-1.0:8-1.0:9-1.0:10-1.0:18612-1.0:35347-2:35348-0:35349-16000.0:35350-2000.0:35351-100000.0:35352-2500.0,10.83
0-1.0:2-1.0:3-1.0:4-1.0:5-1.0:6-1.0:7-1.0:8-1.0:9-1.0:10-1.0:18612-1.0:35347-2:35348-0:35349-16000.0:35350-2000.0:35351-100000.0:35352-5000.0,10.83
0-1.0:2-1.0:3-1.0:4-1.0:5-1.0:6-1.0:7-1.0:8-1.0:9-1.0:10-1.0:18612-1.0:35347-2:35348-0:35349-16000.0:35350-2000.0:35351-300000.0:35352-100.0,22.82
0-1.0:2-1.0:3-1.0:4-1.0:5-1.0:6-1.0:7-1.0:8-1.0:9-1.0:10-1.0:18612-1.0:35347-2:35348-0:35349-16000.0:35350-2000.0:35351-300000.0:35352-150.0,17.36
0-1.0:2-1.0:3-1.0:4-1.0:5-1.0:6-1.0:7-1.0:8-1.0:9-1.0:10-1.0:18612-1.0:35347-2:35348-0:35349-16000.0:35350-2000.0:35351-300000.0:35352-250.0,20.15
0-1.0:2-1.0:3-1.0:4-1.0:5-1.0:6-1.0:7-1.0:8-1.0:9-1.0:10-1.0:18612-1.0:35347-2:35348-0:35349-16000.0:35350-2000.0:35351-300000.0:35352-750.0,13.34
0-1.0:2-1.0:3-1.0:4-1.0:5-1.0:6-1.0:7-1.0:8-1.0:9-1.0:10-1.0:18612-1.0:35347-2:35348-0:35349-16000.0:35350-2000.0:35351-300000.0:35352-1500.0,12.77
0-1.0:2-1.0:3-1.0:4-1.0:5-1.0:6-1.0:7-1.0:8-1.0:9-1.0:10-1.0:18612-1.0:35347-2:35348-0:35349-16000.0:35350-2000.0:35351-300000.0:35352-2500.0,11.06
0-1.0:2-1.0:3-1.0:4-1.0:5-1.0:6-1.0:7-1.0:8-1.0:9-1.0:10-1.0:18612-1.0:35347-2:35348-0:35349-16000.0:35350-2000.0:35351-300000.0:35352-5000.0,11.15
0-1.0:2-1.0:3-1.0:4-1.0:5-1.0:6-1.0:7-1.0:8-1.0:9-1.0:10-1.0:18612-1.0:35347-2:35348-0:35349-16000.0:35350-2000.0:35351-500000.0:35352-150.0,19.86
0-1.0:2-1.0:3-1.0:4-1.0:5-1.0:6-1.0:7-1.0:8-1.0:9-1.0:10-1.0:18612-1.0:35347-2:35348-0:35349-16000.0:35350-2000.0:35351-500000.0:35352-250.0,20.03
0-1.0:2-1.0:3-1.0:4-1.0:5-1.0:6-1.0:7-1.0:8-1.0:9-1.0:10-1.0:18612-1.0:35347-2:35348-0:35349-16000.0:35350-2000.0:35351-500000.0:35352-500.0,16.16
0-1.0:2-1.0:3-1.0:4-1.0:5-1.0:6-1.0:7-1.0:8-1.0:9-1.0:10-1.0:18612-1.0:35347-2:35348-0:35349-16000.0:35350-2000.0:35351-500000.0:35352-750.0,15.97
0-1.0:2-1.0:3-1.0:4-1.0:5-1.0:6-1.0:7-1.0:8-1.0:9-1.0:10-1.0:18612-1.0:35347-2:35348-0:35349-16000.0:35350-2000.0:35351-500000.0:35352-1000.0,15.47
0-1.0:2-1.0:3-1.0:4-1.0:5-1.0:6-1.0:7-1.0:8-1.0:9-1.0:10-1.0:18612-1.0:35347-2:35348-0:35349-16000.0:35350-2000.0:35351-500000.0:35352-5000.0,10.89
0-1.0:2-1.0:3-1.0:4-1.0:5-1.0:6-1.0:7-1.0:8-1.0:9-1.0:10-1.0:18612-1.0:35347-2:35348-0:35349-20000.0:35350-1000.0:35351-100000.0:35352-100.0,16.64
0-1.0:2-1.0:3-1.0:4-1.0:5-1.0:6-1.0:7-1.0:8-1.0:9-1.0:10-1.0:18612-1.0:35347-2:35348-0:35349-20000.0:35350-1000.0:35351-100000.0:35352-150.0,17.75
0-1.0:2-1.0:3-1.0:4-1.0:5-1.0:6-1.0:7-1.0:8-1.0:9-1.0:10-1.0:18612-1.0:35347-2:35348-0:35349-20000.0:35350-1000.0:35351-100000.0:35352-250.0,14.05
0-1.0:1-1.0:2-1.0:3-1.0:4-1.0:5-1.0:6-1.0:7-1.0:8-1.0:9-1.0:10-1.0:35347-2:35348-0:35349-20000.0:35350-1000.0:35351-100000.0:35352-750.0,12.72
0-1.0:2-1.0:3-1.0:4-1.0:5-1.0:6-1.0:7-1.0:8-1.0:9-1.0:10-1.0:18612-1.0:35347-2:35348-0:35349-20000.0:35350-1000.0:35351-100000.0:35352-1500.0,14.17
0-1.0:1-1.0:2-1.0:3-1.0:4-1.0:5-1.0:6-1.0:7-1.0:8-1.0:9-1.0:10-1.0:35347-2:35348-0:35349-20000.0:35350-1000.0:35351-100000.0:35352-2500.0,10.83
0-1.0:2-1.0:3-1.0:4-1.0:5-1.0:6-1.0:7-1.0:8-1.0:9-1.0:10-1.0:18612-1.0:35347-2:35348-0:35349-20000.0:35350-1000.0:35351-300000.0:35352-100.0,20.57
0-1.0:2-1.0:3-1.0:4-1.0:5-1.0:6-1.0:7-1.0:8-1.0:9-1.0:10-1.0:18612-1.0:35347-2:35348-0:35349-20000.0:35350-1000.0:35351-300000.0:35352-150.0,24.75
0-1.0:2-1.0:3-1.0:4-1.0:5-1.0:6-1.0:7-1.0:8-1.0:9-1.0:10-1.0:18612-1.0:35347-2:35348-0:35349-20000.0:35350-1000.0:35351-300000.0:35352-750.0,13.53
0-1.0:2-1.0:3-1.0:4-1.0:5-1.0:6-1.0:7-1.0:8-1.0:9-1.0:10-1.0:18612-1.0:35347-2:35348-0:35349-20000.0:35350-1000.0:35351-300000.0:35352-1500.0,24.32
0-1.0:2-1.0:3-1.0:4-1.0:5-1.0:6-1.0:7-1.0:8-1.0:9-1.0:10-1.0:18612-1.0:35347-2:35348-0:35349-20000.0:35350-1000.0:35351-300000.0:35352-2500.0,11.36
0-1.0:2-1.0:3-1.0:4-1.0:5-1.0:6-1.0:7-1.0:8-1.0:9-1.0:10-1.0:18612-1.0:35347-2:35348-0:35349-20000.0:35350-1000.0:35351-300000.0:35352-5000.0,10.83
0-1.0:2-1.0:3-1.0:4-1.0:5-1.0:6-1.0:7-1.0:8-1.0:9-1.0:10-1.0:18612-1.0:35347-2:35348-0:35349-20000.0:35350-1000.0:35351-500000.0:35352-150.0,26.42
0-1.0:2-1.0:3-1.0:4-1.0:5-1.0:6-1.0:7-1.0:8-1.0:9-1.0:10-1.0:18612-1.0:35347-2:35348-0:35349-20000.0:35350-1000.0:35351-500000.0:35352-500.0,16.0
0-1.0:2-1.0:3-1.0:4-1.0:5-1.0:6-1.0:7-1.0:8-1.0:9-1.0:10-1.0:18612-1.0:35347-2:35348-0:35349-20000.0:35350-1000.0:35351-500000.0:35352-750.0,15.83
0-1.0:2-1.0:3-1.0:4-1.0:5-1.0:6-1.0:7-1.0:8-1.0:9-1.0:10-1.0:18612-1.0:35347-2:35348-0:35349-20000.0:35350-1000.0:35351-500000.0:35352-1000.0,14.53
0-1.0:2-1.0:3-1.0:4-1.0:5-1.0:6-1.0:7-1.0:8-1.0:9-1.0:10-1.0:18612-1.0:35347-2:35348-0:35349-20000.0:35350-1000.0:35351-500000.0:35352-1500.0,13.73
0-1.0:2-1.0:3-1.0:4-1.0:5-1.0:6-1.0:7-1.0:8-1.0:9-1.0:10-1.0:18612-1.0:35347-2:35348-0:35349-20000.0:35350-1000.0:35351-500000.0:35352-2500.0,15.22
0-1.0:2-1.0:3-1.0:4-1.0:5-1.0:6-1.0:7-1.0:8-1.0:9-1.0:10-1.0:18612-1.0:35347-2:35348-0:35349-20000.0:35350-2000.0:35351-100000.0:35352-150.0,18.0
0-1.0:2-1.0:3-1.0:4-1.0:5-1.0:6-1.0:7-1.0:8-1.0:9-1.0:10-1.0:18612-1.0:35347-2:35348-0:35349-20000.0:35350-2000.0:35351-100000.0:35352-250.0,13.56
0-1.0:2-1.0:3-1.0:4-1.0:5-1.0:6-1.0:7-1.0:8-1.0:9-1.0:10-1.0:18612-1.0:35347-2:35348-0:35349-20000.0:35350-2000.0:35351-100000.0:35352-750.0,25.74
0-1.0:2-1.0:3-1.0:4-1.0:5-1.0:6-1.0:7-1.0:8-1.0:9-1.0:10-1.0:18612-1.0:35347-2:35348-0:35349-20000.0:35350-2000.0:35351-100000.0:35352-1000.0,14.78
0-1.0:2-1.0:3-1.0:4-1.0:5-1.0:6-1.0:7-1.0:8-1.0:9-1.0:10-1.0:18612-1.0:35347-2:35348-0:35349-20000.0:35350-2000.0:35351-100000.0:35352-1500.0,10.83
0-1.0:2-1.0:3-1.0:4-1.0:5-1.0:6-1.0:7-1.0:8-1.0:9-1.0:10-1.0:18612-1.0:35347-2:35348-0:35349-20000.0:35350-2000.0:35351-100000.0:35352-2500.0,11.47
0-1.0:2-1.0:3-1.0:4-1.0:5-1.0:6-1.0:7-1.0:8-1.0:9-1.0:10-1.0:18612-1.0:35347-2:35348-0:35349-20000.0:35350-2000.0:35351-100000.0:35352-5000.0,10.83
0-1.0:2-1.0:3-1.0:4-1.0:5-1.0:6-1.0:7-1.0:8-1.0:9-1.0:10-1.0:18612-1.0:35347-2:35348-0:35349-20000.0:35350-2000.0:35351-300000.0:35352-150.0,37.91
0-1.0:2-1.0:3-1.0:4-1.0:5-1.0:6-1.0:7-1.0:8-1.0:9-1.0:10-1.0:18612-1.0:35347-2:35348-0:35349-20000.0:35350-2000.0:35351-300000.0:35352-500.0,26.88
0-1.0:2-1.0:3-1.0:4-1.0:5-1.0:6-1.0:7-1.0:8-1.0:9-1.0:10-1.0:18612-1.0:35347-2:35348-0:35349-20000.0:35350-2000.0:35351-300000.0:35352-750.0,15.34
0-1.0:2-1.0:3-1.0:4-1.0:5-1.0:6-1.0:7-1.0:8-1.0:9-1.0:10-1.0:18612-1.0:35347-2:35348-0:35349-20000.0:35350-2000.0:35351-300000.0:35352-1000.0,13.11
0-1.0:1-1.0:2-1.0:3-1.0:4-1.0:5-1.0:6-1.0:7-1.0:8-1.0:9-1.0:10-1.0:35347-2:35348-0:35349-20000.0:35350-2000.0:35351-300000.0:35352-1500.0,13.43
0-1.0:2-1.0:3-1.0:4-1.0:5-1.0:6-1.0:7-1.0:8-1.0:9-1.0:10-1.0:18612-1.0:35347-2:35348-0:35349-20000.0:35350-2000.0:35351-300000.0:35352-2500.0,11.12
0-1.0:1-1.0:2-1.0:3-1.0:4-1.0:5-1.0:6-1.0:7-1.0:8-1.0:9-1.0:10-1.0:35347-2:35348-0:35349-20000.0:35350-2000.0:35351-300000.0:35352-5000.0,12.72
0-1.0:2-1.0:3-1.0:4-1.0:5-1.0:6-1.0:7-1.0:8-1.0:9-1.0:10-1.0:18612-1.0:35347-2:35348-0:35349-20000.0:35350-2000.0:35351-500000.0:35352-100.0,22.49
0-1.0:2-1.0:3-1.0:4-1.0:5-1.0:6-1.0:7-1.0:8-1.0:9-1.0:10-1.0:18612-1.0:35347-2:35348-0:35349-20000.0:35350-2000.0:35351-500000.0:35352-150.0,20.33
0-1.0:2-1.0:3-1.0:4-1.0:5-1.0:6-1.0:7-1.0:8-1.0:9-1.0:10-1.0:18612-1.0:35347-2:35348-0:35349-20000.0:35350-2000.0:35351-500000.0:35352-250.0,18.79
0-1.0:2-1.0:3-1.0:4-1.0:5-1.0:6-1.0:7-1.0:8-1.0:9-1.0:10-1.0:18612-1.0:35347-2:35348-0:35349-20000.0:35350-2000.0:35351-500000.0:35352-500.0,17.6
0-1.0:2-1.0:3-1.0:4-1.0:5-1.0:6-1.0:7-1.0:8-1.0:9-1.0:10-1.0:18612-1.0:35347-2:35348-0:35349-20000.0:35350-2000.0:35351-500000.0:35352-2500.0,13.27
0-1.0:2-1.0:3-1.0:4-1.0:5-1.0:6-1.0:7-1.0:8-1.0:9-1.0:10-1.0:18612-1.0:35347-2:35348-0:35349-20000.0:35350-2000.0:35351-500000.0:35352-5000.0,13.35
0-1.0:2-1.0:3-1.0:4-1.0:5-1.0:6-1.0:7-1.0:8-1.0:9-1.0:10-1.0:18612-1.0:35347-2:35348-0:35349-24000.0:35350-1000.0:35351-100000.0:35352-100.0,18.6
0-1.0:1-1.0:2-1.0:3-1.0:4-1.0:5-1.0:6-1.0:7-1.0:8-1.0:9-1.0:10-1.0:35347-2:35348-0:35349-24000.0:35350-1000.0:35351-100000.0:35352-150.0,18.79
0-1.0:2-1.0:3-1.0:4-1.0:5-1.0:6-1.0:7-1.0:8-1.0:9-1.0:10-1.0:18612-1.0:35347-2:35348-0:35349-24000.0:35350-1000.0:35351-100000.0:35352-250.0,15.66
0-1.0:2-1.0:3-1.0:4-1.0:5-1.0:6-1.0:7-1.0:8-1.0:9-1.0:10-1.0:18612-1.0:35347-2:35348-0:35349-24000.0:35350-1000.0:35351-100000.0:35352-2500.0,13.18
0-1.0:2-1.0:3-1.0:4-1.0:5-1.0:6-1.0:7-1.0:8-1.0:9-1.0:10-1.0:18612-1.0:35347-2:35348-0:35349-24000.0:35350-1000.0:35351-300000.0:35352-100.0,19.7
0-1.0:2-1.0:3-1.0:4-1.0:5-1.0:6-1.0:7-1.0:8-1.0:9-1.0:10-1.0:18612-1.0:35347-2:35348-0:35349-24000.0:35350-2000.0:35351-100000.0:35352-250.0,14.35
0-1.0:2-1.0:3-1.0:4-1.0:5-1.0:6-1.0:7-1.0:8-1.0:9-1.0:10-1.0:18612-1.0:35347-2:35348-0:35349-24000.0:35350-2000.0:35351-100000.0:35352-500.0,14.66
0-1.0:2-1.0:3-1.0:4-1.0:5-1.0:6-1.0:7-1.0:8-1.0:9-1.0:10-1.0:18612-1.0:35347-2:35348-0:35349-24000.0:35350-2000.0:35351-100000.0:35352-1000.0,13.19
0-1.0:2-1.0:3-1.0:4-1.0:5-1.0:6-1.0:7-1.0:8-1.0:9-1.0:10-1.0:18612-1.0:35347-2:35348-0:35349-24000.0:35350-2000.0:35351-100000.0:35352-2500.0,10.83
0-1.0:2-1.0:3-1.0:4-1.0:5-1.0:6-1.0:7-1.0:8-1.0:9-1.0:10-1.0:18612-1.0:35347-2:35348-0:35349-24000.0:35350-2000.0:35351-100000.0:35352-5000.0,10.83
0-1.0:2-1.0:3-1.0:4-1.0:5-1.0:6-1.0:7-1.0:8-1.0:9-1.0:10-1.0:18612-1.0:35347-2:35348-0:35349-24000.0:35350-2000.0:35351-300000.0:35352-100.0,22.3
0-1.0:2-1.0:3-1.0:4-1.0:5-1.0:6-1.0:7-1.0:8-1.0:9-1.0:10-1.0:18612-1.0:35347-2:35348-0:35349-24000.0:35350-2000.0:35351-300000.0:35352-150.0,21.13
0-1.0:1-1.0:2-1.0:3-1.0:4-1.0:5-1.0:6-1.0:7-1.0:8-1.0:9-1.0:10-1.0:35347-2:35348-0:35349-24000.0:35350-2000.0:35351-300000.0:35352-500.0,16.74
0-1.0:2-1.0:3-1.0:4-1.0:5-1.0:6-1.0:7-1.0:8-1.0:9-1.0:10-1.0:18612-1.0:35347-2:35348-0:35349-24000.0:35350-2000.0:35351-300000.0:35352-750.0,15.8
0-1.0:2-1.0:3-1.0:4-1.0:5-1.0:6-1.0:7-1.0:8-1.0:9-1.0:10-1.0:18612-1.0:35347-2:35348-0:35349-24000.0:35350-2000.0:35351-300000.0:35352-1000.0,13.75
0-1.0:1-1.0:2-1.0:3-1.0:4-1.0:5-1.0:6-1.0:7-1.0:8-1.0:9-1.0:10-1.0:35347-2:35348-0:35349-24000.0:35350-2000.0:35351-300000.0:35352-1500.0,14.08
0-1.0:2-1.0:3-1.0:4-1.0:5-1.0:6-1.0:7-1.0:8-1.0:9-1.0:10-1.0:18612-1.0:35347-2:35348-0:35349-24000.0:35350-2000.0:35351-300000.0:35352-2500.0,12.67
0-1.0:2-1.0:3-1.0:4-1.0:5-1.0:6-1.0:7-1.0:8-1.0:9-1.0:10-1.0:18612-1.0:35347-2:35348-0:35349-24000.0:35350-2000.0:35351-300000.0:35352-5000.0,10.95
0-1.0:2-1.0:3-1.0:4-1.0:5-1.0:6-1.0:7-1.0:8-1.0:9-1.0:10-1.0:18612-1.0:35347-2:35348-0:35349-24000.0:35350-2000.0:35351-500000.0:35352-100.0,26.18
0-1.0:2-1.0:3-1.0:4-1.0:5-1.0:6-1.0:7-1.0:8-1.0:9-1.0:10-1.0:18612-1.0:35347-2:35348-0:35349-24000.0:35350-2000.0:35351-500000.0:35352-150.0,22.79
0-1.0:2-1.0:3-1.0:4-1.0:5-1.0:6-1.0:7-1.0:8-1.0:9-1.0:10-1.0:18612-1.0:35347-2:35348-0:35349-24000.0:35350-2000.0:35351-500000.0:35352-250.0,19.66
0-1.0:2-1.0:3-1.0:4-1.0:5-1.0:6-1.0:7-1.0:8-1.0:9-1.0:10-1.0:18612-1.0:35347-2:35348-0:35349-24000.0:35350-2000.0:35351-500000.0:35352-500.0,16.97
0-1.0:1-1.0:2-1.0:3-1.0:4-1.0:5-1.0:6-1.0:7-1.0:8-1.0:9-1.0:10-1.0:35347-2:35348-0:35349-24000.0:35350-2000.0:35351-500000.0:35352-750.0,21.17
0-1.0:2-1.0:3-1.0:4-1.0:5-1.0:6-1.0:7-1.0:8-1.0:9-1.0:10-1.0:18612-1.0:35347-2:35348-0:35349-24000.0:35350-2000.0:35351-500000.0:35352-1500.0,17.48
0-1.0:2-1.0:3-1.0:4-1.0:5-1.0:6-1.0:7-1.0:8-1.0:9-1.0:10-1.0:18612-1.0:35347-2:35348-0:35349-24000.0:35350-2000.0:35351-500000.0:35352-2500.0,13.3
0-1.0:2-1.0:3-1.0:4-1.0:5-1.0:6-1.0:7-1.0:8-1.0:9-1.0:10-1.0:18612-1.0:35347-2:35348-0:35349-24000.0:35350-2000.0:35351-500000.0:35352-5000.0,11.75
0-1.0:2-1.0:3-1.0:4-1.0:5-1.0:6-1.0:7-1.0:8-1.0:9-1.0:10-1.0:18612-1.0:35347-2:35348-0:35349-28000.0:35350-1000.0:35351-100000.0:35352-100.0,21.02
0-1.0:2-1.0:3-1.0:4-1.0:5-1.0:6-1.0:7-1.0:8-1.0:9-1.0:10-1.0:18612-1.0:35347-2:35348-0:35349-28000.0:35350-1000.0:35351-100000.0:35352-150.0,18.85
0-1.0:2-1.0:3-1.0:4-1.0:5-1.0:6-1.0:7-1.0:8-1.0:9-1.0:10-1.0:18612-1.0:35347-2:35348-0:35349-28000.0:35350-1000.0:35351-100000.0:35352-250.0,14.88
0-1.0:2-1.0:3-1.0:4-1.0:5-1.0:6-1.0:7-1.0:8-1.0:9-1.0:10-1.0:18612-1.0:35347-2:35348-0:35349-28000.0:35350-1000.0:35351-100000.0:35352-500.0,13.69
0-1.0:2-1.0:3-1.0:4-1.0:5-1.0:6-1.0:7-1.0:8-1.0:9-1.0:10-1.0:18612-1.0:35347-2:35348-0:35349-28000.0:35350-1000.0:35351-100000.0:35352-750.0,12.8
0-1.0:2-1.0:3-1.0:4-1.0:5-1.0:6-1.0:7-1.0:8-1.0:9-1.0:10-1.0:18612-1.0:35347-2:35348-0:35349-28000.0:35350-1000.0:35351-100000.0:35352-1500.0,15.83
0-1.0:2-1.0:3-1.0:4-1.0:5-1.0:6-1.0:7-1.0:8-1.0:9-1.0:10-1.0:18612-1.0:35347-2:35348-0:35349-28000.0:35350-1000.0:35351-100000.0:35352-2500.0,10.91
0-1.0:2-1.0:3-1.0:4-1.0:5-1.0:6-1.0:7-1.0:8-1.0:9-1.0:10-1.0:18612-1.0:35347-2:35348-0:35349-28000.0:35350-1000.0:35351-100000.0:35352-5000.0,10.83
0-1.0:1-1.0:2-1.0:3-1.0:4-1.0:5-1.0:6-1.0:7-1.0:8-1.0:9-1.0:10-1.0:35347-2:35348-0:35349-28000.0:35350-1000.0:35351-300000.0:35352-150.0,21.93
0-1.0:2-1.0:3-1.0:4-1.0:5-1.0:6-1.0:7-1.0:8-1.0:9-1.0:10-1.0:18612-1.0:35347-2:35348-0:35349-28000.0:35350-1000.0:35351-300000.0:35352-250.0,35.02
0-1.0:1-1.0:2-1.0:3-1.0:4-1.0:5-1.0:6-1.0:7-1.0:8-1.0:9-1.0:10-1.0:35347-2:35348-0:35349-28000.0:35350-1000.0:35351-300000.0:35352-500.0,21.5
0-1.0:1-1.0:2-1.0:3-1.0:4-1.0:5-1.0:6-1.0:7-1.0:8-1.0:9-1.0:10-1.0:35347-2:35348-0:35349-28000.0:35350-1000.0:35351-300000.0:35352-750.0,20.24
0-1.0:2-1.0:3-1.0:4-1.0:5-1.0:6-1.0:7-1.0:8-1.0:9-1.0:10-1.0:18612-1.0:35347-2:35348-0:35349-28000.0:35350-1000.0:35351-300000.0:35352-1000.0,15.71
0-1.0:2-1.0:3-1.0:4-1.0:5-1.0:6-1.0:7-1.0:8-1.0:9-1.0:10-1.0:18612-1.0:35347-2:35348-0:35349-28000.0:35350-1000.0:35351-300000.0:35352-1500.0,14.48
0-1.0:2-1.0:3-1.0:4-1.0:5-1.0:6-1.0:7-1.0:8-1.0:9-1.0:10-1.0:18612-1.0:35347-2:35348-0:35349-28000.0:35350-1000.0:35351-300000.0:35352-2500.0,14.62
0-1.0:2-1.0:3-1.0:4-1.0:5-1.0:6-1.0:7-1.0:8-1.0:9-1.0:10-1.0:18612-1.0:35347-2:35348-0:35349-28000.0:35350-1000.0:35351-300000.0:35352-5000.0,10.83
0-1.0:2-1.0:3-1.0:4-1.0:5-1.0:6-1.0:7-1.0:8-1.0:9-1.0:10-1.0:18612-1.0:35347-2:35348-0:35349-28000.0:35350-1000.0:35351-500000.0:35352-150.0,23.59
0-1.0:1-1.0:2-1.0:3-1.0:4-1.0:5-1.0:6-1.0:7-1.0:8-1.0:9-1.0:10-1.0:35347-2:35348-0:35349-28000.0:35350-1000.0:35351-500000.0:35352-250.0,20.28
0-1.0:2-1.0:3-1.0:4-1.0:5-1.0:6-1.0:7-1.0:8-1.0:9-1.0:10-1.0:18612-1.0:35347-2:35348-0:35349-28000.0:35350-1000.0:35351-500000.0:35352-500.0,18.96
0-1.0:1-1.0:2-1.0:3-1.0:4-1.0:5-1.0:6-1.0:7-1.0:8-1.0:9-1.0:10-1.0:35347-2:35348-0:35349-28000.0:35350-1000.0:35351-500000.0:35352-1000.0,17.14
0-1.0:2-1.0:3-1.0:4-1.0:5-1.0:6-1.0:7-1.0:8-1.0:9-1.0:10-1.0:18612-1.0:35347-2:35348-0:35349-28000.0:35350-1000.0:35351-500000.0:35352-1500.0,25.98
0-1.0:2-1.0:3-1.0:4-1.0:5-1.0:6-1.0:7-1.0:8-1.0:9-1.0:10-1.0:18612-1.0:35347-2:35348-0:35349-28000.0:35350-1000.0:35351-500000.0:35352-2500.0,14.66
0-1.0:2-1.0:3-1.0:4-1.0:5-1.0:6-1.0:7-1.0:8-1.0:9-1.0:10-1.0:18612-1.0:35347-2:35348-0:35349-28000.0:35350-1000.0:35351-500000.0:35352-5000.0,11.93
0-1.0:2-1.0:3-1.0:4-1.0:5-1.0:6-1.0:7-1.0:8-1.0:9-1.0:10-1.0:18612-1.0:35347-2:35348-0:35349-28000.0:35350-2000.0:35351-100000.0:35352-150.0,22.68
0-1.0:2-1.0:3-1.0:4-1.0:5-1.0:6-1.0:7-1.0:8-1.0:9-1.0:10-1.0:18612-1.0:35347-2:35348-0:35349-28000.0:35350-2000.0:35351-100000.0:35352-500.0,15.46
0-1.0:2-1.0:3-1.0:4-1.0:5-1.0:6-1.0:7-1.0:8-1.0:9-1.0:10-1.0:18612-1.0:35347-2:35348-0:35349-28000.0:35350-2000.0:35351-100000.0:35352-1000.0,15.39
0-1.0:2-1.0:3-1.0:4-1.0:5-1.0:6-1.0:7-1.0:8-1.0:9-1.0:10-1.0:18612-1.0:35347-2:35348-0:35349-28000.0:35350-2000.0:35351-100000.0:35352-1500.0,16.08
0-1.0:2-1.0:3-1.0:4-1.0:5-1.0:6-1.0:7-1.0:8-1.0:9-1.0:10-1.0:18612-1.0:35347-2:35348-0:35349-28000.0:35350-2000.0:35351-100000.0:35352-2500.0,11.35
0-1.0:2-1.0:3-1.0:4-1.0:5-1.0:6-1.0:7-1.0:8-1.0:9-1.0:10-1.0:18612-1.0:35347-2:35348-0:35349-28000.0:35350-2000.0:35351-300000.0:35352-500.0,16.02
0-1.0:2-1.0:3-1.0:4-1.0:5-1.0:6-1.0:7-1.0:8-1.0:9-1.0:10-1.0:18612-1.0:35347-2:35348-0:35349-28000.0:35350-2000.0:35351-300000.0:35352-750.0,19.03
0-1.0:2-1.0:3-1.0:4-1.0:5-1.0:6-1.0:7-1.0:8-1.0:9-1.0:10-1.0:18612-1.0:35347-2:35348-0:35349-28000.0:35350-2000.0:35351-300000.0:35352-1000.0,14.39
0-1.0:1-1.0:2-1.0:3-1.0:4-1.0:5-1.0:6-1.0:7-1.0:8-1.0:9-1.0:10-1.0:35347-2:35348-0:35349-28000.0:35350-2000.0:35351-300000.0:35352-5000.0,13.94
0-1.0:2-1.0:3-1.0:4-1.0:5-1.0:6-1.0:7-1.0:8-1.0:9-1.0:10-1.0:18612-1.0:35347-2:35348-0:35349-28000.0:35350-2000.0:35351-500000.0:35352-100.0,22.6
0-1.0:2-1.0:3-1.0:4-1.0:5-1.0:6-1.0:7-1.0:8-1.0:9-1.0:10-1.0:18612-1.0:35347-2:35348-0:35349-28000.0:35350-2000.0:35351-500000.0:35352-250.0,20.82
0-1.0:2-1.0:3-1.0:4-1.0:5-1.0:6-1.0:7-1.0:8-1.0:9-1.0:10-1.0:18612-1.0:35347-2:35348-0:35349-28000.0:35350-2000.0:35351-500000.0:35352-500.0,18.0
0-1.0:2-1.0:3-1.0:4-1.0:5-1.0:6-1.0:7-1.0:8-1.0:9-1.0:10-1.0:18612-1.0:35347-2:35348-0:35349-28000.0:35350-2000.0:35351-500000.0:35352-750.0,18.22
0-1.0:2-1.0:3-1.0:4-1.0:5-1.0:6-1.0:7-1.0:8-1.0:9-1.0:10-1.0:18612-1.0:35347-2:35348-0:35349-28000.0:35350-2000.0:35351-500000.0:35352-1000.0,17.39
0-1.0:2-1.0:3-1.0:4-1.0:5-1.0:6-1.0:7-1.0:8-1.0:9-1.0:10-1.0:18612-1.0:35347-2:35348-0:35349-28000.0:35350-2000.0:35351-500000.0:35352-1500.0,18.25
0-1.0:2-1.0:3-1.0:4-1.0:5-1.0:6-1.0:7-1.0:8-1.0:9-1.0:10-1.0:18612-1.0:35347-2:35348-0:35349-28000.0:35350-2000.0:35351-500000.0:35352-5000.0,13.09
0-1.0:2-1.0:3-1.0:4-1.0:5-1.0:6-1.0:7-1.0:8-1.0:9-1.0:10-1.0:18612-1.0:35347-2:35348-0:35349-32000.0:35350-1000.0:35351-100000.0:35352-150.0,20.81
0-1.0:2-1.0:3-1.0:4-1.0:5-1.0:6-1.0:7-1.0:8-1.0:9-1.0:10-1.0:18612-1.0:35347-2:35348-0:35349-32000.0:35350-1000.0:35351-100000.0:35352-250.0,15.61
0-1.0:2-1.0:3-1.0:4-1.0:5-1.0:6-1.0:7-1.0:8-1.0:9-1.0:10-1.0:18612-1.0:35347-2:35348-0:35349-32000.0:35350-1000.0:35351-100000.0:35352-500.0,15.96
0-1.0:2-1.0:3-1.0:4-1.0:5-1.0:6-1.0:7-1.0:8-1.0:9-1.0:10-1.0:18612-1.0:35347-2:35348-0:35349-32000.0:35350-1000.0:35351-100000.0:35352-750.0,14.91
0-1.0:2-1.0:3-1.0:4-1.0:5-1.0:6-1.0:7-1.0:8-1.0:9-1.0:10-1.0:18612-1.0:35347-2:35348-0:35349-32000.0:35350-1000.0:35351-100000.0:35352-1500.0,11.71
0-1.0:2-1.0:3-1.0:4-1.0:5-1.0:6-1.0:7-1.0:8-1.0:9-1.0:10-1.0:18612-1.0:35347-2:35348-0:35349-32000.0:35350-1000.0:35351-100000.0:35352-2500.0,10.83
0-1.0:2-1.0:3-1.0:4-1.0:5-1.0:6-1.0:7-1.0:8-1.0:9-1.0:10-1.0:18612-1.0:35347-2:35348-0:35349-32000.0:35350-1000.0:35351-300000.0:35352-100.0,21.59
0-1.0:2-1.0:3-1.0:4-1.0:5-1.0:6-1.0:7-1.0:8-1.0:9-1.0:10-1.0:18612-1.0:35347-2:35348-0:35349-32000.0:35350-1000.0:35351-300000.0:35352-150.0,20.81
0-1.0:2-1.0:3-1.0:4-1.0:5-1.0:6-1.0:7-1.0:8-1.0:9-1.0:10-1.0:18612-1.0:35347-2:35348-0:35349-32000.0:35350-1000.0:35351-300000.0:35352-750.0,17.0
0-1.0:2-1.0:3-1.0:4-1.0:5-1.0:6-1.0:7-1.0:8-1.0:9-1.0:10-1.0:18612-1.0:35347-2:35348-0:35349-32000.0:35350-1000.0:35351-300000.0:35352-1500.0,13.79
0-1.0:2-1.0:3-1.0:4-1.0:5-1.0:6-1.0:7-1.0:8-1.0:9-1.0:10-1.0:18612-1.0:35347-2:35348-0:35349-32000.0:35350-1000.0:35351-300000.0:35352-2500.0,12.38
0-1.0:2-1.0:3-1.0:4-1.0:5-1.0:6-1.0:7-1.0:8-1.0:9-1.0:10-1.0:18612-1.0:35347-2:35348-0:35349-32000.0:35350-1000.0:35351-300000.0:35352-5000.0,10.83
0-1.0:2-1.0:3-1.0:4-1.0:5-1.0:6-1.0:7-1.0:8-1.0:9-1.0:10-1.0:18612-1.0:35347-2:35348-0:35349-32000.0:35350-1000.0:35351-500000.0:35352-100.0,25.43
0-1.0:2-1.0:3-1.0:4-1.0:5-1.0:6-1.0:7-1.0:8-1.0:9-1.0:10-1.0:18612-1.0:35347-2:35348-0:35349-32000.0:35350-1000.0:35351-500000.0:35352-150.0,24.56
0-1.0:2-1.0:3-1.0:4-1.0:5-1.0:6-1.0:7-1.0:8-1.0:9-1.0:10-1.0:18612-1.0:35347-2:35348-0:35349-32000.0:35350-1000.0:35351-500000.0:35352-250.0,21.09
0-1.0:2-1.0:3-1.0:4-1.0:5-1.0:6-1.0:7-1.0:8-1.0:9-1.0:10-1.0:18612-1.0:35347-2:35348-0:35349-32000.0:35350-1000.0:35351-500000.0:35352-500.0,18.11
0-1.0:2-1.0:3-1.0:4-1.0:5-1.0:6-1.0:7-1.0:8-1.0:9-1.0:10-1.0:18612-1.0:35347-2:35348-0:35349-32000.0:35350-1000.0:35351-500000.0:35352-1000.0,21.72
0-1.0:1-1.0:2-1.0:3-1.0:4-1.0:5-1.0:6-1.0:7-1.0:8-1.0:9-1.0:10-1.0:35347-2:35348-0:35349-32000.0:35350-1000.0:35351-500000.0:35352-5000.0,15.95
0-1.0:1-1.0:2-1.0:3-1.0:4-1.0:5-1.0:6-1.0:7-1.0:8-1.0:9-1.0:10-1.0:35347-2:35348-0:35349-32000.0:35350-2000.0:35351-100000.0:35352-100.0,27.98
0-1.0:1-1.0:2-1.0:3-1.0:4-1.0:5-1.0:6-1.0:7-1.0:8-1.0:9-1.0:10-1.0:35347-2:35348-0:35349-32000.0:35350-2000.0:35351-100000.0:35352-150.0,26.87
0-1.0:2-1.0:3-1.0:4-1.0:5-1.0:6-1.0:7-1.0:8-1.0:9-1.0:10-1.0:18612-1.0:35347-2:35348-0:35349-32000.0:35350-2000.0:35351-100000.0:35352-500.0,18.62
0-1.0:2-1.0:3-1.0:4-1.0:5-1.0:6-1.0:7-1.0:8-1.0:9-1.0:10-1.0:18612-1.0:35347-2:35348-0:35349-32000.0:35350-2000.0:35351-100000.0:35352-1500.0,12.61
0-1.0:2-1.0:3-1.0:4-1.0:5-1.0:6-1.0:7-1.0:8-1.0:9-1.0:10-1.0:18612-1.0:35347-2:35348-0:35349-32000.0:35350-2000.0:35351-100000.0:35352-2500.0,10.83
0-1.0:2-1.0:3-1.0:4-1.0:5-1.0:6-1.0:7-1.0:8-1.0:9-1.0:10-1.0:18612-1.0:35347-2:35348-0:35349-32000.0:35350-2000.0:35351-300000.0:35352-100.0,27.29
0-1.0:2-1.0:3-1.0:4-1.0:5-1.0:6-1.0:7-1.0:8-1.0:9-1.0:10-1.0:18612-1.0:35347-2:35348-0:35349-32000.0:35350-2000.0:35351-300000.0:35352-250.0,17.94
0-1.0:2-1.0:3-1.0:4-1.0:5-1.0:6-1.0:7-1.0:8-1.0:9-1.0:10-1.0:18612-1.0:35347-2:35348-0:35349-32000.0:35350-2000.0:35351-300000.0:35352-500.0,20.7
0-1.0:2-1.0:3-1.0:4-1.0:5-1.0:6-1.0:7-1.0:8-1.0:9-1.0:10-1.0:18612-1.0:35347-2:35348-0:35349-32000.0:35350-2000.0:35351-300000.0:35352-750.0,15.76
0-1.0:2-1.0:3-1.0:4-1.0:5-1.0:6-1.0:7-1.0:8-1.0:9-1.0:10-1.0:18612-1.0:35347-2:35348-0:35349-32000.0:35350-2000.0:35351-300000.0:35352-1000.0,14.98
0-1.0:2-1.0:3-1.0:4-1.0:5-1.0:6-1.0:7-1.0:8-1.0:9-1.0:10-1.0:18612-1.0:35347-2:35348-0:35349-32000.0:35350-2000.0:35351-300000.0:35352-2500.0,15.51
0-1.0:2-1.0:3-1.0:4-1.0:5-1.0:6-1.0:7-1.0:8-1.0:9-1.0:10-1.0:18612-1.0:35347-2:35348-0:35349-32000.0:35350-2000.0:35351-300000.0:35352-5000.0,13.13
0-1.0:2-1.0:3-1.0:4-1.0:5-1.0:6-1.0:7-1.0:8-1.0:9-1.0:10-1.0:18612-1.0:35347-2:35348-0:35349-32000.0:35350-2000.0:35351-500000.0:35352-150.0,22.73
0-1.0:2-1.0:3-1.0:4-1.0:5-1.0:6-1.0:7-1.0:8-1.0:9-1.0:10-1.0:18612-1.0:35347-2:35348-0:35349-32000.0:35350-2000.0:35351-500000.0:35352-250.0,21.34
0-1.0:2-1.0:3-1.0:4-1.0:5-1.0:6-1.0:7-1.0:8-1.0:9-1.0:10-1.0:18612-1.0:35347-2:35348-0:35349-32000.0:35350-2000.0:35351-500000.0:35352-500.0,23.39
0-1.0:2-1.0:3-1.0:4-1.0:5-1.0:6-1.0:7-1.0:8-1.0:9-1.0:10-1.0:18612-1.0:35347-2:35348-0:35349-32000.0:35350-2000.0:35351-500000.0:35352-750.0,18.91
0-1.0:2-1.0:3-1.0:4-1.0:5-1.0:6-1.0:7-1.0:8-1.0:9-1.0:10-1.0:18612-1.0:35347-2:35348-0:35349-32000.0:35350-2000.0:35351-500000.0:35352-1500.0,27.37
0-1.0:2-1.0:3-1.0:4-1.0:5-1.0:6-1.0:7-1.0:8-1.0:9-1.0:10-1.0:18612-1.0:35347-2:35348-0:35349-32000.0:35350-2000.0:35351-500000.0:35352-5000.0,13.06
0-1.0:2-1.0:3-1.0:4-1.0:5-1.0:6-1.0:7-1.0:8-1.0:9-1.0:10-1.0:18612-1.0:35347-2:35348-0:35349-35000.0:35350-1000.0:35351-100000.0:35352-100.0,22.43
0-1.0:2-1.0:3-1.0:4-1.0:5-1.0:6-1.0:7-1.0:8-1.0:9-1.0:10-1.0:18612-1.0:35347-2:35348-0:35349-35000.0:35350-1000.0:35351-100000.0:35352-150.0,19.38
0-1.0:2-1.0:3-1.0:4-1.0:5-1.0:6-1.0:7-1.0:8-1.0:9-1.0:10-1.0:18612-1.0:35347-2:35348-0:35349-35000.0:35350-1000.0:35351-100000.0:35352-250.0,17.95
0-1.0:2-1.0:3-1.0:4-1.0:5-1.0:6-1.0:7-1.0:8-1.0:9-1.0:10-1.0:18612-1.0:35347-2:35348-0:35349-35000.0:35350-1000.0:35351-300000.0:35352-150.0,42.93
0-1.0:1-1.0:2-1.0:3-1.0:4-1.0:5-1.0:6-1.0:7-1.0:8-1.0:9-1.0:10-1.0:35347-2:35348-0:35349-35000.0:35350-1000.0:35351-300000.0:35352-500.0,18.59
0-1.0:2-1.0:3-1.0:4-1.0:5-1.0:6-1.0:7-1.0:8-1.0:9-1.0:10-1.0:18612-1.0:35347-2:35348-0:35349-35000.0:35350-1000.0:35351-300000.0:35352-1500.0,17.56
0-1.0:2-1.0:3-1.0:4-1.0:5-1.0:6-1.0:7-1.0:8-1.0:9-1.0:10-1.0:18612-1.0:35347-2:35348-0:35349-35000.0:35350-1000.0:35351-300000.0:35352-5000.0,14.69
0-1.0:2-1.0:3-1.0:4-1.0:5-1.0:6-1.0:7-1.0:8-1.0:9-1.0:10-1.0:18612-1.0:35347-2:35348-0:35349-35000.0:35350-1000.0:35351-500000.0:35352-100.0,29.54
0-1.0:1-1.0:2-1.0:3-1.0:4-1.0:5-1.0:6-1.0:7-1.0:8-1.0:9-1.0:10-1.0:35347-2:35348-0:35349-35000.0:35350-1000.0:35351-500000.0:35352-150.0,31.26
0-1.0:2-1.0:3-1.0:4-1.0:5-1.0:6-1.0:7-1.0:8-1.0:9-1.0:10-1.0:18612-1.0:35347-2:35348-0:35349-35000.0:35350-1000.0:35351-500000.0:35352-250.0,20.26
0-1.0:2-1.0:3-1.0:4-1.0:5-1.0:6-1.0:7-1.0:8-1.0:9-1.0:10-1.0:18612-1.0:35347-2:35348-0:35349-35000.0:35350-1000.0:35351-500000.0:35352-500.0,18.61
0-1.0:2-1.0:3-1.0:4-1.0:5-1.0:6-1.0:7-1.0:8-1.0:9-1.0:10-1.0:18612-1.0:35347-2:35348-0:35349-35000.0:35350-1000.0:35351-500000.0:35352-750.0,17.64
0-1.0:2-1.0:3-1.0:4-1.0:5-1.0:6-1.0:7-1.0:8-1.0:9-1.0:10-1.0:18612-1.0:35347-2:35348-0:35349-35000.0:35350-1000.0:35351-500000.0:35352-1000.0,18.29
0-1.0:1-1.0:2-1.0:3-1.0:4-1.0:5-1.0:6-1.0:7-1.0:8-1.0:9-1.0:10-1.0:35347-2:35348-0:35349-35000.0:35350-1000.0:35351-500000.0:35352-2500.0,15.6
0-1.0:2-1.0:3-1.0:4-1.0:5-1.0:6-1.0:7-1.0:8-1.0:9-1.0:10-1.0:18612-1.0:35347-2:35348-0:35349-35000.0:35350-1000.0:35351-500000.0:35352-5000.0,12.63
0-1.0:1-1.0:2-1.0:3-1.0:4-1.0:5-1.0:6-1.0:7-1.0:8-1.0:9-1.0:10-1.0:35347-2:35348-0:35349-35000.0:35350-2000.0:35351-100000.0:35352-100.0,22.68
0-1.0:2-1.0:3-1.0:4-1.0:5-1.0:6-1.0:7-1.0:8-1.0:9-1.0:10-1.0:18612-1.0:35347-2:35348-0:35349-35000.0:35350-2000.0:35351-100000.0:35352-150.0,21.79
0-1.0:2-1.0:3-1.0:4-1.0:5-1.0:6-1.0:7-1.0:8-1.0:9-1.0:10-1.0:18612-1.0:35347-2:35348-0:35349-35000.0:35350-2000.0:35351-100000.0:35352-250.0,16.4
0-1.0:2-1.0:3-1.0:4-1.0:5-1.0:6-1.0:7-1.0:8-1.0:9-1.0:10-1.0:18612-1.0:35347-2:35348-0:35349-35000.0:35350-2000.0:35351-100000.0:35352-500.0,19.23
0-1.0:2-1.0:3-1.0:4-1.0:5-1.0:6-1.0:7-1.0:8-1.0:9-1.0:10-1.0:18612-1.0:35347-2:35348-0:35349-35000.0:35350-2000.0:35351-100000.0:35352-750.0,14.14
0-1.0:2-1.0:3-1.0:4-1.0:5-1.0:6-1.0:7-1.0:8-1.0:9-1.0:10-1.0:18612-1.0:35347-2:35348-0:35349-35000.0:35350-2000.0:35351-100000.0:35352-1000.0,13.33
0-1.0:1-1.0:2-1.0:3-1.0:4-1.0:5-1.0:6-1.0:7-1.0:8-1.0:9-1.0:10-1.0:35347-2:35348-0:35349-35000.0:35350-2000.0:35351-100000.0:35352-1500.0,15.47
0-1.0:2-1.0:3-1.0:4-1.0:5-1.0:6-1.0:7-1.0:8-1.0:9-1.0:10-1.0:18612-1.0:35347-2:35348-0:35349-35000.0:35350-2000.0:35351-100000.0:35352-2500.0,15.38
0-1.0:2-1.0:3-1.0:4-1.0:5-1.0:6-1.0:7-1.0:8-1.0:9-1.0:10-1.0:18612-1.0:35347-2:35348-0:35349-35000.0:35350-2000.0:35351-100000.0:35352-5000.0,10.83
0-1.0:2-1.0:3-1.0:4-1.0:5-1.0:6-1.0:7-1.0:8-1.0:9-1.0:10-1.0:18612-1.0:35347-2:35348-0:35349-35000.0:35350-2000.0:35351-300000.0:35352-150.0,21.72
0-1.0:2-1.0:3-1.0:4-1.0:5-1.0:6-1.0:7-1.0:8-1.0:9-1.0:10-1.0:18612-1.0:35347-2:35348-0:35349-35000.0:35350-2000.0:35351-300000.0:35352-500.0,17.19
0-1.0:2-1.0:3-1.0:4-1.0:5-1.0:6-1.0:7-1.0:8-1.0:9-1.0:10-1.0:18612-1.0:35347-2:35348-0:35349-35000.0:35350-2000.0:35351-300000.0:35352-750.0,17.77
0-1.0:2-1.0:3-1.0:4-1.0:5-1.0:6-1.0:7-1.0:8-1.0:9-1.0:10-1.0:18612-1.0:35347-2:35348-0:35349-35000.0:35350-2000.0:35351-300000.0:35352-1000.0,17.95
0-1.0:2-1.0:3-1.0:4-1.0:5-1.0:6-1.0:7-1.0:8-1.0:9-1.0:10-1.0:18612-1.0:35347-2:35348-0:35349-35000.0:35350-2000.0:35351-300000.0:35352-1500.0,19.52
0-1.0:2-1.0:3-1.0:4-1.0:5-1.0:6-1.0:7-1.0:8-1.0:9-1.0:10-1.0:18612-1.0:35347-2:35348-0:35349-35000.0:35350-2000.0:35351-300000.0:35352-2500.0,17.46
0-1.0:2-1.0:3-1.0:4-1.0:5-1.0:6-1.0:7-1.0:8-1.0:9-1.0:10-1.0:18612-1.0:35347-2:35348-0:35349-35000.0:35350-2000.0:35351-300000.0:35352-5000.0,12.2
0-1.0:2-1.0:3-1.0:4-1.0:5-1.0:6-1.0:7-1.0:8-1.0:9-1.0:10-1.0:18612-1.0:35347-2:35348-0:35349-35000.0:35350-2000.0:35351-500000.0:35352-100.0,24.19
0-1.0:2-1.0:3-1.0:4-1.0:5-1.0:6-1.0:7-1.0:8-1.0:9-1.0:10-1.0:18612-1.0:35347-2:35348-0:35349-35000.0:35350-2000.0:35351-500000.0:35352-150.0,30.13
0-1.0:2-1.0:3-1.0:4-1.0:5-1.0:6-1.0:7-1.0:8-1.0:9-1.0:10-1.0:18612-1.0:35347-2:35348-0:35349-35000.0:35350-2000.0:35351-500000.0:35352-250.0,21.95
0-1.0:2-1.0:3-1.0:4-1.0:5-1.0:6-1.0:7-1.0:8-1.0:9-1.0:10-1.0:18612-1.0:35347-2:35348-0:35349-35000.0:35350-2000.0:35351-500000.0:35352-1500.0,17.46
0-1.0:2-1.0:3-1.0:4-1.0:5-1.0:6-1.0:7-1.0:8-1.0:9-1.0:10-1.0:18612-1.0:35347-2:35348-0:35349-35000.0:35350-2000.0:35351-500000.0:35352-5000.0,16.61
0-1.0:2-1.0:3-1.0:4-1.0:5-1.0:6-1.0:7-1.0:8-1.0:9-1.0:10-1.0:18612-1.0:35347-2:35348-0:35349-40000.0:35350-1000.0:35351-100000.0:35352-100.0,21.33
0-1.0:2-1.0:3-1.0:4-1.0:5-1.0:6-1.0:7-1.0:8-1.0:9-1.0:10-1.0:18612-1.0:35347-2:35348-0:35349-40000.0:35350-1000.0:35351-100000.0:35352-150.0,26.06
0-1.0:2-1.0:3-1.0:4-1.0:5-1.0:6-1.0:7-1.0:8-1.0:9-1.0:10-1.0:18612-1.0:35347-2:35348-0:35349-40000.0:35350-1000.0:35351-100000.0:35352-750.0,14.67
0-1.0:1-1.0:2-1.0:3-1.0:4-1.0:5-1.0:6-1.0:7-1.0:8-1.0:9-1.0:10-1.0:35347-2:35348-0:35349-40000.0:35350-1000.0:35351-100000.0:35352-1500.0,14.22
0-1.0:2-1.0:3-1.0:4-1.0:5-1.0:6-1.0:7-1.0:8-1.0:9-1.0:10-1.0:18612-1.0:35347-2:35348-0:35349-40000.0:35350-1000.0:35351-100000.0:35352-2500.0,13.02
0-1.0:2-1.0:3-1.0:4-1.0:5-1.0:6-1.0:7-1.0:8-1.0:9-1.0:10-1.0:18612-1.0:35347-2:35348-0:35349-40000.0:35350-1000.0:35351-100000.0:35352-5000.0,10.83
0-1.0:2-1.0:3-1.0:4-1.0:5-1.0:6-1.0:7-1.0:8-1.0:9-1.0:10-1.0:18612-1.0:35347-2:35348-0:35349-40000.0:35350-1000.0:35351-300000.0:35352-100.0,29.23
0-1.0:2-1.0:3-1.0:4-1.0:5-1.0:6-1.0:7-1.0:8-1.0:9-1.0:10-1.0:18612-1.0:35347-2:35348-0:35349-40000.0:35350-1000.0:35351-300000.0:35352-250.0,20.09
0-1.0:1-1.0:2-1.0:3-1.0:4-1.0:5-1.0:6-1.0:7-1.0:8-1.0:9-1.0:10-1.0:35347-2:35348-0:35349-40000.0:35350-1000.0:35351-300000.0:35352-500.0,19.52
0-1.0:2-1.0:3-1.0:4-1.0:5-1.0:6-1.0:7-1.0:8-1.0:9-1.0:10-1.0:18612-1.0:35347-2:35348-0:35349-40000.0:35350-1000.0:35351-300000.0:35352-750.0,16.76
0-1.0:2-1.0:3-1.0:4-1.0:5-1.0:6-1.0:7-1.0:8-1.0:9-1.0:10-1.0:18612-1.0:35347-2:35348-0:35349-40000.0:35350-1000.0:35351-300000.0:35352-1000.0,18.58
0-1.0:1-1.0:2-1.0:3-1.0:4-1.0:5-1.0:6-1.0:7-1.0:8-1.0:9-1.0:10-1.0:35347-2:35348-0:35349-40000.0:35350-1000.0:35351-300000.0:35352-2500.0,18.01
0-1.0:2-1.0:3-1.0:4-1.0:5-1.0:6-1.0:7-1.0:8-1.0:9-1.0:10-1.0:18612-1.0:35347-2:35348-0:35349-40000.0:35350-1000.0:35351-300000.0:35352-5000.0,11.47
0-1.0:2-1.0:3-1.0:4-1.0:5-1.0:6-1.0:7-1.0:8-1.0:9-1.0:10-1.0:18612-1.0:35347-2:35348-0:35349-40000.0:35350-1000.0:35351-500000.0:35352-100.0,27.45
0-1.0:2-1.0:3-1.0:4-1.0:5-1.0:6-1.0:7-1.0:8-1.0:9-1.0:10-1.0:18612-1.0:35347-2:35348-0:35349-40000.0:35350-1000.0:35351-500000.0:35352-150.0,26.5
0-1.0:2-1.0:3-1.0:4-1.0:5-1.0:6-1.0:7-1.0:8-1.0:9-1.0:10-1.0:18612-1.0:35347-2:35348-0:35349-40000.0:35350-1000.0:35351-500000.0:35352-250.0,41.53
0-1.0:2-1.0:3-1.0:4-1.0:5-1.0:6-1.0:7-1.0:8-1.0:9-1.0:10-1.0:18612-1.0:35347-2:35348-0:35349-40000.0:35350-1000.0:35351-500000.0:35352-1000.0,21.12
0-1.0:2-1.0:3-1.0:4-1.0:5-1.0:6-1.0:7-1.0:8-1.0:9-1.0:10-1.0:18612-1.0:35347-2:35348-0:35349-40000.0:35350-1000.0:35351-500000.0:35352-1500.0,20.04
0-1.0:2-1.0:3-1.0:4-1.0:5-1.0:6-1.0:7-1.0:8-1.0:9-1.0:10-1.0:18612-1.0:35347-2:35348-0:35349-40000.0:35350-1000.0:35351-500000.0:35352-2500.0,15.01
0-1.0:2-1.0:3-1.0:4-1.0:5-1.0:6-1.0:7-1.0:8-1.0:9-1.0:10-1.0:18612-1.0:35347-2:35348-0:35349-40000.0:35350-2000.0:35351-100000.0:35352-100.0,27.4
0-1.0:2-1.0:3-1.0:4-1.0:5-1.0:6-1.0:7-1.0:8-1.0:9-1.0:10-1.0:18612-1.0:35347-2:35348-0:35349-40000.0:35350-2000.0:35351-100000.0:35352-250.0,17.31
0-1.0:2-1.0:3-1.0:4-1.0:5-1.0:6-1.0:7-1.0:8-1.0:9-1.0:10-1.0:18612-1.0:35347-2:35348-0:35349-40000.0:35350-2000.0:35351-100000.0:35352-500.0,21.34
0-1.0:2-1.0:3-1.0:4-1.0:5-1.0:6-1.0:7-1.0:8-1.0:9-1.0:10-1.0:18612-1.0:35347-2:35348-0:35349-40000.0:35350-2000.0:35351-100000.0:35352-1000.0,14.84
0-1.0:2-1.0:3-1.0:4-1.0:5-1.0:6-1.0:7-1.0:8-1.0:9-1.0:10-1.0:18612-1.0:35347-2:35348-0:35349-40000.0:35350-2000.0:35351-100000.0:35352-1500.0,28.58
0-1.0:2-1.0:3-1.0:4-1.0:5-1.0:6-1.0:7-1.0:8-1.0:9-1.0:10-1.0:18612-1.0:35347-2:35348-0:35349-40000.0:35350-2000.0:35351-100000.0:35352-2500.0,14.58
0-1.0:2-1.0:3-1.0:4-1.0:5-1.0:6-1.0:7-1.0:8-1.0:9-1.0:10-1.0:18612-1.0:35347-2:35348-0:35349-40000.0:35350-2000.0:35351-100000.0:35352-5000.0,10.83
0-1.0:2-1.0:3-1.0:4-1.0:5-1.0:6-1.0:7-1.0:8-1.0:9-1.0:10-1.0:18612-1.0:35347-2:35348-0:35349-40000.0:35350-2000.0:35351-300000.0:35352-100.0,32.5
0-1.0:2-1.0:3-1.0:4-1.0:5-1.0:6-1.0:7-1.0:8-1.0:9-1.0:10-1.0:18612-1.0:35347-2:35348-0:35349-40000.0:35350-2000.0:35351-300000.0:35352-150.0,25.08
0-1.0:1-1.0:2-1.0:3-1.0:4-1.0:5-1.0:6-1.0:7-1.0:8-1.0:9-1.0:10-1.0:35347-2:35348-0:35349-40000.0:35350-2000.0:35351-300000.0:35352-250.0,21.29
0-1.0:1-1.0:2-1.0:3-1.0:4-1.0:5-1.0:6-1.0:7-1.0:8-1.0:9-1.0:10-1.0:35347-2:35348-0:35349-40000.0:35350-2000.0:35351-300000.0:35352-750.0,18.64
0-1.0:2-1.0:3-1.0:4-1.0:5-1.0:6-1.0:7-1.0:8-1.0:9-1.0:10-1.0:18612-1.0:35347-2:35348-0:35349-40000.0:35350-2000.0:35351-300000.0:35352-1000.0,16.15
0-1.0:2-1.0:3-1.0:4-1.0:5-1.0:6-1.0:7-1.0:8-1.0:9-1.0:10-1.0:18612-1.0:35347-2:35348-0:35349-40000.0:35350-2000.0:35351-300000.0:35352-1500.0,15.13
0-1.0:2-1.0:3-1.0:4-1.0:5-1.0:6-1.0:7-1.0:8-1.0:9-1.0:10-1.0:18612-1.0:35347-2:35348-0:35349-40000.0:35350-2000.0:35351-300000.0:35352-2500.0,13.59
0-1.0:1-1.0:2-1.0:3-1.0:4-1.0:5-1.0:6-1.0:7-1.0:8-1.0:9-1.0:10-1.0:35347-2:35348-0:35349-40000.0:35350-2000.0:35351-300000.0:35352-5000.0,12.76
0-1.0:2-1.0:3-1.0:4-1.0:5-1.0:6-1.0:7-1.0:8-1.0:9-1.0:10-1.0:18612-1.0:35347-2:35348-0:35349-40000.0:35350-2000.0:35351-500000.0:35352-100.0,25.8
0-1.0:2-1.0:3-1.0:4-1.0:5-1.0:6-1.0:7-1.0:8-1.0:9-1.0:10-1.0:18612-1.0:35347-2:35348-0:35349-40000.0:35350-2000.0:35351-500000.0:35352-150.0,26.75
0-1.0:2-1.0:3-1.0:4-1.0:5-1.0:6-1.0:7-1.0:8-1.0:9-1.0:10-1.0:18612-1.0:35347-2:35348-0:35349-40000.0:35350-2000.0:35351-500000.0:35352-250.0,26.2
0-1.0:2-1.0:3-1.0:4-1.0:5-1.0:6-1.0:7-1.0:8-1.0:9-1.0:10-1.0:18612-1.0:35347-2:35348-0:35349-40000.0:35350-2000.0:35351-500000.0:35352-500.0,23.98
0-1.0:2-1.0:3-1.0:4-1.0:5-1.0:6-1.0:7-1.0:8-1.0:9-1.0:10-1.0:18612-1.0:35347-2:35348-0:35349-40000.0:35350-2000.0:35351-500000.0:35352-750.0,24.75
0-1.0:2-1.0:3-1.0:4-1.0:5-1.0:6-1.0:7-1.0:8-1.0:9-1.0:10-1.0:18612-1.0:35347-2:35348-0:35349-40000.0:35350-2000.0:35351-500000.0:35352-1500.0,18.22
0-1.0:2-1.0:3-1.0:4-1.0:5-1.0:6-1.0:7-1.0:8-1.0:9-1.0:10-1.0:18612-1.0:35347-2:35348-0:35349-40000.0:35350-2000.0:35351-500000.0:35352-2500.0,16.51
0-1.0:1-1.0:2-1.0:3-1.0:4-1.0:5-1.0:6-1.0:7-1.0:8-1.0:9-1.0:10-1.0:35347-2:35348-0:35349-40000.0:35350-2000.0:35351-500000.0:35352-5000.0,15.79
0-1.0:2-1.0:3-1.0:4-1.0:5-1.0:6-1.0:7-1.0:8-1.0:9-1.0:10-1.0:18612-1.0:35347-2:35348-0:35349-50000.0:35350-1000.0:35351-100000.0:35352-100.0,23.52
0-1.0:2-1.0:3-1.0:4-1.0:5-1.0:6-1.0:7-1.0:8-1.0:9-1.0:10-1.0:18612-1.0:35347-2:35348-0:35349-50000.0:35350-1000.0:35351-100000.0:35352-250.0,20.91
0-1.0:2-1.0:3-1.0:4-1.0:5-1.0:6-1.0:7-1.0:8-1.0:9-1.0:10-1.0:18612-1.0:35347-2:35348-0:35349-50000.0:35350-1000.0:35351-100000.0:35352-500.0,17.69
0-1.0:2-1.0:3-1.0:4-1.0:5-1.0:6-1.0:7-1.0:8-1.0:9-1.0:10-1.0:18612-1.0:35347-2:35348-0:35349-50000.0:35350-1000.0:35351-100000.0:35352-750.0,17.98
0-1.0:2-1.0:3-1.0:4-1.0:5-1.0:6-1.0:7-1.0:8-1.0:9-1.0:10-1.0:18612-1.0:35347-2:35348-0:35349-50000.0:35350-1000.0:35351-100000.0:35352-1500.0,15.93
0-1.0:2-1.0:3-1.0:4-1.0:5-1.0:6-1.0:7-1.0:8-1.0:9-1.0:10-1.0:18612-1.0:35347-2:35348-0:35349-50000.0:35350-1000.0:35351-100000.0:35352-2500.0,13.11
0-1.0:2-1.0:3-1.0:4-1.0:5-1.0:6-1.0:7-1.0:8-1.0:9-1.0:10-1.0:18612-1.0:35347-2:35348-0:35349-50000.0:35350-1000.0:35351-300000.0:35352-100.0,54.09
0-1.0:2-1.0:3-1.0:4-1.0:5-1.0:6-1.0:7-1.0:8-1.0:9-1.0:10-1.0:18612-1.0:35347-2:35348-0:35349-50000.0:35350-1000.0:35351-300000.0:35352-150.0,34.03
0-1.0:2-1.0:3-1.0:4-1.0:5-1.0:6-1.0:7-1.0:8-1.0:9-1.0:10-1.0:18612-1.0:35347-2:35348-0:35349-50000.0:35350-1000.0:35351-300000.0:35352-250.0,22.99
0-1.0:2-1.0:3-1.0:4-1.0:5-1.0:6-1.0:7-1.0:8-1.0:9-1.0:10-1.0:18612-1.0:35347-2:35348-0:35349-50000.0:35350-1000.0:35351-300000.0:35352-1000.0,17.32
0-1.0:2-1.0:3-1.0:4-1.0:5-1.0:6-1.0:7-1.0:8-1.0:9-1.0:10-1.0:18612-1.0:35347-2:35348-0:35349-50000.0:35350-1000.0:35351-300000.0:35352-1500.0,16.19
0-1.0:2-1.0:3-1.0:4-1.0:5-1.0:6-1.0:7-1.0:8-1.0:9-1.0:10-1.0:18612-1.0:35347-2:35348-0:35349-50000.0:35350-1000.0:35351-300000.0:35352-5000.0,12.43
0-1.0:2-1.0:3-1.0:4-1.0:5-1.0:6-1.0:7-1.0:8-1.0:9-1.0:10-1.0:18612-1.0:35347-2:35348-0:35349-50000.0:35350-1000.0:35351-500000.0:35352-250.0,30.37
0-1.0:2-1.0:3-1.0:4-1.0:5-1.0:6-1.0:7-1.0:8-1.0:9-1.0:10-1.0:18612-1.0:35347-2:35348-0:35349-50000.0:35350-1000.0:35351-500000.0:35352-500.0,21.06
0-1.0:2-1.0:3-1.0:4-1.0:5-1.0:6-1.0:7-1.0:8-1.0:9-1.0:10-1.0:18612-1.0:35347-2:35348-0:35349-50000.0:35350-1000.0:35351-500000.0:35352-750.0,35.95
0-1.0:2-1.0:3-1.0:4-1.0:5-1.0:6-1.0:7-1.0:8-1.0:9-1.0:10-1.0:18612-1.0:35347-2:35348-0:35349-50000.0:35350-1000.0:35351-500000.0:35352-1500.0,17.86
0-1.0:1-1.0:2-1.0:3-1.0:4-1.0:5-1.0:6-1.0:7-1.0:8-1.0:9-1.0:10-1.0:35347-2:35348-0:35349-50000.0:35350-1000.0:35351-500000.0:35352-2500.0,21.32
0-1.0:2-1.0:3-1.0:4-1.0:5-1.0:6-1.0:7-1.0:8-1.0:9-1.0:10-1.0:18612-1.0:35347-2:35348-0:35349-50000.0:35350-1000.0:35351-500000.0:35352-5000.0,14.1
0-1.0:2-1.0:3-1.0:4-1.0:5-1.0:6-1.0:7-1.0:8-1.0:9-1.0:10-1.0:18612-1.0:35347-2:35348-0:35349-50000.0:35350-2000.0:35351-100000.0:35352-100.0,25.07
0-1.0:2-1.0:3-1.0:4-1.0:5-1.0:6-1.0:7-1.0:8-1.0:9-1.0:10-1.0:18612-1.0:35347-2:35348-0:35349-50000.0:35350-2000.0:35351-100000.0:35352-150.0,23.33
0-1.0:2-1.0:3-1.0:4-1.0:5-1.0:6-1.0:7-1.0:8-1.0:9-1.0:10-1.0:18612-1.0:35347-2:35348-0:35349-50000.0:35350-2000.0:35351-100000.0:35352-250.0,21.16
0-1.0:2-1.0:3-1.0:4-1.0:5-1.0:6-1.0:7-1.0:8-1.0:9-1.0:10-1.0:18612-1.0:35347-2:35348-0:35349-50000.0:35350-2000.0:35351-100000.0:35352-500.0,17.94
0-1.0:2-1.0:3-1.0:4-1.0:5-1.0:6-1.0:7-1.0:8-1.0:9-1.0:10-1.0:18612-1.0:35347-2:35348-0:35349-50000.0:35350-2000.0:35351-100000.0:35352-1000.0,17.18
0-1.0:2-1.0:3-1.0:4-1.0:5-1.0:6-1.0:7-1.0:8-1.0:9-1.0:10-1.0:18612-1.0:35347-2:35348-0:35349-50000.0:35350-2000.0:35351-100000.0:35352-1500.0,15.93
0-1.0:2-1.0:3-1.0:4-1.0:5-1.0:6-1.0:7-1.0:8-1.0:9-1.0:10-1.0:18612-1.0:35347-2:35348-0:35349-50000.0:35350-2000.0:35351-100000.0:35352-2500.0,14.58
0-1.0:2-1.0:3-1.0:4-1.0:5-1.0:6-1.0:7-1.0:8-1.0:9-1.0:10-1.0:18612-1.0:35347-2:35348-0:35349-50000.0:35350-2000.0:35351-300000.0:35352-100.0,25.85
0-1.0:2-1.0:3-1.0:4-1.0:5-1.0:6-1.0:7-1.0:8-1.0:9-1.0:10-1.0:18612-1.0:35347-2:35348-0:35349-50000.0:35350-2000.0:35351-300000.0:35352-150.0,24.91
0-1.0:2-1.0:3-1.0:4-1.0:5-1.0:6-1.0:7-1.0:8-1.0:9-1.0:10-1.0:18612-1.0:35347-2:35348-0:35349-50000.0:35350-2000.0:35351-300000.0:35352-750.0,18.51
0-1.0:1-1.0:2-1.0:3-1.0:4-1.0:5-1.0:6-1.0:7-1.0:8-1.0:9-1.0:10-1.0:35347-2:35348-0:35349-50000.0:35350-2000.0:35351-300000.0:35352-1000.0,19.27
0-1.0:2-1.0:3-1.0:4-1.0:5-1.0:6-1.0:7-1.0:8-1.0:9-1.0:10-1.0:18612-1.0:35347-2:35348-0:35349-50000.0:35350-2000.0:35351-300000.0:35352-1500.0,22.3
0-1.0:2-1.0:3-1.0:4-1.0:5-1.0:6-1.0:7-1.0:8-1.0:9-1.0:10-1.0:18612-1.0:35347-2:35348-0:35349-50000.0:35350-2000.0:35351-300000.0:35352-2500.0,14.75
0-1.0:2-1.0:3-1.0:4-1.0:5-1.0:6-1.0:7-1.0:8-1.0:9-1.0:10-1.0:18612-1.0:35347-2:35348-0:35349-50000.0:35350-2000.0:35351-300000.0:35352-5000.0,13.83
0-1.0:2-1.0:3-1.0:4-1.0:5-1.0:6-1.0:7-1.0:8-1.0:9-1.0:10-1.0:18612-1.0:35347-2:35348-0:35349-50000.0:35350-2000.0:35351-500000.0:35352-100.0,30.13
0-1.0:2-1.0:3-1.0:4-1.0:5-1.0:6-1.0:7-1.0:8-1.0:9-1.0:10-1.0:18612-1.0:35347-2:35348-0:35349-50000.0:35350-2000.0:35351-500000.0:35352-150.0,26.58
0-1.0:2-1.0:3-1.0:4-1.0:5-1.0:6-1.0:7-1.0:8-1.0:9-1.0:10-1.0:18612-1.0:35347-2:35348-0:35349-50000.0:35350-2000.0:35351-500000.0:35352-250.0,24.9
0-1.0:1-1.0:2-1.0:3-1.0:4-1.0:5-1.0:6-1.0:7-1.0:8-1.0:9-1.0:10-1.0:35347-2:35348-0:35349-50000.0:35350-2000.0:35351-500000.0:35352-500.0,23.23
0-1.0:2-1.0:3-1.0:4-1.0:5-1.0:6-1.0:7-1.0:8-1.0:9-1.0:10-1.0:18612-1.0:35347-2:35348-0:35349-50000.0:35350-2000.0:35351-500000.0:35352-750.0,21.08
0-1.0:2-1.0:3-1.0:4-1.0:5-1.0:6-1.0:7-1.0:8-1.0:9-1.0:10-1.0:18612-1.0:35347-2:35348-0:35349-50000.0:35350-2000.0:35351-500000.0:35352-2500.0,16.42
0-1.0:2-1.0:3-1.0:4-1.0:5-1.0:6-1.0:7-1.0:8-1.0:9-1.0:10-1.0:18612-1.0:35347-2:35348-0:35349-60000.0:35350-1000.0:35351-100000.0:35352-100.0,28.32
0-1.0:2-1.0:3-1.0:4-1.0:5-1.0:6-1.0:7-1.0:8-1.0:9-1.0:10-1.0:18612-1.0:35347-2:35348-0:35349-60000.0:35350-1000.0:35351-100000.0:35352-150.0,25.01
0-1.0:2-1.0:3-1.0:4-1.0:5-1.0:6-1.0:7-1.0:8-1.0:9-1.0:10-1.0:18612-1.0:35347-2:35348-0:35349-60000.0:35350-1000.0:35351-100000.0:35352-250.0,26.01
0-1.0:2-1.0:3-1.0:4-1.0:5-1.0:6-1.0:7-1.0:8-1.0:9-1.0:10-1.0:18612-1.0:35347-2:35348-0:35349-60000.0:35350-1000.0:35351-100000.0:35352-500.0,18.76
0-1.0:2-1.0:3-1.0:4-1.0:5-1.0:6-1.0:7-1.0:8-1.0:9-1.0:10-1.0:18612-1.0:35347-2:35348-0:35349-60000.0:35350-1000.0:35351-100000.0:35352-750.0,20.98
0-1.0:2-1.0:3-1.0:4-1.0:5-1.0:6-1.0:7-1.0:8-1.0:9-1.0:10-1.0:18612-1.0:35347-2:35348-0:35349-60000.0:35350-1000.0:35351-100000.0:35352-1500.0,19.51
0-1.0:2-1.0:3-1.0:4-1.0:5-1.0:6-1.0:7-1.0:8-1.0:9-1.0:10-1.0:18612-1.0:35347-2:35348-0:35349-60000.0:35350-1000.0:35351-100000.0:35352-2500.0,14.95
0-1.0:2-1.0:3-1.0:4-1.0:5-1.0:6-1.0:7-1.0:8-1.0:9-1.0:10-1.0:18612-1.0:35347-2:35348-0:35349-60000.0:35350-1000.0:35351-100000.0:35352-5000.0,11.21
0-1.0:2-1.0:3-1.0:4-1.0:5-1.0:6-1.0:7-1.0:8-1.0:9-1.0:10-1.0:18612-1.0:35347-2:35348-0:35349-60000.0:35350-1000.0:35351-300000.0:35352-100.0,30.4
0-1.0:2-1.0:3-1.0:4-1.0:5-1.0:6-1.0:7-1.0:8-1.0:9-1.0:10-1.0:18612-1.0:35347-2:35348-0:35349-60000.0:35350-1000.0:35351-300000.0:35352-150.0,32.9
0-1.0:2-1.0:3-1.0:4-1.0:5-1.0:6-1.0:7-1.0:8-1.0:9-1.0:10-1.0:18612-1.0:35347-2:35348-0:35349-60000.0:35350-1000.0:35351-300000.0:35352-250.0,24.74
0-1.0:2-1.0:3-1.0:4-1.0:5-1.0:6-1.0:7-1.0:8-1.0:9-1.0:10-1.0:18612-1.0:35347-2:35348-0:35349-60000.0:35350-1000.0:35351-300000.0:35352-1000.0,19.51
0-1.0:1-1.0:2-1.0:3-1.0:4-1.0:5-1.0:6-1.0:7-1.0:8-1.0:9-1.0:10-1.0:35347-2:35348-0:35349-60000.0:35350-1000.0:35351-300000.0:35352-2500.0,17.03
0-1.0:1-1.0:2-1.0:3-1.0:4-1.0:5-1.0:6-1.0:7-1.0:8-1.0:9-1.0:10-1.0:35347-2:35348-0:35349-60000.0:35350-1000.0:35351-300000.0:35352-5000.0,26.96
0-1.0:2-1.0:3-1.0:4-1.0:5-1.0:6-1.0:7-1.0:8-1.0:9-1.0:10-1.0:18612-1.0:35347-2:35348-0:35349-60000.0:35350-1000.0:35351-500000.0:35352-100.0,32.07
0-1.0:2-1.0:3-1.0:4-1.0:5-1.0:6-1.0:7-1.0:8-1.0:9-1.0:10-1.0:18612-1.0:35347-2:35348-0:35349-60000.0:35350-1000.0:35351-500000.0:35352-150.0,28.22
0-1.0:2-1.0:3-1.0:4-1.0:5-1.0:6-1.0:7-1.0:8-1.0:9-1.0:10-1.0:18612-1.0:35347-2:35348-0:35349-60000.0:35350-1000.0:35351-500000.0:35352-250.0,26.4
0-1.0:2-1.0:3-1.0:4-1.0:5-1.0:6-1.0:7-1.0:8-1.0:9-1.0:10-1.0:18612-1.0:35347-2:35348-0:35349-60000.0:35350-1000.0:35351-500000.0:35352-500.0,22.51
0-1.0:2-1.0:3-1.0:4-1.0:5-1.0:6-1.0:7-1.0:8-1.0:9-1.0:10-1.0:18612-1.0:35347-2:35348-0:35349-60000.0:35350-1000.0:35351-500000.0:35352-750.0,23.23
0-1.0:2-1.0:3-1.0:4-1.0:5-1.0:6-1.0:7-1.0:8-1.0:9-1.0:10-1.0:18612-1.0:35347-2:35348-0:35349-60000.0:35350-1000.0:35351-500000.0:35352-1000.0,20.26
0-1.0:2-1.0:3-1.0:4-1.0:5-1.0:6-1.0:7-1.0:8-1.0:9-1.0:10-1.0:18612-1.0:35347-2:35348-0:35349-60000.0:35350-1000.0:35351-500000.0:35352-1500.0,20.74
0-1.0:2-1.0:3-1.0:4-1.0:5-1.0:6-1.0:7-1.0:8-1.0:9-1.0:10-1.0:18612-1.0:35347-2:35348-0:35349-60000.0:35350-1000.0:35351-500000.0:35352-2500.0,19.0
0-1.0:2-1.0:3-1.0:4-1.0:5-1.0:6-1.0:7-1.0:8-1.0:9-1.0:10-1.0:18612-1.0:35347-2:35348-0:35349-60000.0:35350-2000.0:35351-100000.0:35352-100.0,25.74
0-1.0:2-1.0:3-1.0:4-1.0:5-1.0:6-1.0:7-1.0:8-1.0:9-1.0:10-1.0:18612-1.0:35347-2:35348-0:35349-60000.0:35350-2000.0:35351-100000.0:35352-250.0,29.15
0-1.0:2-1.0:3-1.0:4-1.0:5-1.0:6-1.0:7-1.0:8-1.0:9-1.0:10-1.0:18612-1.0:35347-2:35348-0:35349-60000.0:35350-2000.0:35351-100000.0:35352-750.0,19.73
0-1.0:2-1.0:3-1.0:4-1.0:5-1.0:6-1.0:7-1.0:8-1.0:9-1.0:10-1.0:18612-1.0:35347-2:35348-0:35349-60000.0:35350-2000.0:35351-100000.0:35352-1500.0,15.54
0-1.0:2-1.0:3-1.0:4-1.0:5-1.0:6-1.0:7-1.0:8-1.0:9-1.0:10-1.0:18612-1.0:35347-2:35348-0:35349-60000.0:35350-2000.0:35351-100000.0:35352-2500.0,15.2
0-1.0:2-1.0:3-1.0:4-1.0:5-1.0:6-1.0:7-1.0:8-1.0:9-1.0:10-1.0:18612-1.0:35347-2:35348-0:35349-60000.0:35350-2000.0:35351-100000.0:35352-5000.0,12.71
0-1.0:2-1.0:3-1.0:4-1.0:5-1.0:6-1.0:7-1.0:8-1.0:9-1.0:10-1.0:18612-1.0:35347-2:35348-0:35349-60000.0:35350-2000.0:35351-300000.0:35352-100.0,27.82
0-1.0:2-1.0:3-1.0:4-1.0:5-1.0:6-1.0:7-1.0:8-1.0:9-1.0:10-1.0:18612-1.0:35347-2:35348-0:35349-60000.0:35350-2000.0:35351-300000.0:35352-150.0,26.8
0-1.0:2-1.0:3-1.0:4-1.0:5-1.0:6-1.0:7-1.0:8-1.0:9-1.0:10-1.0:18612-1.0:35347-2:35348-0:35349-60000.0:35350-2000.0:35351-300000.0:35352-500.0,21.09
0-1.0:2-1.0:3-1.0:4-1.0:5-1.0:6-1.0:7-1.0:8-1.0:9-1.0:10-1.0:18612-1.0:35347-2:35348-0:35349-60000.0:35350-2000.0:35351-300000.0:35352-750.0,21.82
0-1.0:2-1.0:3-1.0:4-1.0:5-1.0:6-1.0:7-1.0:8-1.0:9-1.0:10-1.0:18612-1.0:35347-2:35348-0:35349-60000.0:35350-2000.0:35351-300000.0:35352-1000.0,18.85
0-1.0:2-1.0:3-1.0:4-1.0:5-1.0:6-1.0:7-1.0:8-1.0:9-1.0:10-1.0:18612-1.0:35347-2:35348-0:35349-60000.0:35350-2000.0:35351-300000.0:35352-1500.0,17.62
0-1.0:1-1.0:2-1.0:3-1.0:4-1.0:5-1.0:6-1.0:7-1.0:8-1.0:9-1.0:10-1.0:35347-2:35348-0:35349-60000.0:35350-2000.0:35351-300000.0:35352-2500.0,17.28
0-1.0:1-1.0:2-1.0:3-1.0:4-1.0:5-1.0:6-1.0:7-1.0:8-1.0:9-1.0:10-1.0:35347-2:35348-0:35349-60000.0:35350-2000.0:35351-500000.0:35352-100.0,32.32
0-1.0:2-1.0:3-1.0:4-1.0:5-1.0:6-1.0:7-1.0:8-1.0:9-1.0:10-1.0:18612-1.0:35347-2:35348-0:35349-60000.0:35350-2000.0:35351-500000.0:35352-150.0,31.18
0-1.0:2-1.0:3-1.0:4-1.0:5-1.0:6-1.0:7-1.0:8-1.0:9-1.0:10-1.0:18612-1.0:35347-2:35348-0:35349-60000.0:35350-2000.0:35351-500000.0:35352-250.0,24.39
0-1.0:2-1.0:3-1.0:4-1.0:5-1.0:6-1.0:7-1.0:8-1.0:9-1.0:10-1.0:18612-1.0:35347-2:35348-0:35349-60000.0:35350-2000.0:35351-500000.0:35352-750.0,23.87
0-1.0:2-1.0:3-1.0:4-1.0:5-1.0:6-1.0:7-1.0:8-1.0:9-1.0:10-1.0:18612-1.0:35347-2:35348-0:35349-60000.0:35350-2000.0:35351-500000.0:35352-1000.0,21.43
0-1.0:2-1.0:3-1.0:4-1.0:5-1.0:6-1.0:7-1.0:8-1.0:9-1.0:10-1.0:18612-1.0:35347-2:35348-0:35349-60000.0:35350-2000.0:35351-500000.0:35352-2500.0,21.17
0-1.0:2-1.0:3-1.0:4-1.0:5-1.0:6-1.0:7-1.0:8-1.0:9-1.0:10-1.0:18612-1.0:35347-2:35348-0:35349-70000.0:35350-1000.0:35351-100000.0:35352-750.0,19.25
0-1.0:2-1.0:3-1.0:4-1.0:5-1.0:6-1.0:7-1.0:8-1.0:9-1.0:10-1.0:18612-1.0:35347-2:35348-0:35349-70000.0:35350-1000.0:35351-100000.0:35352-1500.0,16.43
0-1.0:2-1.0:3-1.0:4-1.0:5-1.0:6-1.0:7-1.0:8-1.0:9-1.0:10-1.0:18612-1.0:35347-2:35348-0:35349-70000.0:35350-1000.0:35351-300000.0:35352-100.0,32.5
0-1.0:2-1.0:3-1.0:4-1.0:5-1.0:6-1.0:7-1.0:8-1.0:9-1.0:10-1.0:18612-1.0:35347-2:35348-0:35349-70000.0:35350-1000.0:35351-300000.0:35352-150.0,31.28
0-1.0:2-1.0:3-1.0:4-1.0:5-1.0:6-1.0:7-1.0:8-1.0:9-1.0:10-1.0:18612-1.0:35347-2:35348-0:35349-70000.0:35350-1000.0:35351-300000.0:35352-500.0,22.23
0-1.0:2-1.0:3-1.0:4-1.0:5-1.0:6-1.0:7-1.0:8-1.0:9-1.0:10-1.0:18612-1.0:35347-2:35348-0:35349-70000.0:35350-1000.0:35351-300000.0:35352-750.0,20.92
0-1.0:2-1.0:3-1.0:4-1.0:5-1.0:6-1.0:7-1.0:8-1.0:9-1.0:10-1.0:18612-1.0:35347-2:35348-0:35349-70000.0:35350-1000.0:35351-300000.0:35352-1000.0,19.82
0-1.0:1-1.0:2-1.0:3-1.0:4-1.0:5-1.0:6-1.0:7-1.0:8-1.0:9-1.0:10-1.0:35347-2:35348-0:35349-70000.0:35350-1000.0:35351-300000.0:35352-1500.0,20.33
0-1.0:2-1.0:3-1.0:4-1.0:5-1.0:6-1.0:7-1.0:8-1.0:9-1.0:10-1.0:18612-1.0:35347-2:35348-0:35349-70000.0:35350-1000.0:35351-300000.0:35352-2500.0,22.62
0-1.0:2-1.0:3-1.0:4-1.0:5-1.0:6-1.0:7-1.0:8-1.0:9-1.0:10-1.0:18612-1.0:35347-2:35348-0:35349-70000.0:35350-1000.0:35351-300000.0:35352-5000.0,19.2
0-1.0:2-1.0:3-1.0:4-1.0:5-1.0:6-1.0:7-1.0:8-1.0:9-1.0:10-1.0:18612-1.0:35347-2:35348-0:35349-70000.0:35350-1000.0:35351-500000.0:35352-150.0,41.1
0-1.0:2-1.0:3-1.0:4-1.0:5-1.0:6-1.0:7-1.0:8-1.0:9-1.0:10-1.0:18612-1.0:35347-2:35348-0:35349-70000.0:35350-1000.0:35351-500000.0:35352-250.0,31.38
0-1.0:2-1.0:3-1.0:4-1.0:5-1.0:6-1.0:7-1.0:8-1.0:9-1.0:10-1.0:18612-1.0:35347-2:35348-0:35349-70000.0:35350-1000.0:35351-500000.0:35352-500.0,23.9
0-1.0:1-1.0:2-1.0:3-1.0:4-1.0:5-1.0:6-1.0:7-1.0:8-1.0:9-1.0:10-1.0:35347-2:35348-0:35349-70000.0:35350-1000.0:35351-500000.0:35352-750.0,24.68
0-1.0:1-1.0:2-1.0:3-1.0:4-1.0:5-1.0:6-1.0:7-1.0:8-1.0:9-1.0:10-1.0:35347-2:35348-0:35349-70000.0:35350-1000.0:35351-500000.0:35352-1500.0,22.0
0-1.0:2-1.0:3-1.0:4-1.0:5-1.0:6-1.0:7-1.0:8-1.0:9-1.0:10-1.0:18612-1.0:35347-2:35348-0:35349-70000.0:35350-1000.0:35351-500000.0:35352-2500.0,21.98
0-1.0:2-1.0:3-1.0:4-1.0:5-1.0:6-1.0:7-1.0:8-1.0:9-1.0:10-1.0:18612-1.0:35347-2:35348-0:35349-70000.0:35350-1000.0:35351-500000.0:35352-5000.0,15.79
0-1.0:2-1.0:3-1.0:4-1.0:5-1.0:6-1.0:7-1.0:8-1.0:9-1.0:10-1.0:18612-1.0:35347-2:35348-0:35349-70000.0:35350-2000.0:35351-100000.0:35352-250.0,28.26
0-1.0:2-1.0:3-1.0:4-1.0:5-1.0:6-1.0:7-1.0:8-1.0:9-1.0:10-1.0:18612-1.0:35347-2:35348-0:35349-70000.0:35350-2000.0:35351-100000.0:35352-500.0,23.13
0-1.0:2-1.0:3-1.0:4-1.0:5-1.0:6-1.0:7-1.0:8-1.0:9-1.0:10-1.0:18612-1.0:35347-2:35348-0:35349-70000.0:35350-2000.0:35351-100000.0:35352-750.0,19.09
0-1.0:2-1.0:3-1.0:4-1.0:5-1.0:6-1.0:7-1.0:8-1.0:9-1.0:10-1.0:18612-1.0:35347-2:35348-0:35349-70000.0:35350-2000.0:35351-100000.0:35352-1000.0,22.63
0-1.0:2-1.0:3-1.0:4-1.0:5-1.0:6-1.0:7-1.0:8-1.0:9-1.0:10-1.0:18612-1.0:35347-2:35348-0:35349-70000.0:35350-2000.0:35351-100000.0:35352-1500.0,33.15
0-1.0:2-1.0:3-1.0:4-1.0:5-1.0:6-1.0:7-1.0:8-1.0:9-1.0:10-1.0:18612-1.0:35347-2:35348-0:35349-70000.0:35350-2000.0:35351-100000.0:35352-2500.0,29.2
0-1.0:1-1.0:2-1.0:3-1.0:4-1.0:5-1.0:6-1.0:7-1.0:8-1.0:9-1.0:10-1.0:35347-2:35348-0:35349-70000.0:35350-2000.0:35351-300000.0:35352-100.0,63.25
0-1.0:2-1.0:3-1.0:4-1.0:5-1.0:6-1.0:7-1.0:8-1.0:9-1.0:10-1.0:18612-1.0:35347-2:35348-0:35349-70000.0:35350-2000.0:35351-300000.0:35352-150.0,29.2
0-1.0:2-1.0:3-1.0:4-1.0:5-1.0:6-1.0:7-1.0:8-1.0:9-1.0:10-1.0:18612-1.0:35347-2:35348-0:35349-70000.0:35350-2000.0:35351-300000.0:35352-250.0,33.45
0-1.0:2-1.0:3-1.0:4-1.0:5-1.0:6-1.0:7-1.0:8-1.0:9-1.0:10-1.0:18612-1.0:35347-2:35348-0:35349-70000.0:35350-2000.0:35351-300000.0:35352-500.0,22.93
0-1.0:2-1.0:3-1.0:4-1.0:5-1.0:6-1.0:7-1.0:8-1.0:9-1.0:10-1.0:18612-1.0:35347-2:35348-0:35349-70000.0:35350-2000.0:35351-300000.0:35352-1000.0,20.07
0-1.0:2-1.0:3-1.0:4-1.0:5-1.0:6-1.0:7-1.0:8-1.0:9-1.0:10-1.0:18612-1.0:35347-2:35348-0:35349-70000.0:35350-2000.0:35351-300000.0:35352-1500.0,20.58
0-1.0:2-1.0:3-1.0:4-1.0:5-1.0:6-1.0:7-1.0:8-1.0:9-1.0:10-1.0:18612-1.0:35347-2:35348-0:35349-70000.0:35350-2000.0:35351-300000.0:35352-2500.0,19.11
0-1.0:2-1.0:3-1.0:4-1.0:5-1.0:6-1.0:7-1.0:8-1.0:9-1.0:10-1.0:18612-1.0:35347-2:35348-0:35349-70000.0:35350-2000.0:35351-300000.0:35352-5000.0,15.72
0-1.0:2-1.0:3-1.0:4-1.0:5-1.0:6-1.0:7-1.0:8-1.0:9-1.0:10-1.0:18612-1.0:35347-2:35348-0:35349-70000.0:35350-2000.0:35351-500000.0:35352-100.0,64.92
0-1.0:2-1.0:3-1.0:4-1.0:5-1.0:6-1.0:7-1.0:8-1.0:9-1.0:10-1.0:18612-1.0:35347-2:35348-0:35349-70000.0:35350-2000.0:35351-500000.0:35352-150.0,37.61
0-1.0:2-1.0:3-1.0:4-1.0:5-1.0:6-1.0:7-1.0:8-1.0:9-1.0:10-1.0:18612-1.0:35347-2:35348-0:35349-70000.0:35350-2000.0:35351-500000.0:35352-250.0,47.86
0-1.0:2-1.0:3-1.0:4-1.0:5-1.0:6-1.0:7-1.0:8-1.0:9-1.0:10-1.0:18612-1.0:35347-2:35348-0:35349-70000.0:35350-2000.0:35351-500000.0:35352-1500.0,20.43
0-1.0:2-1.0:3-1.0:4-1.0:5-1.0:6-1.0:7-1.0:8-1.0:9-1.0:10-1.0:18612-1.0:35347-2:35348-0:35349-70000.0:35350-2000.0:35351-500000.0:35352-2500.0,22.49
0-1.0:2-1.0:3-1.0:4-1.0:5-1.0:6-1.0:7-1.0:8-1.0:9-1.0:10-1.0:18612-1.0:35347-2:35348-0:35349-70000.0:35350-2000.0:35351-500000.0:35352-5000.0,17.38
0-1.0:2-1.0:3-1.0:4-1.0:5-1.0:6-1.0:7-1.0:8-1.0:9-1.0:10-1.0:18612-1.0:35347-5:35348-0:35349-8000.0:35350-2000.0:35351-100000.0:35352-2500.0,10.83
0-1.0:2-1.0:3-1.0:4-1.0:5-1.0:6-1.0:7-1.0:8-1.0:9-1.0:10-1.0:18612-1.0:35347-5:35348-0:35349-8000.0:35350-2000.0:35351-100000.0:35352-5000.0,10.83
0-1.0:2-1.0:3-1.0:4-1.0:5-1.0:6-1.0:7-1.0:8-1.0:9-1.0:10-1.0:18612-1.0:35347-5:35348-0:35349-8000.0:35350-2000.0:35351-300000.0:35352-100.0,17.18
0-1.0:2-1.0:3-1.0:4-1.0:5-1.0:6-1.0:7-1.0:8-1.0:9-1.0:10-1.0:18612-1.0:35347-5:35348-0:35349-8000.0:35350-2000.0:35351-300000.0:35352-150.0,17.34
0-1.0:2-1.0:3-1.0:4-1.0:5-1.0:6-1.0:7-1.0:8-1.0:9-1.0:10-1.0:18612-1.0:35347-5:35348-0:35349-8000.0:35350-2000.0:35351-300000.0:35352-250.0,13.59
0-1.0:1-1.0:2-1.0:3-1.0:4-1.0:5-1.0:6-1.0:7-1.0:8-1.0:9-1.0:10-1.0:35347-5:35348-0:35349-8000.0:35350-2000.0:35351-300000.0:35352-500.0,13.84
0-1.0:2-1.0:3-1.0:4-1.0:5-1.0:6-1.0:7-1.0:8-1.0:9-1.0:10-1.0:18612-1.0:35347-5:35348-0:35349-8000.0:35350-2000.0:35351-300000.0:35352-750.0,13.09
0-1.0:2-1.0:3-1.0:4-1.0:5-1.0:6-1.0:7-1.0:8-1.0:9-1.0:10-1.0:18612-1.0:35347-5:35348-0:35349-8000.0:35350-2000.0:35351-300000.0:35352-1000.0,15.29
0-1.0:1-1.0:2-1.0:3-1.0:4-1.0:5-1.0:6-1.0:7-1.0:8-1.0:9-1.0:10-1.0:35347-5:35348-0:35349-8000.0:35350-2000.0:35351-300000.0:35352-1500.0,11.71
0-1.0:2-1.0:3-1.0:4-1.0:5-1.0:6-1.0:7-1.0:8-1.0:9-1.0:10-1.0:18612-1.0:35347-5:35348-0:35349-8000.0:35350-2000.0:35351-300000.0:35352-2500.0,17.19
0-1.0:2-1.0:3-1.0:4-1.0:5-1.0:6-1.0:7-1.0:8-1.0:9-1.0:10-1.0:18612-1.0:35347-5:35348-0:35349-8000.0:35350-2000.0:35351-300000.0:35352-5000.0,10.83
0-1.0:2-1.0:3-1.0:4-1.0:5-1.0:6-1.0:7-1.0:8-1.0:9-1.0:10-1.0:18612-1.0:35347-5:35348-0:35349-8000.0:35350-2000.0:35351-500000.0:35352-100.0,23.0
0-1.0:2-1.0:3-1.0:4-1.0:5-1.0:6-1.0:7-1.0:8-1.0:9-1.0:10-1.0:18612-1.0:35347-5:35348-0:35349-8000.0:35350-2000.0:35351-500000.0:35352-150.0,17.81
0-1.0:2-1.0:3-1.0:4-1.0:5-1.0:6-1.0:7-1.0:8-1.0:9-1.0:10-1.0:18612-1.0:35347-5:35348-0:35349-8000.0:35350-2000.0:35351-500000.0:35352-250.0,26.51
0-1.0:2-1.0:3-1.0:4-1.0:5-1.0:6-1.0:7-1.0:8-1.0:9-1.0:10-1.0:18612-1.0:35347-5:35348-0:35349-8000.0:35350-2000.0:35351-500000.0:35352-500.0,14.36
0-1.0:2-1.0:3-1.0:4-1.0:5-1.0:6-1.0:7-1.0:8-1.0:9-1.0:10-1.0:18612-1.0:35347-5:35348-0:35349-8000.0:35350-2000.0:35351-500000.0:35352-750.0,14.22
0-1.0:2-1.0:3-1.0:4-1.0:5-1.0:6-1.0:7-1.0:8-1.0:9-1.0:10-1.0:18612-1.0:35347-5:35348-0:35349-8000.0:35350-2000.0:35351-500000.0:35352-1000.0,14.13
0-1.0:2-1.0:3-1.0:4-1.0:5-1.0:6-1.0:7-1.0:8-1.0:9-1.0:10-1.0:18612-1.0:35347-5:35348-0:35349-8000.0:35350-2000.0:35351-500000.0:35352-1500.0,13.38
0-1.0:2-1.0:3-1.0:4-1.0:5-1.0:6-1.0:7-1.0:8-1.0:9-1.0:10-1.0:18612-1.0:35347-5:35348-0:35349-8000.0:35350-2000.0:35351-500000.0:35352-2500.0,11.59
0-1.0:2-1.0:3-1.0:4-1.0:5-1.0:6-1.0:7-1.0:8-1.0:9-1.0:10-1.0:18612-1.0:35347-5:35348-0:35349-8000.0:35350-2000.0:35351-500000.0:35352-5000.0,11.92
0-1.0:2-1.0:3-1.0:4-1.0:5-1.0:6-1.0:7-1.0:8-1.0:9-1.0:10-1.0:18612-1.0:35347-5:35348-0:35349-12000.0:35350-1000.0:35351-100000.0:35352-100.0,14.07
0-1.0:2-1.0:3-1.0:4-1.0:5-1.0:6-1.0:7-1.0:8-1.0:9-1.0:10-1.0:18612-1.0:35347-5:35348-0:35349-12000.0:35350-1000.0:35351-100000.0:35352-150.0,17.28
0-1.0:2-1.0:3-1.0:4-1.0:5-1.0:6-1.0:7-1.0:8-1.0:9-1.0:10-1.0:18612-1.0:35347-5:35348-0:35349-12000.0:35350-1000.0:35351-100000.0:35352-250.0,12.51
0-1.0:2-1.0:3-1.0:4-1.0:5-1.0:6-1.0:7-1.0:8-1.0:9-1.0:10-1.0:18612-1.0:35347-5:35348-0:35349-12000.0:35350-1000.0:35351-100000.0:35352-500.0,11.51
0-1.0:1-1.0:2-1.0:3-1.0:4-1.0:5-1.0:6-1.0:7-1.0:8-1.0:9-1.0:10-1.0:35347-5:35348-0:35349-12000.0:35350-1000.0:35351-100000.0:35352-750.0,12.18
0-1.0:2-1.0:3-1.0:4-1.0:5-1.0:6-1.0:7-1.0:8-1.0:9-1.0:10-1.0:18612-1.0:35347-5:35348-0:35349-12000.0:35350-1000.0:35351-100000.0:35352-1500.0,10.83
0-1.0:2-1.0:3-1.0:4-1.0:5-1.0:6-1.0:7-1.0:8-1.0:9-1.0:10-1.0:18612-1.0:35347-5:35348-0:35349-12000.0:35350-1000.0:35351-100000.0:35352-2500.0,10.83
0-1.0:2-1.0:3-1.0:4-1.0:5-1.0:6-1.0:7-1.0:8-1.0:9-1.0:10-1.0:18612-1.0:35347-5:35348-0:35349-12000.0:35350-1000.0:35351-100000.0:35352-5000.0,10.83
0-1.0:2-1.0:3-1.0:4-1.0:5-1.0:6-1.0:7-1.0:8-1.0:9-1.0:10-1.0:18612-1.0:35347-5:35348-0:35349-12000.0:35350-1000.0:35351-300000.0:35352-100.0,16.47
0-1.0:2-1.0:3-1.0:4-1.0:5-1.0:6-1.0:7-1.0:8-1.0:9-1.0:10-1.0:18612-1.0:35347-5:35348-0:35349-12000.0:35350-1000.0:35351-300000.0:35352-150.0,16.34
0-1.0:2-1.0:3-1.0:4-1.0:5-1.0:6-1.0:7-1.0:8-1.0:9-1.0:10-1.0:18612-1.0:35347-5:35348-0:35349-12000.0:35350-1000.0:35351-300000.0:35352-250.0,16.25
0-1.0:2-1.0:3-1.0:4-1.0:5-1.0:6-1.0:7-1.0:8-1.0:9-1.0:10-1.0:18612-1.0:35347-5:35348-0:35349-12000.0:35350-1000.0:35351-300000.0:35352-500.0,12.44
0-1.0:2-1.0:3-1.0:4-1.0:5-1.0:6-1.0:7-1.0:8-1.0:9-1.0:10-1.0:18612-1.0:35347-5:35348-0:35349-12000.0:35350-1000.0:35351-300000.0:35352-750.0,11.98
0-1.0:2-1.0:3-1.0:4-1.0:5-1.0:6-1.0:7-1.0:8-1.0:9-1.0:10-1.0:18612-1.0:35347-5:35348-0:35349-12000.0:35350-1000.0:35351-300000.0:35352-1000.0,14.4
0-1.0:2-1.0:3-1.0:4-1.0:5-1.0:6-1.0:7-1.0:8-1.0:9-1.0:10-1.0:18612-1.0:35347-5:35348-0:35349-12000.0:35350-1000.0:35351-300000.0:35352-1500.0,11.46
0-1.0:2-1.0:3-1.0:4-1.0:5-1.0:6-1.0:7-1.0:8-1.0:9-1.0:10-1.0:18612-1.0:35347-5:35348-0:35349-12000.0:35350-1000.0:35351-300000.0:35352-2500.0,12.65
0-1.0:2-1.0:3-1.0:4-1.0:5-1.0:6-1.0:7-1.0:8-1.0:9-1.0:10-1.0:18612-1.0:35347-5:35348-0:35349-12000.0:35350-1000.0:35351-300000.0:35352-5000.0,10.83
0-1.0:2-1.0:3-1.0:4-1.0:5-1.0:6-1.0:7-1.0:8-1.0:9-1.0:10-1.0:18612-1.0:35347-5:35348-0:35349-12000.0:35350-1000.0:35351-500000.0:35352-100.0,17.82
0-1.0:1-1.0:2-1.0:3-1.0:4-1.0:5-1.0:6-1.0:7-1.0:8-1.0:9-1.0:10-1.0:35347-5:35348-0:35349-12000.0:35350-1000.0:35351-500000.0:35352-150.0,33.77
0-1.0:2-1.0:3-1.0:4-1.0:5-1.0:6-1.0:7-1.0:8-1.0:9-1.0:10-1.0:18612-1.0:35347-5:35348-0:35349-12000.0:35350-1000.0:35351-500000.0:35352-250.0,19.75
0-1.0:2-1.0:3-1.0:4-1.0:5-1.0:6-1.0:7-1.0:8-1.0:9-1.0:10-1.0:18612-1.0:35347-5:35348-0:35349-12000.0:35350-1000.0:35351-500000.0:35352-500.0,17.0
0-1.0:2-1.0:3-1.0:4-1.0:5-1.0:6-1.0:7-1.0:8-1.0:9-1.0:10-1.0:18612-1.0:35347-5:35348-0:35349-12000.0:35350-1000.0:35351-500000.0:35352-750.0,13.43
0-1.0:1-1.0:2-1.0:3-1.0:4-1.0:5-1.0:6-1.0:7-1.0:8-1.0:9-1.0:10-1.0:35347-5:35348-0:35349-12000.0:35350-1000.0:35351-500000.0:35352-1000.0,13.88
0-1.0:2-1.0:3-1.0:4-1.0:5-1.0:6-1.0:7-1.0:8-1.0:9-1.0:10-1.0:18612-1.0:35347-5:35348-0:35349-12000.0:35350-1000.0:35351-500000.0:35352-1500.0,13.13
0-1.0:2-1.0:3-1.0:4-1.0:5-1.0:6-1.0:7-1.0:8-1.0:9-1.0:10-1.0:18612-1.0:35347-5:35348-0:35349-12000.0:35350-1000.0:35351-500000.0:35352-2500.0,13.26
0-1.0:2-1.0:3-1.0:4-1.0:5-1.0:6-1.0:7-1.0:8-1.0:9-1.0:10-1.0:18612-1.0:35347-5:35348-0:35349-12000.0:35350-1000.0:35351-500000.0:35352-5000.0,10.83
0-1.0:2-1.0:3-1.0:4-1.0:5-1.0:6-1.0:7-1.0:8-1.0:9-1.0:10-1.0:18612-1.0:35347-5:35348-0:35349-12000.0:35350-2000.0:35351-100000.0:35352-100.0,14.32
0-1.0:2-1.0:3-1.0:4-1.0:5-1.0:6-1.0:7-1.0:8-1.0:9-1.0:10-1.0:18612-1.0:35347-5:35348-0:35349-12000.0:35350-2000.0:35351-100000.0:35352-150.0,15.26
0-1.0:2-1.0:3-1.0:4-1.0:5-1.0:6-1.0:7-1.0:8-1.0:9-1.0:10-1.0:18612-1.0:35347-5:35348-0:35349-12000.0:35350-2000.0:35351-100000.0:35352-250.0,12.76
0-1.0:2-1.0:3-1.0:4-1.0:5-1.0:6-1.0:7-1.0:8-1.0:9-1.0:10-1.0:18612-1.0:35347-5:35348-0:35349-12000.0:35350-2000.0:35351-100000.0:35352-500.0,10.83
0-1.0:2-1.0:3-1.0:4-1.0:5-1.0:6-1.0:7-1.0:8-1.0:9-1.0:10-1.0:18612-1.0:35347-5:35348-0:35349-12000.0:35350-2000.0:35351-100000.0:35352-750.0,10.83
0-1.0:2-1.0:3-1.0:4-1.0:5-1.0:6-1.0:7-1.0:8-1.0:9-1.0:10-1.0:18612-1.0:35347-5:35348-0:35349-12000.0:35350-2000.0:35351-100000.0:35352-1000.0,10.83
0-1.0:2-1.0:3-1.0:4-1.0:5-1.0:6-1.0:7-1.0:8-1.0:9-1.0:10-1.0:18612-1.0:35347-5:35348-0:35349-12000.0:35350-2000.0:35351-100000.0:35352-1500.0,10.83
0-1.0:2-1.0:3-1.0:4-1.0:5-1.0:6-1.0:7-1.0:8-1.0:9-1.0:10-1.0:18612-1.0:35347-5:35348-0:35349-12000.0:35350-2000.0:35351-100000.0:35352-2500.0,10.83
0-1.0:2-1.0:3-1.0:4-1.0:5-1.0:6-1.0:7-1.0:8-1.0:9-1.0:10-1.0:18612-1.0:35347-5:35348-0:35349-12000.0:35350-2000.0:35351-100000.0:35352-5000.0,10.83
0-1.0:2-1.0:3-1.0:4-1.0:5-1.0:6-1.0:7-1.0:8-1.0:9-1.0:10-1.0:18612-1.0:35347-5:35348-0:35349-12000.0:35350-2000.0:35351-300000.0:35352-100.0,22.34
0-1.0:1-1.0:2-1.0:3-1.0:4-1.0:5-1.0:6-1.0:7-1.0:8-1.0:9-1.0:10-1.0:35347-5:35348-0:35349-12000.0:35350-2000.0:35351-300000.0:35352-150.0,21.54
0-1.0:2-1.0:3-1.0:4-1.0:5-1.0:6-1.0:7-1.0:8-1.0:9-1.0:10-1.0:18612-1.0:35347-5:35348-0:35349-12000.0:35350-2000.0:35351-300000.0:35352-250.0,16.74
0-1.0:2-1.0:3-1.0:4-1.0:5-1.0:6-1.0:7-1.0:8-1.0:9-1.0:10-1.0:18612-1.0:35347-5:35348-0:35349-12000.0:35350-2000.0:35351-300000.0:35352-500.0,13.84
0-1.0:2-1.0:3-1.0:4-1.0:5-1.0:6-1.0:7-1.0:8-1.0:9-1.0:10-1.0:18612-1.0:35347-5:35348-0:35349-12000.0:35350-2000.0:35351-300000.0:35352-750.0,12.01
0-1.0:2-1.0:3-1.0:4-1.0:5-1.0:6-1.0:7-1.0:8-1.0:9-1.0:10-1.0:18612-1.0:35347-5:35348-0:35349-12000.0:35350-2000.0:35351-300000.0:35352-1000.0,11.65
0-1.0:2-1.0:3-1.0:4-1.0:5-1.0:6-1.0:7-1.0:8-1.0:9-1.0:10-1.0:18612-1.0:35347-5:35348-0:35349-12000.0:35350-2000.0:35351-300000.0:35352-1500.0,11.71
0-1.0:2-1.0:3-1.0:4-1.0:5-1.0:6-1.0:7-1.0:8-1.0:9-1.0:10-1.0:18612-1.0:35347-5:35348-0:35349-12000.0:35350-2000.0:35351-300000.0:35352-2500.0,10.83
0-1.0:2-1.0:3-1.0:4-1.0:5-1.0:6-1.0:7-1.0:8-1.0:9-1.0:10-1.0:18612-1.0:35347-5:35348-0:35349-12000.0:35350-2000.0:35351-300000.0:35352-5000.0,10.83
0-1.0:2-1.0:3-1.0:4-1.0:5-1.0:6-1.0:7-1.0:8-1.0:9-1.0:10-1.0:18612-1.0:35347-5:35348-0:35349-12000.0:35350-2000.0:35351-500000.0:35352-100.0,18.07
0-1.0:2-1.0:3-1.0:4-1.0:5-1.0:6-1.0:7-1.0:8-1.0:9-1.0:10-1.0:18612-1.0:35347-5:35348-0:35349-12000.0:35350-2000.0:35351-500000.0:35352-150.0,17.51
0-1.0:2-1.0:3-1.0:4-1.0:5-1.0:6-1.0:7-1.0:8-1.0:9-1.0:10-1.0:18612-1.0:35347-5:35348-0:35349-12000.0:35350-2000.0:35351-500000.0:35352-250.0,15.88
0-1.0:2-1.0:3-1.0:4-1.0:5-1.0:6-1.0:7-1.0:8-1.0:9-1.0:10-1.0:18612-1.0:35347-5:35348-0:35349-12000.0:35350-2000.0:35351-500000.0:35352-500.0,15.51
0-1.0:2-1.0:3-1.0:4-1.0:5-1.0:6-1.0:7-1.0:8-1.0:9-1.0:10-1.0:18612-1.0:35347-5:35348-0:35349-12000.0:35350-2000.0:35351-500000.0:35352-750.0,23.79
0-1.0:2-1.0:3-1.0:4-1.0:5-1.0:6-1.0:7-1.0:8-1.0:9-1.0:10-1.0:18612-1.0:35347-5:35348-0:35349-12000.0:35350-2000.0:35351-500000.0:35352-1000.0,13.62
0-1.0:2-1.0:3-1.0:4-1.0:5-1.0:6-1.0:7-1.0:8-1.0:9-1.0:10-1.0:18612-1.0:35347-5:35348-0:35349-12000.0:35350-2000.0:35351-500000.0:35352-1500.0,16.0
0-1.0:1-1.0:2-1.0:3-1.0:4-1.0:5-1.0:6-1.0:7-1.0:8-1.0:9-1.0:10-1.0:35347-5:35348-0:35349-12000.0:35350-2000.0:35351-500000.0:35352-2500.0,12.25
0-1.0:2-1.0:3-1.0:4-1.0:5-1.0:6-1.0:7-1.0:8-1.0:9-1.0:10-1.0:18612-1.0:35347-5:35348-0:35349-12000.0:35350-2000.0:35351-500000.0:35352-5000.0,10.88
0-1.0:2-1.0:3-1.0:4-1.0:5-1.0:6-1.0:7-1.0:8-1.0:9-1.0:10-1.0:18612-1.0:35347-5:35348-0:35349-16000.0:35350-1000.0:35351-100000.0:35352-100.0,18.28
0-1.0:2-1.0:3-1.0:4-1.0:5-1.0:6-1.0:7-1.0:8-1.0:9-1.0:10-1.0:18612-1.0:35347-5:35348-0:35349-16000.0:35350-1000.0:35351-100000.0:35352-150.0,15.23
0-1.0:2-1.0:3-1.0:4-1.0:5-1.0:6-1.0:7-1.0:8-1.0:9-1.0:10-1.0:18612-1.0:35347-5:35348-0:35349-16000.0:35350-1000.0:35351-100000.0:35352-250.0,14.62
0-1.0:2-1.0:3-1.0:4-1.0:5-1.0:6-1.0:7-1.0:8-1.0:9-1.0:10-1.0:18612-1.0:35347-5:35348-0:35349-16000.0:35350-1000.0:35351-100000.0:35352-500.0,10.83
0-1.0:2-1.0:3-1.0:4-1.0:5-1.0:6-1.0:7-1.0:8-1.0:9-1.0:10-1.0:18612-1.0:35347-5:35348-0:35349-16000.0:35350-1000.0:35351-100000.0:35352-750.0,10.83
0-1.0:2-1.0:3-1.0:4-1.0:5-1.0:6-1.0:7-1.0:8-1.0:9-1.0:10-1.0:18612-1.0:35347-5:35348-0:35349-16000.0:35350-1000.0:35351-100000.0:35352-1500.0,10.97
0-1.0:2-1.0:3-1.0:4-1.0:5-1.0:6-1.0:7-1.0:8-1.0:9-1.0:10-1.0:18612-1.0:35347-5:35348-0:35349-16000.0:35350-1000.0:35351-100000.0:35352-2500.0,10.83
0-1.0:2-1.0:3-1.0:4-1.0:5-1.0:6-1.0:7-1.0:8-1.0:9-1.0:10-1.0:18612-1.0:35347-5:35348-0:35349-16000.0:35350-1000.0:35351-100000.0:35352-5000.0,10.83
0-1.0:1-1.0:2-1.0:3-1.0:4-1.0:5-1.0:6-1.0:7-1.0:8-1.0:9-1.0:10-1.0:35347-5:35348-0:35349-16000.0:35350-1000.0:35351-300000.0:35352-100.0,22.39
0-1.0:2-1.0:3-1.0:4-1.0:5-1.0:6-1.0:7-1.0:8-1.0:9-1.0:10-1.0:18612-1.0:35347-5:35348-0:35349-16000.0:35350-1000.0:35351-300000.0:35352-150.0,17.31
0-1.0:2-1.0:3-1.0:4-1.0:5-1.0:6-1.0:7-1.0:8-1.0:9-1.0:10-1.0:18612-1.0:35347-5:35348-0:35349-16000.0:35350-1000.0:35351-300000.0:35352-250.0,16.43
0-1.0:2-1.0:3-1.0:4-1.0:5-1.0:6-1.0:7-1.0:8-1.0:9-1.0:10-1.0:18612-1.0:35347-5:35348-0:35349-16000.0:35350-1000.0:35351-300000.0:35352-500.0,13.76
0-1.0:2-1.0:3-1.0:4-1.0:5-1.0:6-1.0:7-1.0:8-1.0:9-1.0:10-1.0:18612-1.0:35347-5:35348-0:35349-16000.0:35350-1000.0:35351-300000.0:35352-750.0,14.66
0-1.0:2-1.0:3-1.0:4-1.0:5-1.0:6-1.0:7-1.0:8-1.0:9-1.0:10-1.0:18612-1.0:35347-5:35348-0:35349-16000.0:35350-1000.0:35351-300000.0:35352-1000.0,15.24
0-1.0:2-1.0:3-1.0:4-1.0:5-1.0:6-1.0:7-1.0:8-1.0:9-1.0:10-1.0:18612-1.0:35347-5:35348-0:35349-16000.0:35350-1000.0:35351-300000.0:35352-1500.0,13.29
0-1.0:2-1.0:3-1.0:4-1.0:5-1.0:6-1.0:7-1.0:8-1.0:9-1.0:10-1.0:18612-1.0:35347-5:35348-0:35349-16000.0:35350-1000.0:35351-300000.0:35352-2500.0,10.83
0-1.0:2-1.0:3-1.0:4-1.0:5-1.0:6-1.0:7-1.0:8-1.0:9-1.0:10-1.0:18612-1.0:35347-5:35348-0:35349-16000.0:35350-1000.0:35351-300000.0:35352-5000.0,10.83
0-1.0:2-1.0:3-1.0:4-1.0:5-1.0:6-1.0:7-1.0:8-1.0:9-1.0:10-1.0:18612-1.0:35347-5:35348-0:35349-16000.0:35350-1000.0:35351-500000.0:35352-100.0,19.89
0-1.0:2-1.0:3-1.0:4-1.0:5-1.0:6-1.0:7-1.0:8-1.0:9-1.0:10-1.0:18612-1.0:35347-5:35348-0:35349-16000.0:35350-1000.0:35351-500000.0:35352-150.0,18.22
0-1.0:2-1.0:3-1.0:4-1.0:5-1.0:6-1.0:7-1.0:8-1.0:9-1.0:10-1.0:18612-1.0:35347-5:35348-0:35349-16000.0:35350-1000.0:35351-500000.0:35352-500.0,14.26
0-1.0:2-1.0:3-1.0:4-1.0:5-1.0:6-1.0:7-1.0:8-1.0:9-1.0:10-1.0:18612-1.0:35347-5:35348-0:35349-16000.0:35350-1000.0:35351-500000.0:35352-750.0,17.02
0-1.0:2-1.0:3-1.0:4-1.0:5-1.0:6-1.0:7-1.0:8-1.0:9-1.0:10-1.0:18612-1.0:35347-5:35348-0:35349-16000.0:35350-1000.0:35351-500000.0:35352-1000.0,14.03
0-1.0:2-1.0:3-1.0:4-1.0:5-1.0:6-1.0:7-1.0:8-1.0:9-1.0:10-1.0:18612-1.0:35347-5:35348-0:35349-16000.0:35350-1000.0:35351-500000.0:35352-1500.0,13.97
0-1.0:2-1.0:3-1.0:4-1.0:5-1.0:6-1.0:7-1.0:8-1.0:9-1.0:10-1.0:18612-1.0:35347-5:35348-0:35349-16000.0:35350-1000.0:35351-500000.0:35352-5000.0,10.83
0-1.0:2-1.0:3-1.0:4-1.0:5-1.0:6-1.0:7-1.0:8-1.0:9-1.0:10-1.0:18612-1.0:35347-5:35348-0:35349-16000.0:35350-2000.0:35351-100000.0:35352-100.0,15.32
0-1.0:2-1.0:3-1.0:4-1.0:5-1.0:6-1.0:7-1.0:8-1.0:9-1.0:10-1.0:18612-1.0:35347-5:35348-0:35349-16000.0:35350-2000.0:35351-100000.0:35352-150.0,15.48
0-1.0:2-1.0:3-1.0:4-1.0:5-1.0:6-1.0:7-1.0:8-1.0:9-1.0:10-1.0:18612-1.0:35347-5:35348-0:35349-16000.0:35350-2000.0:35351-100000.0:35352-250.0,12.31
0-1.0:2-1.0:3-1.0:4-1.0:5-1.0:6-1.0:7-1.0:8-1.0:9-1.0:10-1.0:18612-1.0:35347-5:35348-0:35349-16000.0:35350-2000.0:35351-100000.0:35352-500.0,11.93
0-1.0:2-1.0:3-1.0:4-1.0:5-1.0:6-1.0:7-1.0:8-1.0:9-1.0:10-1.0:18612-1.0:35347-5:35348-0:35349-16000.0:35350-2000.0:35351-100000.0:35352-750.0,11.16
0-1.0:2-1.0:3-1.0:4-1.0:5-1.0:6-1.0:7-1.0:8-1.0:9-1.0:10-1.0:18612-1.0:35347-5:35348-0:35349-16000.0:35350-2000.0:35351-100000.0:35352-1000.0,10.83
0-1.0:2-1.0:3-1.0:4-1.0:5-1.0:6-1.0:7-1.0:8-1.0:9-1.0:10-1.0:18612-1.0:35347-5:35348-0:35349-16000.0:35350-2000.0:35351-100000.0:35352-1500.0,10.83
0-1.0:2-1.0:3-1.0:4-1.0:5-1.0:6-1.0:7-1.0:8-1.0:9-1.0:10-1.0:18612-1.0:35347-5:35348-0:35349-16000.0:35350-2000.0:35351-100000.0:35352-2500.0,10.83
0-1.0:1-1.0:2-1.0:3-1.0:4-1.0:5-1.0:6-1.0:7-1.0:8-1.0:9-1.0:10-1.0:35347-5:35348-0:35349-16000.0:35350-2000.0:35351-100000.0:35352-5000.0,10.83
0-1.0:1-1.0:2-1.0:3-1.0:4-1.0:5-1.0:6-1.0:7-1.0:8-1.0:9-1.0:10-1.0:35347-5:35348-0:35349-16000.0:35350-2000.0:35351-300000.0:35352-100.0,22.64
0-1.0:2-1.0:3-1.0:4-1.0:5-1.0:6-1.0:7-1.0:8-1.0:9-1.0:10-1.0:18612-1.0:35347-5:35348-0:35349-16000.0:35350-2000.0:35351-300000.0:35352-150.0,31.27
0-1.0:2-1.0:3-1.0:4-1.0:5-1.0:6-1.0:7-1.0:8-1.0:9-1.0:10-1.0:18612-1.0:35347-5:35348-0:35349-16000.0:35350-2000.0:35351-300000.0:35352-250.0,14.39
0-1.0:2-1.0:3-1.0:4-1.0:5-1.0:6-1.0:7-1.0:8-1.0:9-1.0:10-1.0:18612-1.0:35347-5:35348-0:35349-16000.0:35350-2000.0:35351-300000.0:35352-500.0,17.28
0-1.0:2-1.0:3-1.0:4-1.0:5-1.0:6-1.0:7-1.0:8-1.0:9-1.0:10-1.0:18612-1.0:35347-5:35348-0:35349-16000.0:35350-2000.0:35351-300000.0:35352-750.0,12.16
0-1.0:2-1.0:3-1.0:4-1.0:5-1.0:6-1.0:7-1.0:8-1.0:9-1.0:10-1.0:18612-1.0:35347-5:35348-0:35349-16000.0:35350-2000.0:35351-300000.0:35352-1000.0,14.84
0-1.0:2-1.0:3-1.0:4-1.0:5-1.0:6-1.0:7-1.0:8-1.0:9-1.0:10-1.0:18612-1.0:35347-5:35348-0:35349-16000.0:35350-2000.0:35351-300000.0:35352-1500.0,11.38
0-1.0:2-1.0:3-1.0:4-1.0:5-1.0:6-1.0:7-1.0:8-1.0:9-1.0:10-1.0:18612-1.0:35347-5:35348-0:35349-16000.0:35350-2000.0:35351-300000.0:35352-2500.0,10.83
0-1.0:2-1.0:3-1.0:4-1.0:5-1.0:6-1.0:7-1.0:8-1.0:9-1.0:10-1.0:18612-1.0:35347-5:35348-0:35349-16000.0:35350-2000.0:35351-500000.0:35352-100.0,18.28
0-1.0:2-1.0:3-1.0:4-1.0:5-1.0:6-1.0:7-1.0:8-1.0:9-1.0:10-1.0:18612-1.0:35347-5:35348-0:35349-16000.0:35350-2000.0:35351-500000.0:35352-250.0,15.42
0-1.0:2-1.0:3-1.0:4-1.0:5-1.0:6-1.0:7-1.0:8-1.0:9-1.0:10-1.0:18612-1.0:35347-5:35348-0:35349-16000.0:35350-2000.0:35351-500000.0:35352-500.0,14.51
0-1.0:1-1.0:2-1.0:3-1.0:4-1.0:5-1.0:6-1.0:7-1.0:8-1.0:9-1.0:10-1.0:35347-5:35348-0:35349-16000.0:35350-2000.0:35351-500000.0:35352-750.0,14.91
0-1.0:2-1.0:3-1.0:4-1.0:5-1.0:6-1.0:7-1.0:8-1.0:9-1.0:10-1.0:18612-1.0:35347-5:35348-0:35349-16000.0:35350-2000.0:35351-500000.0:35352-1500.0,12.57
0-1.0:2-1.0:3-1.0:4-1.0:5-1.0:6-1.0:7-1.0:8-1.0:9-1.0:10-1.0:18612-1.0:35347-5:35348-0:35349-16000.0:35350-2000.0:35351-500000.0:35352-2500.0,12.38
0-1.0:2-1.0:3-1.0:4-1.0:5-1.0:6-1.0:7-1.0:8-1.0:9-1.0:10-1.0:18612-1.0:35347-5:35348-0:35349-16000.0:35350-2000.0:35351-500000.0:35352-5000.0,17.96
0-1.0:1-1.0:2-1.0:3-1.0:4-1.0:5-1.0:6-1.0:7-1.0:8-1.0:9-1.0:10-1.0:35347-5:35348-0:35349-20000.0:35350-1000.0:35351-100000.0:35352-100.0,33.8
0-1.0:2-1.0:3-1.0:4-1.0:5-1.0:6-1.0:7-1.0:8-1.0:9-1.0:10-1.0:18612-1.0:35347-5:35348-0:35349-20000.0:35350-1000.0:35351-100000.0:35352-250.0,15.51
0-1.0:1-1.0:2-1.0:3-1.0:4-1.0:5-1.0:6-1.0:7-1.0:8-1.0:9-1.0:10-1.0:35347-5:35348-0:35349-20000.0:35350-1000.0:35351-100000.0:35352-5000.0,10.83
0-1.0:2-1.0:3-1.0:4-1.0:5-1.0:6-1.0:7-1.0:8-1.0:9-1.0:10-1.0:18612-1.0:35347-5:35348-0:35349-20000.0:35350-1000.0:35351-300000.0:35352-100.0,18.94
0-1.0:2-1.0:3-1.0:4-1.0:5-1.0:6-1.0:7-1.0:8-1.0:9-1.0:10-1.0:18612-1.0:35347-5:35348-0:35349-20000.0:35350-1000.0:35351-300000.0:35352-150.0,21.1
0-1.0:2-1.0:3-1.0:4-1.0:5-1.0:6-1.0:7-1.0:8-1.0:9-1.0:10-1.0:18612-1.0:35347-5:35348-0:35349-20000.0:35350-1000.0:35351-300000.0:35352-250.0,14.22
0-1.0:2-1.0:3-1.0:4-1.0:5-1.0:6-1.0:7-1.0:8-1.0:9-1.0:10-1.0:18612-1.0:35347-5:35348-0:35349-20000.0:35350-1000.0:35351-300000.0:35352-500.0,14.49
0-1.0:2-1.0:3-1.0:4-1.0:5-1.0:6-1.0:7-1.0:8-1.0:9-1.0:10-1.0:18612-1.0:35347-5:35348-0:35349-20000.0:35350-1000.0:35351-300000.0:35352-750.0,15.42
0-1.0:2-1.0:3-1.0:4-1.0:5-1.0:6-1.0:7-1.0:8-1.0:9-1.0:10-1.0:18612-1.0:35347-5:35348-0:35349-20000.0:35350-1000.0:35351-300000.0:35352-1500.0,11.19
0-1.0:2-1.0:3-1.0:4-1.0:5-1.0:6-1.0:7-1.0:8-1.0:9-1.0:10-1.0:18612-1.0:35347-5:35348-0:35349-20000.0:35350-1000.0:35351-500000.0:35352-100.0,23.13
0-1.0:2-1.0:3-1.0:4-1.0:5-1.0:6-1.0:7-1.0:8-1.0:9-1.0:10-1.0:18612-1.0:35347-5:35348-0:35349-20000.0:35350-1000.0:35351-500000.0:35352-150.0,18.32
0-1.0:2-1.0:3-1.0:4-1.0:5-1.0:6-1.0:7-1.0:8-1.0:9-1.0:10-1.0:18612-1.0:35347-5:35348-0:35349-20000.0:35350-1000.0:35351-500000.0:35352-250.0,28.08
0-1.0:2-1.0:3-1.0:4-1.0:5-1.0:6-1.0:7-1.0:8-1.0:9-1.0:10-1.0:18612-1.0:35347-5:35348-0:35349-20000.0:35350-1000.0:35351-500000.0:35352-500.0,16.16
0-1.0:2-1.0:3-1.0:4-1.0:5-1.0:6-1.0:7-1.0:8-1.0:9-1.0:10-1.0:18612-1.0:35347-5:35348-0:35349-20000.0:35350-1000.0:35351-500000.0:35352-750.0,14.77
0-1.0:2-1.0:3-1.0:4-1.0:5-1.0:6-1.0:7-1.0:8-1.0:9-1.0:10-1.0:18612-1.0:35347-5:35348-0:35349-20000.0:35350-1000.0:35351-500000.0:35352-1000.0,14.13
0-1.0:2-1.0:3-1.0:4-1.0:5-1.0:6-1.0:7-1.0:8-1.0:9-1.0:10-1.0:18612-1.0:35347-5:35348-0:35349-20000.0:35350-1000.0:35351-500000.0:35352-1500.0,13.87
0-1.0:2-1.0:3-1.0:4-1.0:5-1.0:6-1.0:7-1.0:8-1.0:9-1.0:10-1.0:18612-1.0:35347-5:35348-0:35349-20000.0:35350-1000.0:35351-500000.0:35352-2500.0,15.12
0-1.0:2-1.0:3-1.0:4-1.0:5-1.0:6-1.0:7-1.0:8-1.0:9-1.0:10-1.0:18612-1.0:35347-5:35348-0:35349-20000.0:35350-1000.0:35351-500000.0:35352-5000.0,11.17
0-1.0:2-1.0:3-1.0:4-1.0:5-1.0:6-1.0:7-1.0:8-1.0:9-1.0:10-1.0:18612-1.0:35347-5:35348-0:35349-20000.0:35350-2000.0:35351-100000.0:35352-100.0,21.79
0-1.0:2-1.0:3-1.0:4-1.0:5-1.0:6-1.0:7-1.0:8-1.0:9-1.0:10-1.0:18612-1.0:35347-5:35348-0:35349-20000.0:35350-2000.0:35351-100000.0:35352-150.0,19.27
0-1.0:2-1.0:3-1.0:4-1.0:5-1.0:6-1.0:7-1.0:8-1.0:9-1.0:10-1.0:18612-1.0:35347-5:35348-0:35349-20000.0:35350-2000.0:35351-100000.0:35352-500.0,11.42
0-1.0:2-1.0:3-1.0:4-1.0:5-1.0:6-1.0:7-1.0:8-1.0:9-1.0:10-1.0:18612-1.0:35347-5:35348-0:35349-20000.0:35350-2000.0:35351-100000.0:35352-750.0,10.92
0-1.0:2-1.0:3-1.0:4-1.0:5-1.0:6-1.0:7-1.0:8-1.0:9-1.0:10-1.0:18612-1.0:35347-5:35348-0:35349-20000.0:35350-2000.0:35351-100000.0:35352-1500.0,10.83
0-1.0:2-1.0:3-1.0:4-1.0:5-1.0:6-1.0:7-1.0:8-1.0:9-1.0:10-1.0:18612-1.0:35347-5:35348-0:35349-20000.0:35350-2000.0:35351-100000.0:35352-2500.0,10.83
0-1.0:2-1.0:3-1.0:4-1.0:5-1.0:6-1.0:7-1.0:8-1.0:9-1.0:10-1.0:18612-1.0:35347-5:35348-0:35349-20000.0:35350-2000.0:35351-300000.0:35352-150.0,17.22
0-1.0:2-1.0:3-1.0:4-1.0:5-1.0:6-1.0:7-1.0:8-1.0:9-1.0:10-1.0:18612-1.0:35347-5:35348-0:35349-20000.0:35350-2000.0:35351-300000.0:35352-250.0,14.47
0-1.0:2-1.0:3-1.0:4-1.0:5-1.0:6-1.0:7-1.0:8-1.0:9-1.0:10-1.0:18612-1.0:35347-5:35348-0:35349-20000.0:35350-2000.0:35351-300000.0:35352-500.0,13.5
0-1.0:2-1.0:3-1.0:4-1.0:5-1.0:6-1.0:7-1.0:8-1.0:9-1.0:10-1.0:18612-1.0:35347-5:35348-0:35349-20000.0:35350-2000.0:35351-300000.0:35352-750.0,12.77
0-1.0:2-1.0:3-1.0:4-1.0:5-1.0:6-1.0:7-1.0:8-1.0:9-1.0:10-1.0:18612-1.0:35347-5:35348-0:35349-20000.0:35350-2000.0:35351-300000.0:35352-1500.0,11.94
0-1.0:2-1.0:3-1.0:4-1.0:5-1.0:6-1.0:7-1.0:8-1.0:9-1.0:10-1.0:18612-1.0:35347-5:35348-0:35349-20000.0:35350-2000.0:35351-300000.0:35352-2500.0,11.24
0-1.0:2-1.0:3-1.0:4-1.0:5-1.0:6-1.0:7-1.0:8-1.0:9-1.0:10-1.0:18612-1.0:35347-5:35348-0:35349-20000.0:35350-2000.0:35351-300000.0:35352-5000.0,10.83
0-1.0:2-1.0:3-1.0:4-1.0:5-1.0:6-1.0:7-1.0:8-1.0:9-1.0:10-1.0:18612-1.0:35347-5:35348-0:35349-20000.0:35350-2000.0:35351-500000.0:35352-100.0,19.51
0-1.0:2-1.0:3-1.0:4-1.0:5-1.0:6-1.0:7-1.0:8-1.0:9-1.0:10-1.0:18612-1.0:35347-5:35348-0:35349-20000.0:35350-2000.0:35351-500000.0:35352-150.0,18.89
0-1.0:2-1.0:3-1.0:4-1.0:5-1.0:6-1.0:7-1.0:8-1.0:9-1.0:10-1.0:18612-1.0:35347-5:35348-0:35349-20000.0:35350-2000.0:35351-500000.0:35352-250.0,21.23
0-1.0:2-1.0:3-1.0:4-1.0:5-1.0:6-1.0:7-1.0:8-1.0:9-1.0:10-1.0:18612-1.0:35347-5:35348-0:35349-20000.0:35350-2000.0:35351-500000.0:35352-750.0,15.6
0-1.0:2-1.0:3-1.0:4-1.0:5-1.0:6-1.0:7-1.0:8-1.0:9-1.0:10-1.0:18612-1.0:35347-5:35348-0:35349-20000.0:35350-2000.0:35351-500000.0:35352-1500.0,13.1
0-1.0:2-1.0:3-1.0:4-1.0:5-1.0:6-1.0:7-1.0:8-1.0:9-1.0:10-1.0:18612-1.0:35347-5:35348-0:35349-20000.0:35350-2000.0:35351-500000.0:35352-2500.0,12.9
0-1.0:2-1.0:3-1.0:4-1.0:5-1.0:6-1.0:7-1.0:8-1.0:9-1.0:10-1.0:18612-1.0:35347-5:35348-0:35349-20000.0:35350-2000.0:35351-500000.0:35352-5000.0,12.53
0-1.0:2-1.0:3-1.0:4-1.0:5-1.0:6-1.0:7-1.0:8-1.0:9-1.0:10-1.0:18612-1.0:35347-5:35348-0:35349-24000.0:35350-1000.0:35351-100000.0:35352-100.0,20.49
0-1.0:2-1.0:3-1.0:4-1.0:5-1.0:6-1.0:7-1.0:8-1.0:9-1.0:10-1.0:18612-1.0:35347-5:35348-0:35349-24000.0:35350-1000.0:35351-100000.0:35352-150.0,15.43
0-1.0:2-1.0:3-1.0:4-1.0:5-1.0:6-1.0:7-1.0:8-1.0:9-1.0:10-1.0:18612-1.0:35347-5:35348-0:35349-24000.0:35350-1000.0:35351-100000.0:35352-250.0,14.28
0-1.0:2-1.0:3-1.0:4-1.0:5-1.0:6-1.0:7-1.0:8-1.0:9-1.0:10-1.0:18612-1.0:35347-5:35348-0:35349-24000.0:35350-1000.0:35351-100000.0:35352-750.0,11.06
0-1.0:2-1.0:3-1.0:4-1.0:5-1.0:6-1.0:7-1.0:8-1.0:9-1.0:10-1.0:18612-1.0:35347-5:35348-0:35349-24000.0:35350-1000.0:35351-100000.0:35352-1500.0,10.83
0-1.0:1-1.0:2-1.0:3-1.0:4-1.0:5-1.0:6-1.0:7-1.0:8-1.0:9-1.0:10-1.0:35347-5:35348-0:35349-24000.0:35350-1000.0:35351-100000.0:35352-2500.0,12.02
0-1.0:2-1.0:3-1.0:4-1.0:5-1.0:6-1.0:7-1.0:8-1.0:9-1.0:10-1.0:18612-1.0:35347-5:35348-0:35349-24000.0:35350-1000.0:35351-300000.0:35352-100.0,18.15
0-1.0:2-1.0:3-1.0:4-1.0:5-1.0:6-1.0:7-1.0:8-1.0:9-1.0:10-1.0:18612-1.0:35347-5:35348-0:35349-24000.0:35350-1000.0:35351-300000.0:35352-150.0,17.51
0-1.0:2-1.0:3-1.0:4-1.0:5-1.0:6-1.0:7-1.0:8-1.0:9-1.0:10-1.0:18612-1.0:35347-5:35348-0:35349-24000.0:35350-1000.0:35351-300000.0:35352-250.0,18.47
0-1.0:1-1.0:2-1.0:3-1.0:4-1.0:5-1.0:6-1.0:7-1.0:8-1.0:9-1.0:10-1.0:35347-5:35348-0:35349-24000.0:35350-1000.0:35351-300000.0:35352-500.0,15.23
0-1.0:2-1.0:3-1.0:4-1.0:5-1.0:6-1.0:7-1.0:8-1.0:9-1.0:10-1.0:18612-1.0:35347-5:35348-0:35349-24000.0:35350-1000.0:35351-300000.0:35352-750.0,13.14
0-1.0:2-1.0:3-1.0:4-1.0:5-1.0:6-1.0:7-1.0:8-1.0:9-1.0:10-1.0:18612-1.0:35347-5:35348-0:35349-24000.0:35350-1000.0:35351-300000.0:35352-1000.0,12.5
0-1.0:2-1.0:3-1.0:4-1.0:5-1.0:6-1.0:7-1.0:8-1.0:9-1.0:10-1.0:18612-1.0:35347-5:35348-0:35349-24000.0:35350-1000.0:35351-300000.0:35352-1500.0,12.8
0-1.0:2-1.0:3-1.0:4-1.0:5-1.0:6-1.0:7-1.0:8-1.0:9-1.0:10-1.0:18612-1.0:35347-5:35348-0:35349-24000.0:35350-1000.0:35351-300000.0:35352-2500.0,10.83
0-1.0:2-1.0:3-1.0:4-1.0:5-1.0:6-1.0:7-1.0:8-1.0:9-1.0:10-1.0:18612-1.0:35347-5:35348-0:35349-24000.0:35350-1000.0:35351-300000.0:35352-5000.0,10.83
0-1.0:2-1.0:3-1.0:4-1.0:5-1.0:6-1.0:7-1.0:8-1.0:9-1.0:10-1.0:18612-1.0:35347-5:35348-0:35349-24000.0:35350-1000.0:35351-500000.0:35352-100.0,21.61
0-1.0:2-1.0:3-1.0:4-1.0:5-1.0:6-1.0:7-1.0:8-1.0:9-1.0:10-1.0:18612-1.0:35347-5:35348-0:35349-24000.0:35350-1000.0:35351-500000.0:35352-150.0,25.6
0-1.0:2-1.0:3-1.0:4-1.0:5-1.0:6-1.0:7-1.0:8-1.0:9-1.0:10-1.0:18612-1.0:35347-5:35348-0:35349-24000.0:35350-1000.0:35351-500000.0:35352-250.0,16.61
0-1.0:2-1.0:3-1.0:4-1.0:5-1.0:6-1.0:7-1.0:8-1.0:9-1.0:10-1.0:18612-1.0:35347-5:35348-0:35349-24000.0:35350-1000.0:35351-500000.0:35352-750.0,18.16
0-1.0:2-1.0:3-1.0:4-1.0:5-1.0:6-1.0:7-1.0:8-1.0:9-1.0:10-1.0:18612-1.0:35347-5:35348-0:35349-24000.0:35350-1000.0:35351-500000.0:35352-1000.0,14.16
0-1.0:2-1.0:3-1.0:4-1.0:5-1.0:6-1.0:7-1.0:8-1.0:9-1.0:10-1.0:18612-1.0:35347-5:35348-0:35349-24000.0:35350-1000.0:35351-500000.0:35352-1500.0,16.04
0-1.0:2-1.0:3-1.0:4-1.0:5-1.0:6-1.0:7-1.0:8-1.0:9-1.0:10-1.0:18612-1.0:35347-5:35348-0:35349-24000.0:35350-1000.0:35351-500000.0:35352-2500.0,12.24
0-1.0:2-1.0:3-1.0:4-1.0:5-1.0:6-1.0:7-1.0:8-1.0:9-1.0:10-1.0:18612-1.0:35347-5:35348-0:35349-24000.0:35350-1000.0:35351-500000.0:35352-5000.0,18.21
0-1.0:2-1.0:3-1.0:4-1.0:5-1.0:6-1.0:7-1.0:8-1.0:9-1.0:10-1.0:18612-1.0:35347-5:35348-0:35349-24000.0:35350-2000.0:35351-100000.0:35352-100.0,18.11
0-1.0:2-1.0:3-1.0:4-1.0:5-1.0:6-1.0:7-1.0:8-1.0:9-1.0:10-1.0:18612-1.0:35347-5:35348-0:35349-24000.0:35350-2000.0:35351-100000.0:35352-250.0,14.53
0-1.0:2-1.0:3-1.0:4-1.0:5-1.0:6-1.0:7-1.0:8-1.0:9-1.0:10-1.0:18612-1.0:35347-5:35348-0:35349-24000.0:35350-2000.0:35351-100000.0:35352-500.0,15.33
0-1.0:2-1.0:3-1.0:4-1.0:5-1.0:6-1.0:7-1.0:8-1.0:9-1.0:10-1.0:18612-1.0:35347-5:35348-0:35349-24000.0:35350-2000.0:35351-100000.0:35352-750.0,12.53
0-1.0:2-1.0:3-1.0:4-1.0:5-1.0:6-1.0:7-1.0:8-1.0:9-1.0:10-1.0:18612-1.0:35347-5:35348-0:35349-24000.0:35350-2000.0:35351-100000.0:35352-1500.0,10.96
0-1.0:2-1.0:3-1.0:4-1.0:5-1.0:6-1.0:7-1.0:8-1.0:9-1.0:10-1.0:18612-1.0:35347-5:35348-0:35349-24000.0:35350-2000.0:35351-100000.0:35352-2500.0,11.07
0-1.0:2-1.0:3-1.0:4-1.0:5-1.0:6-1.0:7-1.0:8-1.0:9-1.0:10-1.0:18612-1.0:35347-5:35348-0:35349-24000.0:35350-2000.0:35351-100000.0:35352-5000.0,10.83
0-1.0:2-1.0:3-1.0:4-1.0:5-1.0:6-1.0:7-1.0:8-1.0:9-1.0:10-1.0:18612-1.0:35347-5:35348-0:35349-24000.0:35350-2000.0:35351-300000.0:35352-100.0,23.27
0-1.0:2-1.0:3-1.0:4-1.0:5-1.0:6-1.0:7-1.0:8-1.0:9-1.0:10-1.0:18612-1.0:35347-5:35348-0:35349-24000.0:35350-2000.0:35351-300000.0:35352-150.0,18.62
0-1.0:2-1.0:3-1.0:4-1.0:5-1.0:6-1.0:7-1.0:8-1.0:9-1.0:10-1.0:18612-1.0:35347-5:35348-0:35349-24000.0:35350-2000.0:35351-300000.0:35352-250.0,16.62
0-1.0:2-1.0:3-1.0:4-1.0:5-1.0:6-1.0:7-1.0:8-1.0:9-1.0:10-1.0:18612-1.0:35347-5:35348-0:35349-24000.0:35350-2000.0:35351-300000.0:35352-500.0,15.48
0-1.0:2-1.0:3-1.0:4-1.0:5-1.0:6-1.0:7-1.0:8-1.0:9-1.0:10-1.0:18612-1.0:35347-5:35348-0:35349-24000.0:35350-2000.0:35351-300000.0:35352-750.0,17.99
0-1.0:2-1.0:3-1.0:4-1.0:5-1.0:6-1.0:7-1.0:8-1.0:9-1.0:10-1.0:18612-1.0:35347-5:35348-0:35349-24000.0:35350-2000.0:35351-300000.0:35352-1000.0,17.08
0-1.0:2-1.0:3-1.0:4-1.0:5-1.0:6-1.0:7-1.0:8-1.0:9-1.0:10-1.0:18612-1.0:35347-5:35348-0:35349-24000.0:35350-2000.0:35351-300000.0:35352-1500.0,23.76
0-1.0:2-1.0:3-1.0:4-1.0:5-1.0:6-1.0:7-1.0:8-1.0:9-1.0:10-1.0:18612-1.0:35347-5:35348-0:35349-24000.0:35350-2000.0:35351-300000.0:35352-2500.0,11.76
0-1.0:1-1.0:2-1.0:3-1.0:4-1.0:5-1.0:6-1.0:7-1.0:8-1.0:9-1.0:10-1.0:35347-5:35348-0:35349-24000.0:35350-2000.0:35351-300000.0:35352-5000.0,10.83
0-1.0:2-1.0:3-1.0:4-1.0:5-1.0:6-1.0:7-1.0:8-1.0:9-1.0:10-1.0:18612-1.0:35347-5:35348-0:35349-24000.0:35350-2000.0:35351-500000.0:35352-150.0,19.43
0-1.0:2-1.0:3-1.0:4-1.0:5-1.0:6-1.0:7-1.0:8-1.0:9-1.0:10-1.0:18612-1.0:35347-5:35348-0:35349-24000.0:35350-2000.0:35351-500000.0:35352-750.0,15.67
0-1.0:2-1.0:3-1.0:4-1.0:5-1.0:6-1.0:7-1.0:8-1.0:9-1.0:10-1.0:18612-1.0:35347-5:35348-0:35349-24000.0:35350-2000.0:35351-500000.0:35352-1000.0,15.57
0-1.0:2-1.0:3-1.0:4-1.0:5-1.0:6-1.0:7-1.0:8-1.0:9-1.0:10-1.0:18612-1.0:35347-5:35348-0:35349-24000.0:35350-2000.0:35351-500000.0:35352-1500.0,23.29
0-1.0:2-1.0:3-1.0:4-1.0:5-1.0:6-1.0:7-1.0:8-1.0:9-1.0:10-1.0:18612-1.0:35347-5:35348-0:35349-24000.0:35350-2000.0:35351-500000.0:35352-5000.0,11.46
0-1.0:1-1.0:2-1.0:3-1.0:4-1.0:5-1.0:6-1.0:7-1.0:8-1.0:9-1.0:10-1.0:35347-5:35348-0:35349-28000.0:35350-1000.0:35351-100000.0:35352-500.0,13.88
0-1.0:2-1.0:3-1.0:4-1.0:5-1.0:6-1.0:7-1.0:8-1.0:9-1.0:10-1.0:18612-1.0:35347-5:35348-0:35349-28000.0:35350-1000.0:35351-100000.0:35352-750.0,11.67
0-1.0:2-1.0:3-1.0:4-1.0:5-1.0:6-1.0:7-1.0:8-1.0:9-1.0:10-1.0:18612-1.0:35347-5:35348-0:35349-28000.0:35350-1000.0:35351-100000.0:35352-2500.0,18.84
0-1.0:2-1.0:3-1.0:4-1.0:5-1.0:6-1.0:7-1.0:8-1.0:9-1.0:10-1.0:18612-1.0:35347-5:35348-0:35349-28000.0:35350-1000.0:35351-100000.0:35352-5000.0,10.83
0-1.0:2-1.0:3-1.0:4-1.0:5-1.0:6-1.0:7-1.0:8-1.0:9-1.0:10-1.0:18612-1.0:35347-5:35348-0:35349-28000.0:35350-1000.0:35351-300000.0:35352-100.0,21.26
0-1.0:2-1.0:3-1.0:4-1.0:5-1.0:6-1.0:7-1.0:8-1.0:9-1.0:10-1.0:18612-1.0:35347-5:35348-0:35349-28000.0:35350-1000.0:35351-300000.0:35352-150.0,18.37
0-1.0:2-1.0:3-1.0:4-1.0:5-1.0:6-1.0:7-1.0:8-1.0:9-1.0:10-1.0:18612-1.0:35347-5:35348-0:35349-28000.0:35350-1000.0:35351-300000.0:35352-250.0,21.33
0-1.0:2-1.0:3-1.0:4-1.0:5-1.0:6-1.0:7-1.0:8-1.0:9-1.0:10-1.0:18612-1.0:35347-5:35348-0:35349-28000.0:35350-1000.0:35351-300000.0:35352-500.0,14.57
0-1.0:2-1.0:3-1.0:4-1.0:5-1.0:6-1.0:7-1.0:8-1.0:9-1.0:10-1.0:18612-1.0:35347-5:35348-0:35349-28000.0:35350-1000.0:35351-300000.0:35352-750.0,13.76
0-1.0:1-1.0:2-1.0:3-1.0:4-1.0:5-1.0:6-1.0:7-1.0:8-1.0:9-1.0:10-1.0:35347-5:35348-0:35349-28000.0:35350-1000.0:35351-300000.0:35352-2500.0,12.04
0-1.0:2-1.0:3-1.0:4-1.0:5-1.0:6-1.0:7-1.0:8-1.0:9-1.0:10-1.0:18612-1.0:35347-5:35348-0:35349-28000.0:35350-2000.0:35351-300000.0:35352-150.0,24.28
0-1.0:2-1.0:3-1.0:4-1.0:5-1.0:6-1.0:7-1.0:8-1.0:9-1.0:10-1.0:18612-1.0:35347-5:35348-0:35349-28000.0:35350-2000.0:35351-300000.0:35352-500.0,15.1
0-1.0:2-1.0:3-1.0:4-1.0:5-1.0:6-1.0:7-1.0:8-1.0:9-1.0:10-1.0:18612-1.0:35347-5:35348-0:35349-28000.0:35350-2000.0:35351-300000.0:35352-750.0,16.99
0-1.0:2-1.0:3-1.0:4-1.0:5-1.0:6-1.0:7-1.0:8-1.0:9-1.0:10-1.0:18612-1.0:35347-5:35348-0:35349-28000.0:35350-2000.0:35351-300000.0:35352-1500.0,15.12
0-1.0:2-1.0:3-1.0:4-1.0:5-1.0:6-1.0:7-1.0:8-1.0:9-1.0:10-1.0:18612-1.0:35347-5:35348-0:35349-28000.0:35350-2000.0:35351-300000.0:35352-2500.0,15.04
0-1.0:2-1.0:3-1.0:4-1.0:5-1.0:6-1.0:7-1.0:8-1.0:9-1.0:10-1.0:18612-1.0:35347-5:35348-0:35349-28000.0:35350-2000.0:35351-300000.0:35352-5000.0,10.83
0-1.0:2-1.0:3-1.0:4-1.0:5-1.0:6-1.0:7-1.0:8-1.0:9-1.0:10-1.0:18612-1.0:35347-5:35348-0:35349-28000.0:35350-2000.0:35351-500000.0:35352-100.0,28.06
0-1.0:2-1.0:3-1.0:4-1.0:5-1.0:6-1.0:7-1.0:8-1.0:9-1.0:10-1.0:18612-1.0:35347-5:35348-0:35349-28000.0:35350-2000.0:35351-500000.0:35352-150.0,22.1
0-1.0:2-1.0:3-1.0:4-1.0:5-1.0:6-1.0:7-1.0:8-1.0:9-1.0:10-1.0:18612-1.0:35347-5:35348-0:35349-28000.0:35350-2000.0:35351-500000.0:35352-250.0,21.05
0-1.0:2-1.0:3-1.0:4-1.0:5-1.0:6-1.0:7-1.0:8-1.0:9-1.0:10-1.0:18612-1.0:35347-5:35348-0:35349-28000.0:35350-2000.0:35351-500000.0:35352-750.0,15.67
0-1.0:2-1.0:3-1.0:4-1.0:5-1.0:6-1.0:7-1.0:8-1.0:9-1.0:10-1.0:18612-1.0:35347-5:35348-0:35349-28000.0:35350-2000.0:35351-500000.0:35352-1000.0,18.35
0-1.0:2-1.0:3-1.0:4-1.0:5-1.0:6-1.0:7-1.0:8-1.0:9-1.0:10-1.0:18612-1.0:35347-5:35348-0:35349-28000.0:35350-2000.0:35351-500000.0:35352-1500.0,17.28
0-1.0:2-1.0:3-1.0:4-1.0:5-1.0:6-1.0:7-1.0:8-1.0:9-1.0:10-1.0:18612-1.0:35347-5:35348-0:35349-28000.0:35350-2000.0:35351-500000.0:35352-2500.0,13.96
0-1.0:2-1.0:3-1.0:4-1.0:5-1.0:6-1.0:7-1.0:8-1.0:9-1.0:10-1.0:18612-1.0:35347-5:35348-0:35349-28000.0:35350-2000.0:35351-500000.0:35352-5000.0,12.3
0-1.0:1-1.0:2-1.0:3-1.0:4-1.0:5-1.0:6-1.0:7-1.0:8-1.0:9-1.0:10-1.0:35347-5:35348-0:35349-32000.0:35350-1000.0:35351-100000.0:35352-150.0,18.98
0-1.0:2-1.0:3-1.0:4-1.0:5-1.0:6-1.0:7-1.0:8-1.0:9-1.0:10-1.0:18612-1.0:35347-5:35348-0:35349-32000.0:35350-1000.0:35351-100000.0:35352-500.0,26.14
0-1.0:2-1.0:3-1.0:4-1.0:5-1.0:6-1.0:7-1.0:8-1.0:9-1.0:10-1.0:18612-1.0:35347-5:35348-0:35349-32000.0:35350-1000.0:35351-100000.0:35352-750.0,16.53
0-1.0:2-1.0:3-1.0:4-1.0:5-1.0:6-1.0:7-1.0:8-1.0:9-1.0:10-1.0:18612-1.0:35347-5:35348-0:35349-32000.0:35350-1000.0:35351-100000.0:35352-1500.0,15.17
0-1.0:2-1.0:3-1.0:4-1.0:5-1.0:6-1.0:7-1.0:8-1.0:9-1.0:10-1.0:18612-1.0:35347-5:35348-0:35349-32000.0:35350-1000.0:35351-100000.0:35352-2500.0,10.83
0-1.0:2-1.0:3-1.0:4-1.0:5-1.0:6-1.0:7-1.0:8-1.0:9-1.0:10-1.0:18612-1.0:35347-5:35348-0:35349-32000.0:35350-1000.0:35351-300000.0:35352-150.0,36.18
0-1.0:2-1.0:3-1.0:4-1.0:5-1.0:6-1.0:7-1.0:8-1.0:9-1.0:10-1.0:18612-1.0:35347-5:35348-0:35349-32000.0:35350-1000.0:35351-300000.0:35352-250.0,18.2
0-1.0:2-1.0:3-1.0:4-1.0:5-1.0:6-1.0:7-1.0:8-1.0:9-1.0:10-1.0:18612-1.0:35347-5:35348-0:35349-32000.0:35350-1000.0:35351-300000.0:35352-1000.0,14.9
0-1.0:2-1.0:3-1.0:4-1.0:5-1.0:6-1.0:7-1.0:8-1.0:9-1.0:10-1.0:18612-1.0:35347-5:35348-0:35349-32000.0:35350-1000.0:35351-300000.0:35352-1500.0,15.74
0-1.0:2-1.0:3-1.0:4-1.0:5-1.0:6-1.0:7-1.0:8-1.0:9-1.0:10-1.0:18612-1.0:35347-5:35348-0:35349-32000.0:35350-1000.0:35351-500000.0:35352-100.0,23.52
0-1.0:2-1.0:3-1.0:4-1.0:5-1.0:6-1.0:7-1.0:8-1.0:9-1.0:10-1.0:18612-1.0:35347-5:35348-0:35349-32000.0:35350-1000.0:35351-500000.0:35352-250.0,19.57
0-1.0:2-1.0:3-1.0:4-1.0:5-1.0:6-1.0:7-1.0:8-1.0:9-1.0:10-1.0:18612-1.0:35347-5:35348-0:35349-32000.0:35350-1000.0:35351-500000.0:35352-750.0,16.67
0-1.0:2-1.0:3-1.0:4-1.0:5-1.0:6-1.0:7-1.0:8-1.0:9-1.0:10-1.0:18612-1.0:35347-5:35348-0:35349-32000.0:35350-1000.0:35351-500000.0:35352-1500.0,14.43
0-1.0:1-1.0:2-1.0:3-1.0:4-1.0:5-1.0:6-1.0:7-1.0:8-1.0:9-1.0:10-1.0:35347-5:35348-0:35349-32000.0:35350-1000.0:35351-500000.0:35352-2500.0,14.19
0-1.0:2-1.0:3-1.0:4-1.0:5-1.0:6-1.0:7-1.0:8-1.0:9-1.0:10-1.0:18612-1.0:35347-5:35348-0:35349-32000.0:35350-1000.0:35351-500000.0:35352-5000.0,12.01
0-1.0:2-1.0:3-1.0:4-1.0:5-1.0:6-1.0:7-1.0:8-1.0:9-1.0:10-1.0:18612-1.0:35347-5:35348-0:35349-32000.0:35350-2000.0:35351-100000.0:35352-100.0,25.54
0-1.0:2-1.0:3-1.0:4-1.0:5-1.0:6-1.0:7-1.0:8-1.0:9-1.0:10-1.0:18612-1.0:35347-5:35348-0:35349-32000.0:35350-2000.0:35351-100000.0:35352-150.0,19.23
0-1.0:2-1.0:3-1.0:4-1.0:5-1.0:6-1.0:7-1.0:8-1.0:9-1.0:10-1.0:18612-1.0:35347-5:35348-0:35349-32000.0:35350-2000.0:35351-100000.0:35352-250.0,20.48
0-1.0:2-1.0:3-1.0:4-1.0:5-1.0:6-1.0:7-1.0:8-1.0:9-1.0:10-1.0:18612-1.0:35347-5:35348-0:35349-32000.0:35350-2000.0:35351-100000.0:35352-500.0,13.35
0-1.0:2-1.0:3-1.0:4-1.0:5-1.0:6-1.0:7-1.0:8-1.0:9-1.0:10-1.0:18612-1.0:35347-5:35348-0:35349-32000.0:35350-2000.0:35351-100000.0:35352-1000.0,13.06
0-1.0:1-1.0:2-1.0:3-1.0:4-1.0:5-1.0:6-1.0:7-1.0:8-1.0:9-1.0:10-1.0:35347-5:35348-0:35349-32000.0:35350-2000.0:35351-100000.0:35352-1500.0,12.11
0-1.0:2-1.0:3-1.0:4-1.0:5-1.0:6-1.0:7-1.0:8-1.0:9-1.0:10-1.0:18612-1.0:35347-5:35348-0:35349-32000.0:35350-2000.0:35351-100000.0:35352-5000.0,10.83
0-1.0:2-1.0:3-1.0:4-1.0:5-1.0:6-1.0:7-1.0:8-1.0:9-1.0:10-1.0:18612-1.0:35347-5:35348-0:35349-32000.0:35350-2000.0:35351-300000.0:35352-100.0,27.62
0-1.0:2-1.0:3-1.0:4-1.0:5-1.0:6-1.0:7-1.0:8-1.0:9-1.0:10-1.0:18612-1.0:35347-5:35348-0:35349-32000.0:35350-2000.0:35351-300000.0:35352-150.0,21.32
0-1.0:2-1.0:3-1.0:4-1.0:5-1.0:6-1.0:7-1.0:8-1.0:9-1.0:10-1.0:18612-1.0:35347-5:35348-0:35349-32000.0:35350-2000.0:35351-300000.0:35352-250.0,16.57
0-1.0:2-1.0:3-1.0:4-1.0:5-1.0:6-1.0:7-1.0:8-1.0:9-1.0:10-1.0:18612-1.0:35347-5:35348-0:35349-32000.0:35350-2000.0:35351-300000.0:35352-500.0,17.98
0-1.0:2-1.0:3-1.0:4-1.0:5-1.0:6-1.0:7-1.0:8-1.0:9-1.0:10-1.0:18612-1.0:35347-5:35348-0:35349-32000.0:35350-2000.0:35351-300000.0:35352-750.0,15.26
0-1.0:2-1.0:3-1.0:4-1.0:5-1.0:6-1.0:7-1.0:8-1.0:9-1.0:10-1.0:18612-1.0:35347-5:35348-0:35349-32000.0:35350-2000.0:35351-300000.0:35352-1000.0,15.15
0-1.0:2-1.0:3-1.0:4-1.0:5-1.0:6-1.0:7-1.0:8-1.0:9-1.0:10-1.0:18612-1.0:35347-5:35348-0:35349-32000.0:35350-2000.0:35351-300000.0:35352-1500.0,13.6
0-1.0:1-1.0:2-1.0:3-1.0:4-1.0:5-1.0:6-1.0:7-1.0:8-1.0:9-1.0:10-1.0:35347-5:35348-0:35349-32000.0:35350-2000.0:35351-500000.0:35352-100.0,29.29
0-1.0:2-1.0:3-1.0:4-1.0:5-1.0:6-1.0:7-1.0:8-1.0:9-1.0:10-1.0:18612-1.0:35347-5:35348-0:35349-32000.0:35350-2000.0:35351-500000.0:35352-250.0,18.24
0-1.0:1-1.0:2-1.0:3-1.0:4-1.0:5-1.0:6-1.0:7-1.0:8-1.0:9-1.0:10-1.0:35347-5:35348-0:35349-32000.0:35350-2000.0:35351-500000.0:35352-500.0,18.55
0-1.0:2-1.0:3-1.0:4-1.0:5-1.0:6-1.0:7-1.0:8-1.0:9-1.0:10-1.0:18612-1.0:35347-5:35348-0:35349-32000.0:35350-2000.0:35351-500000.0:35352-1000.0,15.53
0-1.0:2-1.0:3-1.0:4-1.0:5-1.0:6-1.0:7-1.0:8-1.0:9-1.0:10-1.0:18612-1.0:35347-5:35348-0:35349-32000.0:35350-2000.0:35351-500000.0:35352-1500.0,15.27
0-1.0:2-1.0:3-1.0:4-1.0:5-1.0:6-1.0:7-1.0:8-1.0:9-1.0:10-1.0:18612-1.0:35347-5:35348-0:35349-35000.0:35350-1000.0:35351-100000.0:35352-100.0,18.42
0-1.0:2-1.0:3-1.0:4-1.0:5-1.0:6-1.0:7-1.0:8-1.0:9-1.0:10-1.0:18612-1.0:35347-5:35348-0:35349-35000.0:35350-1000.0:35351-100000.0:35352-150.0,17.68
0-1.0:2-1.0:3-1.0:4-1.0:5-1.0:6-1.0:7-1.0:8-1.0:9-1.0:10-1.0:18612-1.0:35347-5:35348-0:35349-35000.0:35350-1000.0:35351-100000.0:35352-250.0,15.55
0-1.0:2-1.0:3-1.0:4-1.0:5-1.0:6-1.0:7-1.0:8-1.0:9-1.0:10-1.0:18612-1.0:35347-5:35348-0:35349-35000.0:35350-1000.0:35351-100000.0:35352-500.0,14.31
0-1.0:2-1.0:3-1.0:4-1.0:5-1.0:6-1.0:7-1.0:8-1.0:9-1.0:10-1.0:18612-1.0:35347-5:35348-0:35349-35000.0:35350-1000.0:35351-100000.0:35352-750.0,14.08
0-1.0:2-1.0:3-1.0:4-1.0:5-1.0:6-1.0:7-1.0:8-1.0:9-1.0:10-1.0:18612-1.0:35347-5:35348-0:35349-35000.0:35350-1000.0:35351-100000.0:35352-1500.0,11.66
0-1.0:2-1.0:3-1.0:4-1.0:5-1.0:6-1.0:7-1.0:8-1.0:9-1.0:10-1.0:18612-1.0:35347-5:35348-0:35349-35000.0:35350-1000.0:35351-100000.0:35352-2500.0,12.42
0-1.0:2-1.0:3-1.0:4-1.0:5-1.0:6-1.0:7-1.0:8-1.0:9-1.0:10-1.0:18612-1.0:35347-5:35348-0:35349-35000.0:35350-1000.0:35351-300000.0:35352-100.0,22.55
0-1.0:2-1.0:3-1.0:4-1.0:5-1.0:6-1.0:7-1.0:8-1.0:9-1.0:10-1.0:18612-1.0:35347-5:35348-0:35349-35000.0:35350-1000.0:35351-300000.0:35352-150.0,24.66
0-1.0:2-1.0:3-1.0:4-1.0:5-1.0:6-1.0:7-1.0:8-1.0:9-1.0:10-1.0:18612-1.0:35347-5:35348-0:35349-35000.0:35350-1000.0:35351-300000.0:35352-250.0,18.75
0-1.0:2-1.0:3-1.0:4-1.0:5-1.0:6-1.0:7-1.0:8-1.0:9-1.0:10-1.0:18612-1.0:35347-5:35348-0:35349-35000.0:35350-1000.0:35351-300000.0:35352-500.0,19.78
0-1.0:2-1.0:3-1.0:4-1.0:5-1.0:6-1.0:7-1.0:8-1.0:9-1.0:10-1.0:18612-1.0:35347-5:35348-0:35349-35000.0:35350-1000.0:35351-300000.0:35352-750.0,20.06
0-1.0:2-1.0:3-1.0:4-1.0:5-1.0:6-1.0:7-1.0:8-1.0:9-1.0:10-1.0:18612-1.0:35347-5:35348-0:35349-35000.0:35350-1000.0:35351-300000.0:35352-1000.0,18.17
0-1.0:2-1.0:3-1.0:4-1.0:5-1.0:6-1.0:7-1.0:8-1.0:9-1.0:10-1.0:18612-1.0:35347-5:35348-0:35349-35000.0:35350-1000.0:35351-300000.0:35352-1500.0,13.75
0-1.0:2-1.0:3-1.0:4-1.0:5-1.0:6-1.0:7-1.0:8-1.0:9-1.0:10-1.0:18612-1.0:35347-5:35348-0:35349-35000.0:35350-1000.0:35351-300000.0:35352-2500.0,12.35
0-1.0:2-1.0:3-1.0:4-1.0:5-1.0:6-1.0:7-1.0:8-1.0:9-1.0:10-1.0:18612-1.0:35347-5:35348-0:35349-35000.0:35350-1000.0:35351-300000.0:35352-5000.0,11.25
0-1.0:2-1.0:3-1.0:4-1.0:5-1.0:6-1.0:7-1.0:8-1.0:9-1.0:10-1.0:18612-1.0:35347-5:35348-0:35349-35000.0:35350-1000.0:35351-500000.0:35352-250.0,23.61
0-1.0:2-1.0:3-1.0:4-1.0:5-1.0:6-1.0:7-1.0:8-1.0:9-1.0:10-1.0:18612-1.0:35347-5:35348-0:35349-35000.0:35350-1000.0:35351-500000.0:35352-750.0,17.83
0-1.0:2-1.0:3-1.0:4-1.0:5-1.0:6-1.0:7-1.0:8-1.0:9-1.0:10-1.0:18612-1.0:35347-5:35348-0:35349-35000.0:35350-1000.0:35351-500000.0:35352-1000.0,15.68
0-1.0:2-1.0:3-1.0:4-1.0:5-1.0:6-1.0:7-1.0:8-1.0:9-1.0:10-1.0:18612-1.0:35347-5:35348-0:35349-35000.0:35350-1000.0:35351-500000.0:35352-1500.0,14.8
0-1.0:2-1.0:3-1.0:4-1.0:5-1.0:6-1.0:7-1.0:8-1.0:9-1.0:10-1.0:18612-1.0:35347-5:35348-0:35349-35000.0:35350-1000.0:35351-500000.0:35352-2500.0,23.16
0-1.0:2-1.0:3-1.0:4-1.0:5-1.0:6-1.0:7-1.0:8-1.0:9-1.0:10-1.0:18612-1.0:35347-5:35348-0:35349-35000.0:35350-2000.0:35351-100000.0:35352-100.0,21.08
0-1.0:2-1.0:3-1.0:4-1.0:5-1.0:6-1.0:7-1.0:8-1.0:9-1.0:10-1.0:18612-1.0:35347-5:35348-0:35349-35000.0:35350-2000.0:35351-100000.0:35352-150.0,39.46
0-1.0:2-1.0:3-1.0:4-1.0:5-1.0:6-1.0:7-1.0:8-1.0:9-1.0:10-1.0:18612-1.0:35347-5:35348-0:35349-35000.0:35350-2000.0:35351-100000.0:35352-500.0,13.8
0-1.0:2-1.0:3-1.0:4-1.0:5-1.0:6-1.0:7-1.0:8-1.0:9-1.0:10-1.0:18612-1.0:35347-5:35348-0:35349-35000.0:35350-2000.0:35351-100000.0:35352-1000.0,17.18
0-1.0:2-1.0:3-1.0:4-1.0:5-1.0:6-1.0:7-1.0:8-1.0:9-1.0:10-1.0:18612-1.0:35347-5:35348-0:35349-35000.0:35350-2000.0:35351-100000.0:35352-1500.0,14.14
0-1.0:2-1.0:3-1.0:4-1.0:5-1.0:6-1.0:7-1.0:8-1.0:9-1.0:10-1.0:18612-1.0:35347-5:35348-0:35349-35000.0:35350-2000.0:35351-100000.0:35352-2500.0,11.05
0-1.0:2-1.0:3-1.0:4-1.0:5-1.0:6-1.0:7-1.0:8-1.0:9-1.0:10-1.0:18612-1.0:35347-5:35348-0:35349-35000.0:35350-2000.0:35351-300000.0:35352-250.0,17.07
0-1.0:2-1.0:3-1.0:4-1.0:5-1.0:6-1.0:7-1.0:8-1.0:9-1.0:10-1.0:18612-1.0:35347-5:35348-0:35349-35000.0:35350-2000.0:35351-300000.0:35352-500.0,19.64
0-1.0:2-1.0:3-1.0:4-1.0:5-1.0:6-1.0:7-1.0:8-1.0:9-1.0:10-1.0:18612-1.0:35347-5:35348-0:35349-35000.0:35350-2000.0:35351-300000.0:35352-750.0,15.0
0-1.0:2-1.0:3-1.0:4-1.0:5-1.0:6-1.0:7-1.0:8-1.0:9-1.0:10-1.0:18612-1.0:35347-5:35348-0:35349-35000.0:35350-2000.0:35351-300000.0:35352-2500.0,13.14
0-1.0:2-1.0:3-1.0:4-1.0:5-1.0:6-1.0:7-1.0:8-1.0:9-1.0:10-1.0:18612-1.0:35347-5:35348-0:35349-35000.0:35350-2000.0:35351-300000.0:35352-5000.0,10.83
0-1.0:2-1.0:3-1.0:4-1.0:5-1.0:6-1.0:7-1.0:8-1.0:9-1.0:10-1.0:18612-1.0:35347-5:35348-0:35349-35000.0:35350-2000.0:35351-500000.0:35352-100.0,22.83
0-1.0:2-1.0:3-1.0:4-1.0:5-1.0:6-1.0:7-1.0:8-1.0:9-1.0:10-1.0:18612-1.0:35347-5:35348-0:35349-35000.0:35350-2000.0:35351-500000.0:35352-150.0,24.0
0-1.0:2-1.0:3-1.0:4-1.0:5-1.0:6-1.0:7-1.0:8-1.0:9-1.0:10-1.0:18612-1.0:35347-5:35348-0:35349-35000.0:35350-2000.0:35351-500000.0:35352-250.0,22.82
0-1.0:2-1.0:3-1.0:4-1.0:5-1.0:6-1.0:7-1.0:8-1.0:9-1.0:10-1.0:18612-1.0:35347-5:35348-0:35349-35000.0:35350-2000.0:35351-500000.0:35352-500.0,19.06
0-1.0:2-1.0:3-1.0:4-1.0:5-1.0:6-1.0:7-1.0:8-1.0:9-1.0:10-1.0:18612-1.0:35347-5:35348-0:35349-35000.0:35350-2000.0:35351-500000.0:35352-1000.0,16.2
0-1.0:2-1.0:3-1.0:4-1.0:5-1.0:6-1.0:7-1.0:8-1.0:9-1.0:10-1.0:18612-1.0:35347-5:35348-0:35349-35000.0:35350-2000.0:35351-500000.0:35352-1500.0,15.66
0-1.0:2-1.0:3-1.0:4-1.0:5-1.0:6-1.0:7-1.0:8-1.0:9-1.0:10-1.0:18612-1.0:35347-5:35348-0:35349-35000.0:35350-2000.0:35351-500000.0:35352-2500.0,13.72
0-1.0:2-1.0:3-1.0:4-1.0:5-1.0:6-1.0:7-1.0:8-1.0:9-1.0:10-1.0:18612-1.0:35347-5:35348-0:35349-35000.0:35350-2000.0:35351-500000.0:35352-5000.0,14.35
0-1.0:2-1.0:3-1.0:4-1.0:5-1.0:6-1.0:7-1.0:8-1.0:9-1.0:10-1.0:18612-1.0:35347-5:35348-0:35349-40000.0:35350-1000.0:35351-100000.0:35352-100.0,19.45
0-1.0:2-1.0:3-1.0:4-1.0:5-1.0:6-1.0:7-1.0:8-1.0:9-1.0:10-1.0:18612-1.0:35347-5:35348-0:35349-40000.0:35350-1000.0:35351-100000.0:35352-150.0,20.75
0-1.0:2-1.0:3-1.0:4-1.0:5-1.0:6-1.0:7-1.0:8-1.0:9-1.0:10-1.0:18612-1.0:35347-5:35348-0:35349-40000.0:35350-1000.0:35351-100000.0:35352-250.0,22.01
0-1.0:2-1.0:3-1.0:4-1.0:5-1.0:6-1.0:7-1.0:8-1.0:9-1.0:10-1.0:18612-1.0:35347-5:35348-0:35349-40000.0:35350-1000.0:35351-100000.0:35352-500.0,14.32
0-1.0:2-1.0:3-1.0:4-1.0:5-1.0:6-1.0:7-1.0:8-1.0:9-1.0:10-1.0:18612-1.0:35347-5:35348-0:35349-40000.0:35350-1000.0:35351-100000.0:35352-750.0,13.68
0-1.0:2-1.0:3-1.0:4-1.0:5-1.0:6-1.0:7-1.0:8-1.0:9-1.0:10-1.0:18612-1.0:35347-5:35348-0:35349-40000.0:35350-1000.0:35351-100000.0:35352-1500.0,12.97
0-1.0:2-1.0:3-1.0:4-1.0:5-1.0:6-1.0:7-1.0:8-1.0:9-1.0:10-1.0:18612-1.0:35347-5:35348-0:35349-40000.0:35350-1000.0:35351-100000.0:35352-2500.0,10.83
0-1.0:2-1.0:3-1.0:4-1.0:5-1.0:6-1.0:7-1.0:8-1.0:9-1.0:10-1.0:18612-1.0:35347-5:35348-0:35349-40000.0:35350-1000.0:35351-100000.0:35352-5000.0,18.95
0-1.0:2-1.0:3-1.0:4-1.0:5-1.0:6-1.0:7-1.0:8-1.0:9-1.0:10-1.0:18612-1.0:35347-5:35348-0:35349-40000.0:35350-1000.0:35351-300000.0:35352-100.0,21.53
0-1.0:2-1.0:3-1.0:4-1.0:5-1.0:6-1.0:7-1.0:8-1.0:9-1.0:10-1.0:18612-1.0:35347-5:35348-0:35349-40000.0:35350-1000.0:35351-300000.0:35352-150.0,22.83
0-1.0:2-1.0:3-1.0:4-1.0:5-1.0:6-1.0:7-1.0:8-1.0:9-1.0:10-1.0:18612-1.0:35347-5:35348-0:35349-40000.0:35350-1000.0:35351-300000.0:35352-500.0,21.32
0-1.0:2-1.0:3-1.0:4-1.0:5-1.0:6-1.0:7-1.0:8-1.0:9-1.0:10-1.0:18612-1.0:35347-5:35348-0:35349-40000.0:35350-1000.0:35351-300000.0:35352-1500.0,15.05
0-1.0:2-1.0:3-1.0:4-1.0:5-1.0:6-1.0:7-1.0:8-1.0:9-1.0:10-1.0:18612-1.0:35347-5:35348-0:35349-40000.0:35350-1000.0:35351-300000.0:35352-2500.0,14.99
0-1.0:2-1.0:3-1.0:4-1.0:5-1.0:6-1.0:7-1.0:8-1.0:9-1.0:10-1.0:18612-1.0:35347-5:35348-0:35349-40000.0:35350-1000.0:35351-300000.0:35352-5000.0,12.98
0-1.0:2-1.0:3-1.0:4-1.0:5-1.0:6-1.0:7-1.0:8-1.0:9-1.0:10-1.0:18612-1.0:35347-5:35348-0:35349-40000.0:35350-1000.0:35351-500000.0:35352-150.0,27.52
0-1.0:1-1.0:2-1.0:3-1.0:4-1.0:5-1.0:6-1.0:7-1.0:8-1.0:9-1.0:10-1.0:35347-5:35348-0:35349-40000.0:35350-1000.0:35351-500000.0:35352-250.0,25.76
0-1.0:2-1.0:3-1.0:4-1.0:5-1.0:6-1.0:7-1.0:8-1.0:9-1.0:10-1.0:18612-1.0:35347-5:35348-0:35349-40000.0:35350-1000.0:35351-500000.0:35352-500.0,18.07
0-1.0:2-1.0:3-1.0:4-1.0:5-1.0:6-1.0:7-1.0:8-1.0:9-1.0:10-1.0:18612-1.0:35347-5:35348-0:35349-40000.0:35350-1000.0:35351-500000.0:35352-750.0,17.43
0-1.0:2-1.0:3-1.0:4-1.0:5-1.0:6-1.0:7-1.0:8-1.0:9-1.0:10-1.0:18612-1.0:35347-5:35348-0:35349-40000.0:35350-1000.0:35351-500000.0:35352-1000.0,16.35
0-1.0:2-1.0:3-1.0:4-1.0:5-1.0:6-1.0:7-1.0:8-1.0:9-1.0:10-1.0:18612-1.0:35347-5:35348-0:35349-40000.0:35350-1000.0:35351-500000.0:35352-5000.0,13.26
0-1.0:2-1.0:3-1.0:4-1.0:5-1.0:6-1.0:7-1.0:8-1.0:9-1.0:10-1.0:18612-1.0:35347-5:35348-0:35349-40000.0:35350-2000.0:35351-100000.0:35352-100.0,26.39
0-1.0:2-1.0:3-1.0:4-1.0:5-1.0:6-1.0:7-1.0:8-1.0:9-1.0:10-1.0:18612-1.0:35347-5:35348-0:35349-40000.0:35350-2000.0:35351-100000.0:35352-150.0,26.66
0-1.0:2-1.0:3-1.0:4-1.0:5-1.0:6-1.0:7-1.0:8-1.0:9-1.0:10-1.0:18612-1.0:35347-5:35348-0:35349-40000.0:35350-2000.0:35351-100000.0:35352-250.0,17.54
0-1.0:2-1.0:3-1.0:4-1.0:5-1.0:6-1.0:7-1.0:8-1.0:9-1.0:10-1.0:18612-1.0:35347-5:35348-0:35349-40000.0:35350-2000.0:35351-100000.0:35352-500.0,18.24
0-1.0:2-1.0:3-1.0:4-1.0:5-1.0:6-1.0:7-1.0:8-1.0:9-1.0:10-1.0:18612-1.0:35347-5:35348-0:35349-40000.0:35350-2000.0:35351-100000.0:35352-750.0,15.12
0-1.0:2-1.0:3-1.0:4-1.0:5-1.0:6-1.0:7-1.0:8-1.0:9-1.0:10-1.0:18612-1.0:35347-5:35348-0:35349-40000.0:35350-2000.0:35351-100000.0:35352-1500.0,14.92
0-1.0:2-1.0:3-1.0:4-1.0:5-1.0:6-1.0:7-1.0:8-1.0:9-1.0:10-1.0:18612-1.0:35347-5:35348-0:35349-40000.0:35350-2000.0:35351-100000.0:35352-2500.0,21.17
0-1.0:2-1.0:3-1.0:4-1.0:5-1.0:6-1.0:7-1.0:8-1.0:9-1.0:10-1.0:18612-1.0:35347-5:35348-0:35349-40000.0:35350-2000.0:35351-300000.0:35352-100.0,26.78
0-1.0:2-1.0:3-1.0:4-1.0:5-1.0:6-1.0:7-1.0:8-1.0:9-1.0:10-1.0:18612-1.0:35347-5:35348-0:35349-40000.0:35350-2000.0:35351-300000.0:35352-150.0,23.08
0-1.0:2-1.0:3-1.0:4-1.0:5-1.0:6-1.0:7-1.0:8-1.0:9-1.0:10-1.0:18612-1.0:35347-5:35348-0:35349-40000.0:35350-2000.0:35351-300000.0:35352-500.0,22.58
0-1.0:2-1.0:3-1.0:4-1.0:5-1.0:6-1.0:7-1.0:8-1.0:9-1.0:10-1.0:18612-1.0:35347-5:35348-0:35349-40000.0:35350-2000.0:35351-300000.0:35352-1000.0,14.94
0-1.0:2-1.0:3-1.0:4-1.0:5-1.0:6-1.0:7-1.0:8-1.0:9-1.0:10-1.0:18612-1.0:35347-5:35348-0:35349-40000.0:35350-2000.0:35351-300000.0:35352-1500.0,14.0
0-1.0:2-1.0:3-1.0:4-1.0:5-1.0:6-1.0:7-1.0:8-1.0:9-1.0:10-1.0:18612-1.0:35347-5:35348-0:35349-40000.0:35350-2000.0:35351-300000.0:35352-5000.0,10.89
0-1.0:2-1.0:3-1.0:4-1.0:5-1.0:6-1.0:7-1.0:8-1.0:9-1.0:10-1.0:18612-1.0:35347-5:35348-0:35349-40000.0:35350-2000.0:35351-500000.0:35352-150.0,24.75
0-1.0:2-1.0:3-1.0:4-1.0:5-1.0:6-1.0:7-1.0:8-1.0:9-1.0:10-1.0:18612-1.0:35347-5:35348-0:35349-40000.0:35350-2000.0:35351-500000.0:35352-250.0,21.29
0-1.0:2-1.0:3-1.0:4-1.0:5-1.0:6-1.0:7-1.0:8-1.0:9-1.0:10-1.0:18612-1.0:35347-5:35348-0:35349-40000.0:35350-2000.0:35351-500000.0:35352-500.0,18.32
0-1.0:2-1.0:3-1.0:4-1.0:5-1.0:6-1.0:7-1.0:8-1.0:9-1.0:10-1.0:18612-1.0:35347-5:35348-0:35349-40000.0:35350-2000.0:35351-500000.0:35352-1000.0,31.91
0-1.0:2-1.0:3-1.0:4-1.0:5-1.0:6-1.0:7-1.0:8-1.0:9-1.0:10-1.0:18612-1.0:35347-5:35348-0:35349-40000.0:35350-2000.0:35351-500000.0:35352-1500.0,27.26
0-1.0:2-1.0:3-1.0:4-1.0:5-1.0:6-1.0:7-1.0:8-1.0:9-1.0:10-1.0:18612-1.0:35347-5:35348-0:35349-40000.0:35350-2000.0:35351-500000.0:35352-2500.0,18.53
0-1.0:2-1.0:3-1.0:4-1.0:5-1.0:6-1.0:7-1.0:8-1.0:9-1.0:10-1.0:18612-1.0:35347-5:35348-0:35349-40000.0:35350-2000.0:35351-500000.0:35352-5000.0,14.22
0-1.0:2-1.0:3-1.0:4-1.0:5-1.0:6-1.0:7-1.0:8-1.0:9-1.0:10-1.0:18612-1.0:35347-5:35348-0:35349-50000.0:35350-1000.0:35351-100000.0:35352-100.0,26.9
0-1.0:2-1.0:3-1.0:4-1.0:5-1.0:6-1.0:7-1.0:8-1.0:9-1.0:10-1.0:18612-1.0:35347-5:35348-0:35349-50000.0:35350-1000.0:35351-100000.0:35352-150.0,20.59
0-1.0:1-1.0:2-1.0:3-1.0:4-1.0:5-1.0:6-1.0:7-1.0:8-1.0:9-1.0:10-1.0:35347-5:35348-0:35349-50000.0:35350-1000.0:35351-100000.0:35352-250.0,19.07
0-1.0:2-1.0:3-1.0:4-1.0:5-1.0:6-1.0:7-1.0:8-1.0:9-1.0:10-1.0:18612-1.0:35347-5:35348-0:35349-50000.0:35350-1000.0:35351-100000.0:35352-750.0,14.76
0-1.0:2-1.0:3-1.0:4-1.0:5-1.0:6-1.0:7-1.0:8-1.0:9-1.0:10-1.0:18612-1.0:35347-5:35348-0:35349-50000.0:35350-1000.0:35351-100000.0:35352-1500.0,14.3
0-1.0:2-1.0:3-1.0:4-1.0:5-1.0:6-1.0:7-1.0:8-1.0:9-1.0:10-1.0:18612-1.0:35347-5:35348-0:35349-50000.0:35350-1000.0:35351-100000.0:35352-2500.0,12.58
0-1.0:2-1.0:3-1.0:4-1.0:5-1.0:6-1.0:7-1.0:8-1.0:9-1.0:10-1.0:18612-1.0:35347-5:35348-0:35349-50000.0:35350-1000.0:35351-100000.0:35352-5000.0,20.87
0-1.0:2-1.0:3-1.0:4-1.0:5-1.0:6-1.0:7-1.0:8-1.0:9-1.0:10-1.0:18612-1.0:35347-5:35348-0:35349-50000.0:35350-1000.0:35351-300000.0:35352-100.0,32.43
0-1.0:2-1.0:3-1.0:4-1.0:5-1.0:6-1.0:7-1.0:8-1.0:9-1.0:10-1.0:18612-1.0:35347-5:35348-0:35349-50000.0:35350-1000.0:35351-300000.0:35352-150.0,22.68
0-1.0:2-1.0:3-1.0:4-1.0:5-1.0:6-1.0:7-1.0:8-1.0:9-1.0:10-1.0:18612-1.0:35347-5:35348-0:35349-50000.0:35350-1000.0:35351-300000.0:35352-250.0,26.36
0-1.0:2-1.0:3-1.0:4-1.0:5-1.0:6-1.0:7-1.0:8-1.0:9-1.0:10-1.0:18612-1.0:35347-5:35348-0:35349-50000.0:35350-1000.0:35351-300000.0:35352-500.0,22.19
0-1.0:2-1.0:3-1.0:4-1.0:5-1.0:6-1.0:7-1.0:8-1.0:9-1.0:10-1.0:18612-1.0:35347-5:35348-0:35349-50000.0:35350-1000.0:35351-300000.0:35352-1000.0,17.53
0-1.0:2-1.0:3-1.0:4-1.0:5-1.0:6-1.0:7-1.0:8-1.0:9-1.0:10-1.0:18612-1.0:35347-5:35348-0:35349-50000.0:35350-1000.0:35351-300000.0:35352-1500.0,16.38
0-1.0:2-1.0:3-1.0:4-1.0:5-1.0:6-1.0:7-1.0:8-1.0:9-1.0:10-1.0:18612-1.0:35347-5:35348-0:35349-50000.0:35350-1000.0:35351-300000.0:35352-2500.0,14.67
0-1.0:2-1.0:3-1.0:4-1.0:5-1.0:6-1.0:7-1.0:8-1.0:9-1.0:10-1.0:18612-1.0:35347-5:35348-0:35349-50000.0:35350-1000.0:35351-300000.0:35352-5000.0,12.05
0-1.0:2-1.0:3-1.0:4-1.0:5-1.0:6-1.0:7-1.0:8-1.0:9-1.0:10-1.0:18612-1.0:35347-5:35348-0:35349-50000.0:35350-1000.0:35351-500000.0:35352-100.0,27.58
0-1.0:2-1.0:3-1.0:4-1.0:5-1.0:6-1.0:7-1.0:8-1.0:9-1.0:10-1.0:18612-1.0:35347-5:35348-0:35349-50000.0:35350-1000.0:35351-500000.0:35352-150.0,25.49
0-1.0:2-1.0:3-1.0:4-1.0:5-1.0:6-1.0:7-1.0:8-1.0:9-1.0:10-1.0:18612-1.0:35347-5:35348-0:35349-50000.0:35350-1000.0:35351-500000.0:35352-250.0,25.27
0-1.0:1-1.0:2-1.0:3-1.0:4-1.0:5-1.0:6-1.0:7-1.0:8-1.0:9-1.0:10-1.0:35347-5:35348-0:35349-50000.0:35350-1000.0:35351-500000.0:35352-500.0,21.29
0-1.0:2-1.0:3-1.0:4-1.0:5-1.0:6-1.0:7-1.0:8-1.0:9-1.0:10-1.0:18612-1.0:35347-5:35348-0:35349-50000.0:35350-1000.0:35351-500000.0:35352-1000.0,19.19
0-1.0:2-1.0:3-1.0:4-1.0:5-1.0:6-1.0:7-1.0:8-1.0:9-1.0:10-1.0:18612-1.0:35347-5:35348-0:35349-50000.0:35350-1000.0:35351-500000.0:35352-1500.0,16.62
0-1.0:2-1.0:3-1.0:4-1.0:5-1.0:6-1.0:7-1.0:8-1.0:9-1.0:10-1.0:18612-1.0:35347-5:35348-0:35349-50000.0:35350-1000.0:35351-500000.0:35352-2500.0,16.33
0-1.0:2-1.0:3-1.0:4-1.0:5-1.0:6-1.0:7-1.0:8-1.0:9-1.0:10-1.0:18612-1.0:35347-5:35348-0:35349-50000.0:35350-1000.0:35351-500000.0:35352-5000.0,24.62
0-1.0:2-1.0:3-1.0:4-1.0:5-1.0:6-1.0:7-1.0:8-1.0:9-1.0:10-1.0:18612-1.0:35347-5:35348-0:35349-50000.0:35350-2000.0:35351-100000.0:35352-150.0,26.47
0-1.0:2-1.0:3-1.0:4-1.0:5-1.0:6-1.0:7-1.0:8-1.0:9-1.0:10-1.0:18612-1.0:35347-5:35348-0:35349-50000.0:35350-2000.0:35351-100000.0:35352-250.0,22.1
0-1.0:2-1.0:3-1.0:4-1.0:5-1.0:6-1.0:7-1.0:8-1.0:9-1.0:10-1.0:18612-1.0:35347-5:35348-0:35349-50000.0:35350-2000.0:35351-100000.0:35352-500.0,16.39
0-1.0:2-1.0:3-1.0:4-1.0:5-1.0:6-1.0:7-1.0:8-1.0:9-1.0:10-1.0:18612-1.0:35347-5:35348-0:35349-50000.0:35350-2000.0:35351-100000.0:35352-1000.0,19.92
0-1.0:2-1.0:3-1.0:4-1.0:5-1.0:6-1.0:7-1.0:8-1.0:9-1.0:10-1.0:18612-1.0:35347-5:35348-0:35349-50000.0:35350-2000.0:35351-100000.0:35352-1500.0,13.12
0-1.0:2-1.0:3-1.0:4-1.0:5-1.0:6-1.0:7-1.0:8-1.0:9-1.0:10-1.0:18612-1.0:35347-5:35348-0:35349-50000.0:35350-2000.0:35351-100000.0:35352-2500.0,12.83
0-1.0:2-1.0:3-1.0:4-1.0:5-1.0:6-1.0:7-1.0:8-1.0:9-1.0:10-1.0:18612-1.0:35347-5:35348-0:35349-50000.0:35350-2000.0:35351-300000.0:35352-150.0,25.21
0-1.0:2-1.0:3-1.0:4-1.0:5-1.0:6-1.0:7-1.0:8-1.0:9-1.0:10-1.0:18612-1.0:35347-5:35348-0:35349-50000.0:35350-2000.0:35351-300000.0:35352-500.0,19.0
0-1.0:2-1.0:3-1.0:4-1.0:5-1.0:6-1.0:7-1.0:8-1.0:9-1.0:10-1.0:18612-1.0:35347-5:35348-0:35349-50000.0:35350-2000.0:35351-300000.0:35352-750.0,18.73
0-1.0:2-1.0:3-1.0:4-1.0:5-1.0:6-1.0:7-1.0:8-1.0:9-1.0:10-1.0:18612-1.0:35347-5:35348-0:35349-50000.0:35350-2000.0:35351-300000.0:35352-1000.0,16.54
0-1.0:2-1.0:3-1.0:4-1.0:5-1.0:6-1.0:7-1.0:8-1.0:9-1.0:10-1.0:18612-1.0:35347-5:35348-0:35349-50000.0:35350-2000.0:35351-300000.0:35352-2500.0,14.29
0-1.0:2-1.0:3-1.0:4-1.0:5-1.0:6-1.0:7-1.0:8-1.0:9-1.0:10-1.0:18612-1.0:35347-5:35348-0:35349-50000.0:35350-2000.0:35351-300000.0:35352-5000.0,12.3
0-1.0:1-1.0:2-1.0:3-1.0:4-1.0:5-1.0:6-1.0:7-1.0:8-1.0:9-1.0:10-1.0:35347-5:35348-0:35349-50000.0:35350-2000.0:35351-500000.0:35352-100.0,34.35
0-1.0:2-1.0:3-1.0:4-1.0:5-1.0:6-1.0:7-1.0:8-1.0:9-1.0:10-1.0:18612-1.0:35347-5:35348-0:35349-50000.0:35350-2000.0:35351-500000.0:35352-150.0,24.59
0-1.0:2-1.0:3-1.0:4-1.0:5-1.0:6-1.0:7-1.0:8-1.0:9-1.0:10-1.0:18612-1.0:35347-5:35348-0:35349-50000.0:35350-2000.0:35351-500000.0:35352-250.0,21.16
0-1.0:2-1.0:3-1.0:4-1.0:5-1.0:6-1.0:7-1.0:8-1.0:9-1.0:10-1.0:18612-1.0:35347-5:35348-0:35349-50000.0:35350-2000.0:35351-500000.0:35352-500.0,20.66
0-1.0:2-1.0:3-1.0:4-1.0:5-1.0:6-1.0:7-1.0:8-1.0:9-1.0:10-1.0:18612-1.0:35347-5:35348-0:35349-50000.0:35350-2000.0:35351-500000.0:35352-1000.0,19.44
0-1.0:1-1.0:2-1.0:3-1.0:4-1.0:5-1.0:6-1.0:7-1.0:8-1.0:9-1.0:10-1.0:35347-5:35348-0:35349-50000.0:35350-2000.0:35351-500000.0:35352-5000.0,14.49
0-1.0:2-1.0:3-1.0:4-1.0:5-1.0:6-1.0:7-1.0:8-1.0:9-1.0:10-1.0:18612-1.0:35347-5:35348-0:35349-60000.0:35350-1000.0:35351-100000.0:35352-150.0,29.11
0-1.0:2-1.0:3-1.0:4-1.0:5-1.0:6-1.0:7-1.0:8-1.0:9-1.0:10-1.0:18612-1.0:35347-5:35348-0:35349-60000.0:35350-1000.0:35351-100000.0:35352-250.0,26.36
0-1.0:2-1.0:3-1.0:4-1.0:5-1.0:6-1.0:7-1.0:8-1.0:9-1.0:10-1.0:18612-1.0:35347-5:35348-0:35349-60000.0:35350-1000.0:35351-100000.0:35352-500.0,19.01
0-1.0:2-1.0:3-1.0:4-1.0:5-1.0:6-1.0:7-1.0:8-1.0:9-1.0:10-1.0:18612-1.0:35347-5:35348-0:35349-60000.0:35350-1000.0:35351-100000.0:35352-750.0,16.35
0-1.0:2-1.0:3-1.0:4-1.0:5-1.0:6-1.0:7-1.0:8-1.0:9-1.0:10-1.0:18612-1.0:35347-5:35348-0:35349-60000.0:35350-1000.0:35351-100000.0:35352-1500.0,15.5
0-1.0:2-1.0:3-1.0:4-1.0:5-1.0:6-1.0:7-1.0:8-1.0:9-1.0:10-1.0:18612-1.0:35347-5:35348-0:35349-60000.0:35350-1000.0:35351-100000.0:35352-2500.0,12.27
0-1.0:2-1.0:3-1.0:4-1.0:5-1.0:6-1.0:7-1.0:8-1.0:9-1.0:10-1.0:18612-1.0:35347-5:35348-0:35349-60000.0:35350-1000.0:35351-300000.0:35352-150.0,24.4
0-1.0:2-1.0:3-1.0:4-1.0:5-1.0:6-1.0:7-1.0:8-1.0:9-1.0:10-1.0:18612-1.0:35347-5:35348-0:35349-60000.0:35350-1000.0:35351-300000.0:35352-250.0,20.68
0-1.0:2-1.0:3-1.0:4-1.0:5-1.0:6-1.0:7-1.0:8-1.0:9-1.0:10-1.0:18612-1.0:35347-5:35348-0:35349-60000.0:35350-1000.0:35351-300000.0:35352-750.0,18.08
0-1.0:2-1.0:3-1.0:4-1.0:5-1.0:6-1.0:7-1.0:8-1.0:9-1.0:10-1.0:18612-1.0:35347-5:35348-0:35349-60000.0:35350-1000.0:35351-300000.0:35352-1000.0,21.3
0-1.0:2-1.0:3-1.0:4-1.0:5-1.0:6-1.0:7-1.0:8-1.0:9-1.0:10-1.0:18612-1.0:35347-5:35348-0:35349-60000.0:35350-1000.0:35351-300000.0:35352-1500.0,21.86
0-1.0:2-1.0:3-1.0:4-1.0:5-1.0:6-1.0:7-1.0:8-1.0:9-1.0:10-1.0:18612-1.0:35347-5:35348-0:35349-60000.0:35350-1000.0:35351-300000.0:35352-2500.0,15.04
0-1.0:2-1.0:3-1.0:4-1.0:5-1.0:6-1.0:7-1.0:8-1.0:9-1.0:10-1.0:18612-1.0:35347-5:35348-0:35349-60000.0:35350-1000.0:35351-300000.0:35352-5000.0,13.45
0-1.0:2-1.0:3-1.0:4-1.0:5-1.0:6-1.0:7-1.0:8-1.0:9-1.0:10-1.0:18612-1.0:35347-5:35348-0:35349-60000.0:35350-1000.0:35351-500000.0:35352-100.0,28.29
0-1.0:2-1.0:3-1.0:4-1.0:5-1.0:6-1.0:7-1.0:8-1.0:9-1.0:10-1.0:18612-1.0:35347-5:35348-0:35349-60000.0:35350-1000.0:35351-500000.0:35352-150.0,32.22
0-1.0:2-1.0:3-1.0:4-1.0:5-1.0:6-1.0:7-1.0:8-1.0:9-1.0:10-1.0:18612-1.0:35347-5:35348-0:35349-60000.0:35350-1000.0:35351-500000.0:35352-250.0,24.41
0-1.0:2-1.0:3-1.0:4-1.0:5-1.0:6-1.0:7-1.0:8-1.0:9-1.0:10-1.0:18612-1.0:35347-5:35348-0:35349-60000.0:35350-1000.0:35351-500000.0:35352-500.0,21.81
0-1.0:2-1.0:3-1.0:4-1.0:5-1.0:6-1.0:7-1.0:8-1.0:9-1.0:10-1.0:18612-1.0:35347-5:35348-0:35349-60000.0:35350-1000.0:35351-500000.0:35352-750.0,19.74
0-1.0:2-1.0:3-1.0:4-1.0:5-1.0:6-1.0:7-1.0:8-1.0:9-1.0:10-1.0:18612-1.0:35347-5:35348-0:35349-60000.0:35350-1000.0:35351-500000.0:35352-1000.0,18.81
0-1.0:2-1.0:3-1.0:4-1.0:5-1.0:6-1.0:7-1.0:8-1.0:9-1.0:10-1.0:18612-1.0:35347-5:35348-0:35349-60000.0:35350-1000.0:35351-500000.0:35352-1500.0,18.47
0-1.0:2-1.0:3-1.0:4-1.0:5-1.0:6-1.0:7-1.0:8-1.0:9-1.0:10-1.0:18612-1.0:35347-5:35348-0:35349-60000.0:35350-1000.0:35351-500000.0:35352-2500.0,28.26
0-1.0:2-1.0:3-1.0:4-1.0:5-1.0:6-1.0:7-1.0:8-1.0:9-1.0:10-1.0:18612-1.0:35347-5:35348-0:35349-60000.0:35350-1000.0:35351-500000.0:35352-5000.0,15.11
0-1.0:2-1.0:3-1.0:4-1.0:5-1.0:6-1.0:7-1.0:8-1.0:9-1.0:10-1.0:18612-1.0:35347-5:35348-0:35349-60000.0:35350-2000.0:35351-100000.0:35352-150.0,25.04
0-1.0:2-1.0:3-1.0:4-1.0:5-1.0:6-1.0:7-1.0:8-1.0:9-1.0:10-1.0:18612-1.0:35347-5:35348-0:35349-60000.0:35350-2000.0:35351-100000.0:35352-250.0,20.91
0-1.0:2-1.0:3-1.0:4-1.0:5-1.0:6-1.0:7-1.0:8-1.0:9-1.0:10-1.0:18612-1.0:35347-5:35348-0:35349-60000.0:35350-2000.0:35351-100000.0:35352-750.0,18.38
0-1.0:2-1.0:3-1.0:4-1.0:5-1.0:6-1.0:7-1.0:8-1.0:9-1.0:10-1.0:18612-1.0:35347-5:35348-0:35349-60000.0:35350-2000.0:35351-100000.0:35352-1000.0,16.15
0-1.0:1-1.0:2-1.0:3-1.0:4-1.0:5-1.0:6-1.0:7-1.0:8-1.0:9-1.0:10-1.0:35347-5:35348-0:35349-60000.0:35350-2000.0:35351-100000.0:35352-1500.0,15.75
0-1.0:2-1.0:3-1.0:4-1.0:5-1.0:6-1.0:7-1.0:8-1.0:9-1.0:10-1.0:18612-1.0:35347-5:35348-0:35349-60000.0:35350-2000.0:35351-100000.0:35352-2500.0,13.89
0-1.0:2-1.0:3-1.0:4-1.0:5-1.0:6-1.0:7-1.0:8-1.0:9-1.0:10-1.0:18612-1.0:35347-5:35348-0:35349-60000.0:35350-2000.0:35351-100000.0:35352-5000.0,14.02
0-1.0:2-1.0:3-1.0:4-1.0:5-1.0:6-1.0:7-1.0:8-1.0:9-1.0:10-1.0:18612-1.0:35347-5:35348-0:35349-60000.0:35350-2000.0:35351-300000.0:35352-100.0,28.16
0-1.0:2-1.0:3-1.0:4-1.0:5-1.0:6-1.0:7-1.0:8-1.0:9-1.0:10-1.0:18612-1.0:35347-5:35348-0:35349-60000.0:35350-2000.0:35351-300000.0:35352-150.0,27.13
0-1.0:2-1.0:3-1.0:4-1.0:5-1.0:6-1.0:7-1.0:8-1.0:9-1.0:10-1.0:18612-1.0:35347-5:35348-0:35349-60000.0:35350-2000.0:35351-300000.0:35352-250.0,23.41
0-1.0:2-1.0:3-1.0:4-1.0:5-1.0:6-1.0:7-1.0:8-1.0:9-1.0:10-1.0:18612-1.0:35347-5:35348-0:35349-60000.0:35350-2000.0:35351-300000.0:35352-500.0,20.39
0-1.0:2-1.0:3-1.0:4-1.0:5-1.0:6-1.0:7-1.0:8-1.0:9-1.0:10-1.0:18612-1.0:35347-5:35348-0:35349-60000.0:35350-2000.0:35351-300000.0:35352-1500.0,17.83
0-1.0:2-1.0:3-1.0:4-1.0:5-1.0:6-1.0:7-1.0:8-1.0:9-1.0:10-1.0:18612-1.0:35347-5:35348-0:35349-60000.0:35350-2000.0:35351-300000.0:35352-2500.0,15.97
0-1.0:2-1.0:3-1.0:4-1.0:5-1.0:6-1.0:7-1.0:8-1.0:9-1.0:10-1.0:18612-1.0:35347-5:35348-0:35349-60000.0:35350-2000.0:35351-500000.0:35352-100.0,30.35
0-1.0:2-1.0:3-1.0:4-1.0:5-1.0:6-1.0:7-1.0:8-1.0:9-1.0:10-1.0:18612-1.0:35347-5:35348-0:35349-60000.0:35350-2000.0:35351-500000.0:35352-150.0,26.81
0-1.0:2-1.0:3-1.0:4-1.0:5-1.0:6-1.0:7-1.0:8-1.0:9-1.0:10-1.0:18612-1.0:35347-5:35348-0:35349-60000.0:35350-2000.0:35351-500000.0:35352-250.0,22.6
0-1.0:2-1.0:3-1.0:4-1.0:5-1.0:6-1.0:7-1.0:8-1.0:9-1.0:10-1.0:18612-1.0:35347-5:35348-0:35349-60000.0:35350-2000.0:35351-500000.0:35352-500.0,21.11
0-1.0:2-1.0:3-1.0:4-1.0:5-1.0:6-1.0:7-1.0:8-1.0:9-1.0:10-1.0:18612-1.0:35347-5:35348-0:35349-60000.0:35350-2000.0:35351-500000.0:35352-1000.0,20.74
0-1.0:2-1.0:3-1.0:4-1.0:5-1.0:6-1.0:7-1.0:8-1.0:9-1.0:10-1.0:18612-1.0:35347-5:35348-0:35349-60000.0:35350-2000.0:35351-500000.0:35352-1500.0,19.5
0-1.0:2-1.0:3-1.0:4-1.0:5-1.0:6-1.0:7-1.0:8-1.0:9-1.0:10-1.0:18612-1.0:35347-5:35348-0:35349-60000.0:35350-2000.0:35351-500000.0:35352-2500.0,19.66
0-1.0:2-1.0:3-1.0:4-1.0:5-1.0:6-1.0:7-1.0:8-1.0:9-1.0:10-1.0:18612-1.0:35347-5:35348-0:35349-60000.0:35350-2000.0:35351-500000.0:35352-5000.0,15.36
0-1.0:2-1.0:3-1.0:4-1.0:5-1.0:6-1.0:7-1.0:8-1.0:9-1.0:10-1.0:18612-1.0:35347-5:35348-0:35349-70000.0:35350-1000.0:35351-100000.0:35352-150.0,23.97
0-1.0:1-1.0:2-1.0:3-1.0:4-1.0:5-1.0:6-1.0:7-1.0:8-1.0:9-1.0:10-1.0:35347-5:35348-0:35349-70000.0:35350-1000.0:35351-100000.0:35352-250.0,28.39
0-1.0:2-1.0:3-1.0:4-1.0:5-1.0:6-1.0:7-1.0:8-1.0:9-1.0:10-1.0:18612-1.0:35347-5:35348-0:35349-70000.0:35350-1000.0:35351-100000.0:35352-750.0,19.09
0-1.0:2-1.0:3-1.0:4-1.0:5-1.0:6-1.0:7-1.0:8-1.0:9-1.0:10-1.0:18612-1.0:35347-5:35348-0:35349-70000.0:35350-1000.0:35351-100000.0:35352-2500.0,14.65
0-1.0:2-1.0:3-1.0:4-1.0:5-1.0:6-1.0:7-1.0:8-1.0:9-1.0:10-1.0:18612-1.0:35347-5:35348-0:35349-70000.0:35350-1000.0:35351-100000.0:35352-5000.0,13.86
0-1.0:2-1.0:3-1.0:4-1.0:5-1.0:6-1.0:7-1.0:8-1.0:9-1.0:10-1.0:18612-1.0:35347-5:35348-0:35349-70000.0:35350-1000.0:35351-300000.0:35352-100.0,37.57
0-1.0:1-1.0:2-1.0:3-1.0:4-1.0:5-1.0:6-1.0:7-1.0:8-1.0:9-1.0:10-1.0:35347-5:35348-0:35349-70000.0:35350-1000.0:35351-300000.0:35352-150.0,36.15
0-1.0:2-1.0:3-1.0:4-1.0:5-1.0:6-1.0:7-1.0:8-1.0:9-1.0:10-1.0:18612-1.0:35347-5:35348-0:35349-70000.0:35350-1000.0:35351-300000.0:35352-250.0,22.5
0-1.0:2-1.0:3-1.0:4-1.0:5-1.0:6-1.0:7-1.0:8-1.0:9-1.0:10-1.0:18612-1.0:35347-5:35348-0:35349-70000.0:35350-1000.0:35351-300000.0:35352-500.0,20.46
0-1.0:2-1.0:3-1.0:4-1.0:5-1.0:6-1.0:7-1.0:8-1.0:9-1.0:10-1.0:18612-1.0:35347-5:35348-0:35349-70000.0:35350-1000.0:35351-300000.0:35352-750.0,19.26
0-1.0:2-1.0:3-1.0:4-1.0:5-1.0:6-1.0:7-1.0:8-1.0:9-1.0:10-1.0:18612-1.0:35347-5:35348-0:35349-70000.0:35350-1000.0:35351-300000.0:35352-1000.0,18.26
0-1.0:2-1.0:3-1.0:4-1.0:5-1.0:6-1.0:7-1.0:8-1.0:9-1.0:10-1.0:18612-1.0:35347-5:35348-0:35349-70000.0:35350-1000.0:35351-500000.0:35352-150.0,34.41
0-1.0:2-1.0:3-1.0:4-1.0:5-1.0:6-1.0:7-1.0:8-1.0:9-1.0:10-1.0:18612-1.0:35347-5:35348-0:35349-70000.0:35350-1000.0:35351-500000.0:35352-250.0,25.94
0-1.0:2-1.0:3-1.0:4-1.0:5-1.0:6-1.0:7-1.0:8-1.0:9-1.0:10-1.0:18612-1.0:35347-5:35348-0:35349-70000.0:35350-1000.0:35351-500000.0:35352-500.0,24.17
0-1.0:2-1.0:3-1.0:4-1.0:5-1.0:6-1.0:7-1.0:8-1.0:9-1.0:10-1.0:18612-1.0:35347-5:35348-0:35349-70000.0:35350-1000.0:35351-500000.0:35352-750.0,20.93
0-1.0:2-1.0:3-1.0:4-1.0:5-1.0:6-1.0:7-1.0:8-1.0:9-1.0:10-1.0:18612-1.0:35347-5:35348-0:35349-70000.0:35350-1000.0:35351-500000.0:35352-1500.0,20.76
0-1.0:2-1.0:3-1.0:4-1.0:5-1.0:6-1.0:7-1.0:8-1.0:9-1.0:10-1.0:18612-1.0:35347-5:35348-0:35349-70000.0:35350-1000.0:35351-500000.0:35352-2500.0,20.38
0-1.0:2-1.0:3-1.0:4-1.0:5-1.0:6-1.0:7-1.0:8-1.0:9-1.0:10-1.0:18612-1.0:35347-5:35348-0:35349-70000.0:35350-2000.0:35351-100000.0:35352-100.0,55.81
0-1.0:2-1.0:3-1.0:4-1.0:5-1.0:6-1.0:7-1.0:8-1.0:9-1.0:10-1.0:18612-1.0:35347-5:35348-0:35349-70000.0:35350-2000.0:35351-100000.0:35352-150.0,30.49
0-1.0:2-1.0:3-1.0:4-1.0:5-1.0:6-1.0:7-1.0:8-1.0:9-1.0:10-1.0:18612-1.0:35347-5:35348-0:35349-70000.0:35350-2000.0:35351-100000.0:35352-250.0,21.33
0-1.0:2-1.0:3-1.0:4-1.0:5-1.0:6-1.0:7-1.0:8-1.0:9-1.0:10-1.0:18612-1.0:35347-5:35348-0:35349-70000.0:35350-2000.0:35351-100000.0:35352-750.0,19.34
0-1.0:2-1.0:3-1.0:4-1.0:5-1.0:6-1.0:7-1.0:8-1.0:9-1.0:10-1.0:18612-1.0:35347-5:35348-0:35349-70000.0:35350-2000.0:35351-100000.0:35352-1000.0,18.23
0-1.0:1-1.0:2-1.0:3-1.0:4-1.0:5-1.0:6-1.0:7-1.0:8-1.0:9-1.0:10-1.0:35347-5:35348-0:35349-70000.0:35350-2000.0:35351-100000.0:35352-1500.0,19.15
0-1.0:2-1.0:3-1.0:4-1.0:5-1.0:6-1.0:7-1.0:8-1.0:9-1.0:10-1.0:18612-1.0:35347-5:35348-0:35349-70000.0:35350-2000.0:35351-100000.0:35352-2500.0,28.12
0-1.0:2-1.0:3-1.0:4-1.0:5-1.0:6-1.0:7-1.0:8-1.0:9-1.0:10-1.0:18612-1.0:35347-5:35348-0:35349-70000.0:35350-2000.0:35351-100000.0:35352-5000.0,22.25
0-1.0:2-1.0:3-1.0:4-1.0:5-1.0:6-1.0:7-1.0:8-1.0:9-1.0:10-1.0:18612-1.0:35347-5:35348-0:35349-70000.0:35350-2000.0:35351-300000.0:35352-100.0,27.3
0-1.0:2-1.0:3-1.0:4-1.0:5-1.0:6-1.0:7-1.0:8-1.0:9-1.0:10-1.0:18612-1.0:35347-5:35348-0:35349-70000.0:35350-2000.0:35351-300000.0:35352-150.0,28.97
0-1.0:2-1.0:3-1.0:4-1.0:5-1.0:6-1.0:7-1.0:8-1.0:9-1.0:10-1.0:18612-1.0:35347-5:35348-0:35349-70000.0:35350-2000.0:35351-300000.0:35352-250.0,22.31
0-1.0:2-1.0:3-1.0:4-1.0:5-1.0:6-1.0:7-1.0:8-1.0:9-1.0:10-1.0:18612-1.0:35347-5:35348-0:35349-70000.0:35350-2000.0:35351-300000.0:35352-500.0,25.84
0-1.0:2-1.0:3-1.0:4-1.0:5-1.0:6-1.0:7-1.0:8-1.0:9-1.0:10-1.0:18612-1.0:35347-5:35348-0:35349-70000.0:35350-2000.0:35351-300000.0:35352-750.0,21.42
0-1.0:2-1.0:3-1.0:4-1.0:5-1.0:6-1.0:7-1.0:8-1.0:9-1.0:10-1.0:18612-1.0:35347-5:35348-0:35349-70000.0:35350-2000.0:35351-300000.0:35352-1000.0,34.74
0-1.0:1-1.0:2-1.0:3-1.0:4-1.0:5-1.0:6-1.0:7-1.0:8-1.0:9-1.0:10-1.0:35347-5:35348-0:35349-70000.0:35350-2000.0:35351-300000.0:35352-1500.0,18.98
0-1.0:2-1.0:3-1.0:4-1.0:5-1.0:6-1.0:7-1.0:8-1.0:9-1.0:10-1.0:18612-1.0:35347-5:35348-0:35349-70000.0:35350-2000.0:35351-300000.0:35352-2500.0,16.25
0-1.0:2-1.0:3-1.0:4-1.0:5-1.0:6-1.0:7-1.0:8-1.0:9-1.0:10-1.0:18612-1.0:35347-5:35348-0:35349-70000.0:35350-2000.0:35351-300000.0:35352-5000.0,17.95
0-1.0:2-1.0:3-1.0:4-1.0:5-1.0:6-1.0:7-1.0:8-1.0:9-1.0:10-1.0:18612-1.0:35347-5:35348-0:35349-70000.0:35350-2000.0:35351-500000.0:35352-100.0,28.97
0-1.0:2-1.0:3-1.0:4-1.0:5-1.0:6-1.0:7-1.0:8-1.0:9-1.0:10-1.0:18612-1.0:35347-5:35348-0:35349-70000.0:35350-2000.0:35351-500000.0:35352-150.0,54.67
0-1.0:2-1.0:3-1.0:4-1.0:5-1.0:6-1.0:7-1.0:8-1.0:9-1.0:10-1.0:18612-1.0:35347-5:35348-0:35349-70000.0:35350-2000.0:35351-500000.0:35352-500.0,22.38
0-1.0:2-1.0:3-1.0:4-1.0:5-1.0:6-1.0:7-1.0:8-1.0:9-1.0:10-1.0:18612-1.0:35347-5:35348-0:35349-70000.0:35350-2000.0:35351-500000.0:35352-1500.0,20.65
0-1.0:2-1.0:3-1.0:4-1.0:5-1.0:6-1.0:7-1.0:8-1.0:9-1.0:10-1.0:18612-1.0:35347-5:35348-0:35349-70000.0:35350-2000.0:35351-500000.0:35352-2500.0,18.65
0-1.0:2-1.0:3-1.0:4-1.0:5-1.0:6-1.0:7-1.0:8-1.0:9-1.0:10-1.0:18612-1.0:35347-5:35348-0:35349-70000.0:35350-2000.0:35351-500000.0:35352-5000.0,16.75
0-1.0:2-1.0:3-1.0:4-1.0:5-1.0:6-1.0:7-1.0:8-1.0:9-1.0:10-1.0:18612-1.0:35347-5:35348-0:35349-80000.0:35350-1000.0:35351-100000.0:35352-150.0,32.15
0-1.0:1-1.0:2-1.0:3-1.0:4-1.0:5-1.0:6-1.0:7-1.0:8-1.0:9-1.0:10-1.0:35347-5:35348-0:35349-80000.0:35350-1000.0:35351-100000.0:35352-250.0,30.29
0-1.0:2-1.0:3-1.0:4-1.0:5-1.0:6-1.0:7-1.0:8-1.0:9-1.0:10-1.0:18612-1.0:35347-5:35348-0:35349-80000.0:35350-1000.0:35351-100000.0:35352-500.0,19.65
0-1.0:2-1.0:3-1.0:4-1.0:5-1.0:6-1.0:7-1.0:8-1.0:9-1.0:10-1.0:18612-1.0:35347-5:35348-0:35349-80000.0:35350-1000.0:35351-100000.0:35352-750.0,36.63
0-1.0:2-1.0:3-1.0:4-1.0:5-1.0:6-1.0:7-1.0:8-1.0:9-1.0:10-1.0:18612-1.0:35347-5:35348-0:35349-80000.0:35350-1000.0:35351-100000.0:35352-2500.0,14.09
0-1.0:2-1.0:3-1.0:4-1.0:5-1.0:6-1.0:7-1.0:8-1.0:9-1.0:10-1.0:18612-1.0:35347-5:35348-0:35349-80000.0:35350-1000.0:35351-300000.0:35352-100.0,28.78
0-1.0:2-1.0:3-1.0:4-1.0:5-1.0:6-1.0:7-1.0:8-1.0:9-1.0:10-1.0:18612-1.0:35347-5:35348-0:35349-80000.0:35350-1000.0:35351-300000.0:35352-250.0,25.81
0-1.0:1-1.0:2-1.0:3-1.0:4-1.0:5-1.0:6-1.0:7-1.0:8-1.0:9-1.0:10-1.0:35347-5:35348-0:35349-80000.0:35350-1000.0:35351-300000.0:35352-750.0,28.13
0-1.0:1-1.0:2-1.0:3-1.0:4-1.0:5-1.0:6-1.0:7-1.0:8-1.0:9-1.0:10-1.0:35347-5:35348-0:35349-80000.0:35350-1000.0:35351-300000.0:35352-1000.0,21.3
0-1.0:2-1.0:3-1.0:4-1.0:5-1.0:6-1.0:7-1.0:8-1.0:9-1.0:10-1.0:18612-1.0:35347-5:35348-0:35349-80000.0:35350-1000.0:35351-300000.0:35352-1500.0,19.88
0-1.0:2-1.0:3-1.0:4-1.0:5-1.0:6-1.0:7-1.0:8-1.0:9-1.0:10-1.0:18612-1.0:35347-5:35348-0:35349-80000.0:35350-1000.0:35351-300000.0:35352-2500.0,17.74
0-1.0:2-1.0:3-1.0:4-1.0:5-1.0:6-1.0:7-1.0:8-1.0:9-1.0:10-1.0:18612-1.0:35347-5:35348-0:35349-80000.0:35350-1000.0:35351-300000.0:35352-5000.0,13.83
0-1.0:2-1.0:3-1.0:4-1.0:5-1.0:6-1.0:7-1.0:8-1.0:9-1.0:10-1.0:18612-1.0:35347-5:35348-0:35349-80000.0:35350-1000.0:35351-500000.0:35352-100.0,33.41
0-1.0:2-1.0:3-1.0:4-1.0:5-1.0:6-1.0:7-1.0:8-1.0:9-1.0:10-1.0:18612-1.0:35347-5:35348-0:35349-80000.0:35350-1000.0:35351-500000.0:35352-500.0,28.4
0-1.0:2-1.0:3-1.0:4-1.0:5-1.0:6-1.0:7-1.0:8-1.0:9-1.0:10-1.0:18612-1.0:35347-5:35348-0:35349-80000.0:35350-1000.0:35351-500000.0:35352-750.0,23.14
0-1.0:2-1.0:3-1.0:4-1.0:5-1.0:6-1.0:7-1.0:8-1.0:9-1.0:10-1.0:18612-1.0:35347-5:35348-0:35349-80000.0:35350-1000.0:35351-500000.0:35352-2500.0,17.84
0-1.0:2-1.0:3-1.0:4-1.0:5-1.0:6-1.0:7-1.0:8-1.0:9-1.0:10-1.0:18612-1.0:35347-5:35348-0:35349-80000.0:35350-1000.0:35351-500000.0:35352-5000.0,29.78
0-1.0:2-1.0:3-1.0:4-1.0:5-1.0:6-1.0:7-1.0:8-1.0:9-1.0:10-1.0:18612-1.0:35347-5:35348-0:35349-80000.0:35350-2000.0:35351-100000.0:35352-150.0,25.88
0-1.0:2-1.0:3-1.0:4-1.0:5-1.0:6-1.0:7-1.0:8-1.0:9-1.0:10-1.0:18612-1.0:35347-5:35348-0:35349-80000.0:35350-2000.0:35351-100000.0:35352-500.0,22.08
0-1.0:2-1.0:3-1.0:4-1.0:5-1.0:6-1.0:7-1.0:8-1.0:9-1.0:10-1.0:18612-1.0:35347-5:35348-0:35349-80000.0:35350-2000.0:35351-100000.0:35352-750.0,19.02
0-1.0:1-1.0:2-1.0:3-1.0:4-1.0:5-1.0:6-1.0:7-1.0:8-1.0:9-1.0:10-1.0:35347-5:35348-0:35349-80000.0:35350-2000.0:35351-100000.0:35352-1000.0,19.47
0-1.0:2-1.0:3-1.0:4-1.0:5-1.0:6-1.0:7-1.0:8-1.0:9-1.0:10-1.0:18612-1.0:35347-5:35348-0:35349-80000.0:35350-2000.0:35351-100000.0:35352-1500.0,22.96
0-1.0:2-1.0:3-1.0:4-1.0:5-1.0:6-1.0:7-1.0:8-1.0:9-1.0:10-1.0:18612-1.0:35347-5:35348-0:35349-80000.0:35350-2000.0:35351-100000.0:35352-2500.0,14.34
0-1.0:2-1.0:3-1.0:4-1.0:5-1.0:6-1.0:7-1.0:8-1.0:9-1.0:10-1.0:18612-1.0:35347-5:35348-0:35349-80000.0:35350-2000.0:35351-100000.0:35352-5000.0,13.3
0-1.0:2-1.0:3-1.0:4-1.0:5-1.0:6-1.0:7-1.0:8-1.0:9-1.0:10-1.0:18612-1.0:35347-5:35348-0:35349-80000.0:35350-2000.0:35351-300000.0:35352-100.0,31.99
0-1.0:2-1.0:3-1.0:4-1.0:5-1.0:6-1.0:7-1.0:8-1.0:9-1.0:10-1.0:18612-1.0:35347-5:35348-0:35349-80000.0:35350-2000.0:35351-300000.0:35352-150.0,34.49
0-1.0:2-1.0:3-1.0:4-1.0:5-1.0:6-1.0:7-1.0:8-1.0:9-1.0:10-1.0:18612-1.0:35347-5:35348-0:35349-80000.0:35350-2000.0:35351-300000.0:35352-250.0,32.62
0-1.0:2-1.0:3-1.0:4-1.0:5-1.0:6-1.0:7-1.0:8-1.0:9-1.0:10-1.0:18612-1.0:35347-5:35348-0:35349-80000.0:35350-2000.0:35351-300000.0:35352-500.0,21.98
0-1.0:2-1.0:3-1.0:4-1.0:5-1.0:6-1.0:7-1.0:8-1.0:9-1.0:10-1.0:18612-1.0:35347-5:35348-0:35349-80000.0:35350-2000.0:35351-300000.0:35352-750.0,20.7
0-1.0:2-1.0:3-1.0:4-1.0:5-1.0:6-1.0:7-1.0:8-1.0:9-1.0:10-1.0:18612-1.0:35347-5:35348-0:35349-80000.0:35350-2000.0:35351-300000.0:35352-1000.0,19.63
0-1.0:2-1.0:3-1.0:4-1.0:5-1.0:6-1.0:7-1.0:8-1.0:9-1.0:10-1.0:18612-1.0:35347-5:35348-0:35349-80000.0:35350-2000.0:35351-300000.0:35352-1500.0,18.35
0-1.0:2-1.0:3-1.0:4-1.0:5-1.0:6-1.0:7-1.0:8-1.0:9-1.0:10-1.0:18612-1.0:35347-5:35348-0:35349-80000.0:35350-2000.0:35351-300000.0:35352-2500.0,16.43
0-1.0:2-1.0:3-1.0:4-1.0:5-1.0:6-1.0:7-1.0:8-1.0:9-1.0:10-1.0:18612-1.0:35347-5:35348-0:35349-80000.0:35350-2000.0:35351-300000.0:35352-5000.0,14.73
0-1.0:1-1.0:2-1.0:3-1.0:4-1.0:5-1.0:6-1.0:7-1.0:8-1.0:9-1.0:10-1.0:35347-5:35348-0:35349-80000.0:35350-2000.0:35351-500000.0:35352-100.0,41.86
0-1.0:1-1.0:2-1.0:3-1.0:4-1.0:5-1.0:6-1.0:7-1.0:8-1.0:9-1.0:10-1.0:35347-5:35348-0:35349-80000.0:35350-2000.0:35351-500000.0:35352-150.0,40.34
0-1.0:2-1.0:3-1.0:4-1.0:5-1.0:6-1.0:7-1.0:8-1.0:9-1.0:10-1.0:18612-1.0:35347-5:35348-0:35349-80000.0:35350-2000.0:35351-500000.0:35352-250.0,30.79
0-1.0:2-1.0:3-1.0:4-1.0:5-1.0:6-1.0:7-1.0:8-1.0:9-1.0:10-1.0:18612-1.0:35347-5:35348-0:35349-80000.0:35350-2000.0:35351-500000.0:35352-750.0,24.4
0-1.0:1-1.0:2-1.0:3-1.0:4-1.0:5-1.0:6-1.0:7-1.0:8-1.0:9-1.0:10-1.0:35347-5:35348-0:35349-80000.0:35350-2000.0:35351-500000.0:35352-1000.0,23.22
0-1.0:1-1.0:2-1.0:3-1.0:4-1.0:5-1.0:6-1.0:7-1.0:8-1.0:9-1.0:10-1.0:35347-5:35348-0:35349-80000.0:35350-2000.0:35351-500000.0:35352-1500.0,21.8
0-1.0:2-1.0:3-1.0:4-1.0:5-1.0:6-1.0:7-1.0:8-1.0:9-1.0:10-1.0:18612-1.0:35347-5:35348-0:35349-80000.0:35350-2000.0:35351-500000.0:35352-2500.0,18.41
0-1.0:2-1.0:3-1.0:4-1.0:5-1.0:6-1.0:7-1.0:8-1.0:9-1.0:10-1.0:18612-1.0:35347-5:35348-0:35349-80000.0:35350-2000.0:35351-500000.0:35352-5000.0,20.66
0-1.0:2-1.0:3-1.0:4-1.0:5-1.0:6-1.0:7-1.0:8-1.0:9-1.0:10-1.0:18612-1.0:35347-5:35348-0:35349-90000.0:35350-1000.0:35351-100000.0:35352-100.0,31.35
0-1.0:2-1.0:3-1.0:4-1.0:5-1.0:6-1.0:7-1.0:8-1.0:9-1.0:10-1.0:18612-1.0:35347-5:35348-0:35349-90000.0:35350-1000.0:35351-100000.0:35352-150.0,35.4
0-1.0:2-1.0:3-1.0:4-1.0:5-1.0:6-1.0:7-1.0:8-1.0:9-1.0:10-1.0:18612-1.0:35347-5:35348-0:35349-90000.0:35350-1000.0:35351-100000.0:35352-250.0,25.08
0-1.0:2-1.0:3-1.0:4-1.0:5-1.0:6-1.0:7-1.0:8-1.0:9-1.0:10-1.0:18612-1.0:35347-5:35348-0:35349-90000.0:35350-1000.0:35351-100000.0:35352-500.0,21.92
0-1.0:2-1.0:3-1.0:4-1.0:5-1.0:6-1.0:7-1.0:8-1.0:9-1.0:10-1.0:18612-1.0:35347-5:35348-0:35349-90000.0:35350-1000.0:35351-100000.0:35352-750.0,24.46
0-1.0:2-1.0:3-1.0:4-1.0:5-1.0:6-1.0:7-1.0:8-1.0:9-1.0:10-1.0:18612-1.0:35347-5:35348-0:35349-90000.0:35350-1000.0:35351-100000.0:35352-1500.0,18.81
0-1.0:2-1.0:3-1.0:4-1.0:5-1.0:6-1.0:7-1.0:8-1.0:9-1.0:10-1.0:18612-1.0:35347-5:35348-0:35349-90000.0:35350-1000.0:35351-100000.0:35352-5000.0,13.79
0-1.0:2-1.0:3-1.0:4-1.0:5-1.0:6-1.0:7-1.0:8-1.0:9-1.0:10-1.0:18612-1.0:35347-5:35348-0:35349-90000.0:35350-1000.0:35351-300000.0:35352-100.0,30.29
0-1.0:2-1.0:3-1.0:4-1.0:5-1.0:6-1.0:7-1.0:8-1.0:9-1.0:10-1.0:18612-1.0:35347-5:35348-0:35349-90000.0:35350-1000.0:35351-300000.0:35352-750.0,23.65
0-1.0:2-1.0:3-1.0:4-1.0:5-1.0:6-1.0:7-1.0:8-1.0:9-1.0:10-1.0:18612-1.0:35347-5:35348-0:35349-90000.0:35350-1000.0:35351-300000.0:35352-1000.0,23.98
0-1.0:2-1.0:3-1.0:4-1.0:5-1.0:6-1.0:7-1.0:8-1.0:9-1.0:10-1.0:18612-1.0:35347-5:35348-0:35349-90000.0:35350-1000.0:35351-300000.0:35352-2500.0,17.31
0-1.0:2-1.0:3-1.0:4-1.0:5-1.0:6-1.0:7-1.0:8-1.0:9-1.0:10-1.0:18612-1.0:35347-5:35348-0:35349-90000.0:35350-1000.0:35351-500000.0:35352-150.0,30.83
0-1.0:2-1.0:3-1.0:4-1.0:5-1.0:6-1.0:7-1.0:8-1.0:9-1.0:10-1.0:18612-1.0:35347-5:35348-0:35349-90000.0:35350-1000.0:35351-500000.0:35352-250.0,26.82
0-1.0:2-1.0:3-1.0:4-1.0:5-1.0:6-1.0:7-1.0:8-1.0:9-1.0:10-1.0:18612-1.0:35347-5:35348-0:35349-90000.0:35350-1000.0:35351-500000.0:35352-500.0,28.61
0-1.0:2-1.0:3-1.0:4-1.0:5-1.0:6-1.0:7-1.0:8-1.0:9-1.0:10-1.0:18612-1.0:35347-5:35348-0:35349-90000.0:35350-1000.0:35351-500000.0:35352-750.0,28.57
0-1.0:2-1.0:3-1.0:4-1.0:5-1.0:6-1.0:7-1.0:8-1.0:9-1.0:10-1.0:18612-1.0:35347-5:35348-0:35349-90000.0:35350-1000.0:35351-500000.0:35352-2500.0,22.8
0-1.0:2-1.0:3-1.0:4-1.0:5-1.0:6-1.0:7-1.0:8-1.0:9-1.0:10-1.0:18612-1.0:35347-5:35348-0:35349-90000.0:35350-1000.0:35351-500000.0:35352-5000.0,17.54
0-1.0:2-1.0:3-1.0:4-1.0:5-1.0:6-1.0:7-1.0:8-1.0:9-1.0:10-1.0:18612-1.0:35347-5:35348-0:35349-90000.0:35350-2000.0:35351-100000.0:35352-100.0,28.46
0-1.0:2-1.0:3-1.0:4-1.0:5-1.0:6-1.0:7-1.0:8-1.0:9-1.0:10-1.0:18612-1.0:35347-5:35348-0:35349-90000.0:35350-2000.0:35351-100000.0:35352-150.0,27.33
0-1.0:2-1.0:3-1.0:4-1.0:5-1.0:6-1.0:7-1.0:8-1.0:9-1.0:10-1.0:18612-1.0:35347-5:35348-0:35349-90000.0:35350-2000.0:35351-100000.0:35352-250.0,22.82
0-1.0:2-1.0:3-1.0:4-1.0:5-1.0:6-1.0:7-1.0:8-1.0:9-1.0:10-1.0:18612-1.0:35347-5:35348-0:35349-90000.0:35350-2000.0:35351-100000.0:35352-500.0,26.8
0-1.0:2-1.0:3-1.0:4-1.0:5-1.0:6-1.0:7-1.0:8-1.0:9-1.0:10-1.0:18612-1.0:35347-5:35348-0:35349-90000.0:35350-2000.0:35351-100000.0:35352-750.0,19.66
0-1.0:2-1.0:3-1.0:4-1.0:5-1.0:6-1.0:7-1.0:8-1.0:9-1.0:10-1.0:18612-1.0:35347-5:35348-0:35349-90000.0:35350-2000.0:35351-100000.0:35352-1000.0,18.53
0-1.0:2-1.0:3-1.0:4-1.0:5-1.0:6-1.0:7-1.0:8-1.0:9-1.0:10-1.0:18612-1.0:35347-5:35348-0:35349-90000.0:35350-2000.0:35351-100000.0:35352-2500.0,15.15
0-1.0:2-1.0:3-1.0:4-1.0:5-1.0:6-1.0:7-1.0:8-1.0:9-1.0:10-1.0:18612-1.0:35347-5:35348-0:35349-90000.0:35350-2000.0:35351-100000.0:35352-5000.0,12.66
0-1.0:2-1.0:3-1.0:4-1.0:5-1.0:6-1.0:7-1.0:8-1.0:9-1.0:10-1.0:18612-1.0:35347-5:35348-0:35349-90000.0:35350-2000.0:35351-300000.0:35352-100.0,42.42
0-1.0:2-1.0:3-1.0:4-1.0:5-1.0:6-1.0:7-1.0:8-1.0:9-1.0:10-1.0:18612-1.0:35347-5:35348-0:35349-90000.0:35350-2000.0:35351-300000.0:35352-150.0,56.5
0-1.0:2-1.0:3-1.0:4-1.0:5-1.0:6-1.0:7-1.0:8-1.0:9-1.0:10-1.0:18612-1.0:35347-5:35348-0:35349-90000.0:35350-2000.0:35351-300000.0:35352-250.0,34.4
0-1.0:2-1.0:3-1.0:4-1.0:5-1.0:6-1.0:7-1.0:8-1.0:9-1.0:10-1.0:18612-1.0:35347-5:35348-0:35349-90000.0:35350-2000.0:35351-300000.0:35352-500.0,25.4
0-1.0:2-1.0:3-1.0:4-1.0:5-1.0:6-1.0:7-1.0:8-1.0:9-1.0:10-1.0:18612-1.0:35347-5:35348-0:35349-90000.0:35350-2000.0:35351-300000.0:35352-750.0,21.74
0-1.0:2-1.0:3-1.0:4-1.0:5-1.0:6-1.0:7-1.0:8-1.0:9-1.0:10-1.0:18612-1.0:35347-5:35348-0:35349-90000.0:35350-2000.0:35351-300000.0:35352-1000.0,28.31
0-1.0:2-1.0:3-1.0:4-1.0:5-1.0:6-1.0:7-1.0:8-1.0:9-1.0:10-1.0:18612-1.0:35347-5:35348-0:35349-90000.0:35350-2000.0:35351-300000.0:35352-1500.0,19.64
0-1.0:2-1.0:3-1.0:4-1.0:5-1.0:6-1.0:7-1.0:8-1.0:9-1.0:10-1.0:18612-1.0:35347-5:35348-0:35349-90000.0:35350-2000.0:35351-300000.0:35352-2500.0,23.5
0-1.0:2-1.0:3-1.0:4-1.0:5-1.0:6-1.0:7-1.0:8-1.0:9-1.0:10-1.0:18612-1.0:35347-5:35348-0:35349-90000.0:35350-2000.0:35351-300000.0:35352-5000.0,19.97
0-1.0:2-1.0:3-1.0:4-1.0:5-1.0:6-1.0:7-1.0:8-1.0:9-1.0:10-1.0:18612-1.0:35347-5:35348-0:35349-90000.0:35350-2000.0:35351-500000.0:35352-100.0,35.35
0-1.0:2-1.0:3-1.0:4-1.0:5-1.0:6-1.0:7-1.0:8-1.0:9-1.0:10-1.0:18612-1.0:35347-5:35348-0:35349-90000.0:35350-2000.0:35351-500000.0:35352-150.0,31.68
0-1.0:2-1.0:3-1.0:4-1.0:5-1.0:6-1.0:7-1.0:8-1.0:9-1.0:10-1.0:18612-1.0:35347-5:35348-0:35349-90000.0:35350-2000.0:35351-500000.0:35352-500.0,46.45
0-1.0:2-1.0:3-1.0:4-1.0:5-1.0:6-1.0:7-1.0:8-1.0:9-1.0:10-1.0:18612-1.0:35347-5:35348-0:35349-90000.0:35350-2000.0:35351-500000.0:35352-750.0,23.41
0-1.0:2-1.0:3-1.0:4-1.0:5-1.0:6-1.0:7-1.0:8-1.0:9-1.0:10-1.0:18612-1.0:35347-5:35348-0:35349-90000.0:35350-2000.0:35351-500000.0:35352-1000.0,27.38
0-1.0:2-1.0:3-1.0:4-1.0:5-1.0:6-1.0:7-1.0:8-1.0:9-1.0:10-1.0:18612-1.0:35347-5:35348-0:35349-90000.0:35350-2000.0:35351-500000.0:35352-1500.0,23.2
0-1.0:2-1.0:3-1.0:4-1.0:5-1.0:6-1.0:7-1.0:8-1.0:9-1.0:10-1.0:18612-1.0:35347-5:35348-0:35349-90000.0:35350-2000.0:35351-500000.0:35352-5000.0,19.87
0-1.0:2-1.0:3-1.0:4-1.0:5-1.0:6-1.0:7-1.0:8-1.0:9-1.0:10-1.0:18612-1.0:35347-5:35348-0:35349-100000.0:35350-1000.0:35351-100000.0:35352-150.0,31.64
0-1.0:2-1.0:3-1.0:4-1.0:5-1.0:6-1.0:7-1.0:8-1.0:9-1.0:10-1.0:18612-1.0:35347-5:35348-0:35349-100000.0:35350-1000.0:35351-100000.0:35352-500.0,22.31
0-1.0:1-1.0:2-1.0:3-1.0:4-1.0:5-1.0:6-1.0:7-1.0:8-1.0:9-1.0:10-1.0:35347-5:35348-0:35349-100000.0:35350-1000.0:35351-100000.0:35352-1500.0,19.77
0-1.0:2-1.0:3-1.0:4-1.0:5-1.0:6-1.0:7-1.0:8-1.0:9-1.0:10-1.0:18612-1.0:35347-5:35348-0:35349-100000.0:35350-1000.0:35351-100000.0:35352-2500.0,15.66
0-1.0:2-1.0:3-1.0:4-1.0:5-1.0:6-1.0:7-1.0:8-1.0:9-1.0:10-1.0:18612-1.0:35347-5:35348-0:35349-100000.0:35350-1000.0:35351-100000.0:35352-5000.0,13.05
0-1.0:1-1.0:2-1.0:3-1.0:4-1.0:5-1.0:6-1.0:7-1.0:8-1.0:9-1.0:10-1.0:35347-5:35348-0:35349-100000.0:35350-1000.0:35351-300000.0:35352-100.0,35.04
0-1.0:2-1.0:3-1.0:4-1.0:5-1.0:6-1.0:7-1.0:8-1.0:9-1.0:10-1.0:18612-1.0:35347-5:35348-0:35349-100000.0:35350-1000.0:35351-300000.0:35352-150.0,30.56
0-1.0:2-1.0:3-1.0:4-1.0:5-1.0:6-1.0:7-1.0:8-1.0:9-1.0:10-1.0:18612-1.0:35347-5:35348-0:35349-100000.0:35350-1000.0:35351-300000.0:35352-500.0,23.91
0-1.0:2-1.0:3-1.0:4-1.0:5-1.0:6-1.0:7-1.0:8-1.0:9-1.0:10-1.0:18612-1.0:35347-5:35348-0:35349-100000.0:35350-1000.0:35351-300000.0:35352-750.0,22.49
0-1.0:2-1.0:3-1.0:4-1.0:5-1.0:6-1.0:7-1.0:8-1.0:9-1.0:10-1.0:18612-1.0:35347-5:35348-0:35349-100000.0:35350-1000.0:35351-300000.0:35352-1000.0,22.37
0-1.0:2-1.0:3-1.0:4-1.0:5-1.0:6-1.0:7-1.0:8-1.0:9-1.0:10-1.0:18612-1.0:35347-5:35348-0:35349-100000.0:35350-1000.0:35351-300000.0:35352-1500.0,21.86
0-1.0:2-1.0:3-1.0:4-1.0:5-1.0:6-1.0:7-1.0:8-1.0:9-1.0:10-1.0:18612-1.0:35347-5:35348-0:35349-100000.0:35350-1000.0:35351-300000.0:35352-2500.0,19.48
0-1.0:2-1.0:3-1.0:4-1.0:5-1.0:6-1.0:7-1.0:8-1.0:9-1.0:10-1.0:18612-1.0:35347-5:35348-0:35349-100000.0:35350-1000.0:35351-300000.0:35352-5000.0,16.58
0-1.0:2-1.0:3-1.0:4-1.0:5-1.0:6-1.0:7-1.0:8-1.0:9-1.0:10-1.0:18612-1.0:35347-5:35348-0:35349-100000.0:35350-1000.0:35351-500000.0:35352-100.0,37.34
0-1.0:2-1.0:3-1.0:4-1.0:5-1.0:6-1.0:7-1.0:8-1.0:9-1.0:10-1.0:18612-1.0:35347-5:35348-0:35349-100000.0:35350-1000.0:35351-500000.0:35352-500.0,32.29
0-1.0:2-1.0:3-1.0:4-1.0:5-1.0:6-1.0:7-1.0:8-1.0:9-1.0:10-1.0:18612-1.0:35347-5:35348-0:35349-100000.0:35350-1000.0:35351-500000.0:35352-750.0,26.42
0-1.0:2-1.0:3-1.0:4-1.0:5-1.0:6-1.0:7-1.0:8-1.0:9-1.0:10-1.0:18612-1.0:35347-5:35348-0:35349-100000.0:35350-1000.0:35351-500000.0:35352-1000.0,22.97
0-1.0:2-1.0:3-1.0:4-1.0:5-1.0:6-1.0:7-1.0:8-1.0:9-1.0:10-1.0:18612-1.0:35347-5:35348-0:35349-100000.0:35350-1000.0:35351-500000.0:35352-1500.0,26.51
0-1.0:2-1.0:3-1.0:4-1.0:5-1.0:6-1.0:7-1.0:8-1.0:9-1.0:10-1.0:18612-1.0:35347-5:35348-0:35349-100000.0:35350-1000.0:35351-500000.0:35352-5000.0,16.8
0-1.0:2-1.0:3-1.0:4-1.0:5-1.0:6-1.0:7-1.0:8-1.0:9-1.0:10-1.0:18612-1.0:35347-5:35348-0:35349-100000.0:35350-2000.0:35351-100000.0:35352-100.0,29.91
0-1.0:1-1.0:2-1.0:3-1.0:4-1.0:5-1.0:6-1.0:7-1.0:8-1.0:9-1.0:10-1.0:35347-5:35348-0:35349-100000.0:35350-2000.0:35351-100000.0:35352-500.0,24.5
0-1.0:2-1.0:3-1.0:4-1.0:5-1.0:6-1.0:7-1.0:8-1.0:9-1.0:10-1.0:18612-1.0:35347-5:35348-0:35349-100000.0:35350-2000.0:35351-100000.0:35352-1000.0,19.47
0-1.0:2-1.0:3-1.0:4-1.0:5-1.0:6-1.0:7-1.0:8-1.0:9-1.0:10-1.0:18612-1.0:35347-5:35348-0:35349-100000.0:35350-2000.0:35351-100000.0:35352-2500.0,15.91
0-1.0:1-1.0:2-1.0:3-1.0:4-1.0:5-1.0:6-1.0:7-1.0:8-1.0:9-1.0:10-1.0:35347-5:35348-0:35349-100000.0:35350-2000.0:35351-100000.0:35352-5000.0,18.8
0-1.0:2-1.0:3-1.0:4-1.0:5-1.0:6-1.0:7-1.0:8-1.0:9-1.0:10-1.0:18612-1.0:35347-5:35348-0:35349-100000.0:35350-2000.0:35351-300000.0:35352-100.0,31.99
0-1.0:2-1.0:3-1.0:4-1.0:5-1.0:6-1.0:7-1.0:8-1.0:9-1.0:10-1.0:18612-1.0:35347-5:35348-0:35349-100000.0:35350-2000.0:35351-300000.0:35352-150.0,38.75
0-1.0:1-1.0:2-1.0:3-1.0:4-1.0:5-1.0:6-1.0:7-1.0:8-1.0:9-1.0:10-1.0:35347-5:35348-0:35349-100000.0:35350-2000.0:35351-300000.0:35352-500.0,26.59
0-1.0:2-1.0:3-1.0:4-1.0:5-1.0:6-1.0:7-1.0:8-1.0:9-1.0:10-1.0:18612-1.0:35347-5:35348-0:35349-100000.0:35350-2000.0:35351-300000.0:35352-750.0,28.43
0-1.0:2-1.0:3-1.0:4-1.0:5-1.0:6-1.0:7-1.0:8-1.0:9-1.0:10-1.0:18612-1.0:35347-5:35348-0:35349-100000.0:35350-2000.0:35351-300000.0:35352-1000.0,21.55
0-1.0:2-1.0:3-1.0:4-1.0:5-1.0:6-1.0:7-1.0:8-1.0:9-1.0:10-1.0:18612-1.0:35347-5:35348-0:35349-100000.0:35350-2000.0:35351-300000.0:35352-1500.0,20.13
0-1.0:2-1.0:3-1.0:4-1.0:5-1.0:6-1.0:7-1.0:8-1.0:9-1.0:10-1.0:18612-1.0:35347-5:35348-0:35349-100000.0:35350-2000.0:35351-300000.0:35352-2500.0,19.73
0-1.0:2-1.0:3-1.0:4-1.0:5-1.0:6-1.0:7-1.0:8-1.0:9-1.0:10-1.0:18612-1.0:35347-5:35348-0:35349-100000.0:35350-2000.0:35351-300000.0:35352-5000.0,19.95
0-1.0:2-1.0:3-1.0:4-1.0:5-1.0:6-1.0:7-1.0:8-1.0:9-1.0:10-1.0:18612-1.0:35347-5:35348-0:35349-100000.0:35350-2000.0:35351-500000.0:35352-100.0,35.31
0-1.0:1-1.0:2-1.0:3-1.0:4-1.0:5-1.0:6-1.0:7-1.0:8-1.0:9-1.0:10-1.0:35347-5:35348-0:35349-100000.0:35350-2000.0:35351-500000.0:35352-150.0,44.47
0-1.0:2-1.0:3-1.0:4-1.0:5-1.0:6-1.0:7-1.0:8-1.0:9-1.0:10-1.0:18612-1.0:35347-5:35348-0:35349-100000.0:35350-2000.0:35351-500000.0:35352-250.0,27.73
0-1.0:2-1.0:3-1.0:4-1.0:5-1.0:6-1.0:7-1.0:8-1.0:9-1.0:10-1.0:18612-1.0:35347-5:35348-0:35349-100000.0:35350-2000.0:35351-500000.0:35352-500.0,28.72
0-1.0:2-1.0:3-1.0:4-1.0:5-1.0:6-1.0:7-1.0:8-1.0:9-1.0:10-1.0:18612-1.0:35347-5:35348-0:35349-100000.0:35350-2000.0:35351-500000.0:35352-1000.0,28.18
0-1.0:2-1.0:3-1.0:4-1.0:5-1.0:6-1.0:7-1.0:8-1.0:9-1.0:10-1.0:18612-1.0:35347-5:35348-0:35349-100000.0:35350-2000.0:35351-500000.0:35352-2500.0,24.03
0-1.0:1-1.0:2-1.0:3-1.0:4-1.0:5-1.0:6-1.0:7-1.0:8-1.0:9-1.0:10-1.0:35347-1:35348-0:35349-60000.0:35350-1000.0:35351-100000.0:35352-1500.0,18.67
0-1.0:1-1.0:2-1.0:3-1.0:4-1.0:5-1.0:6-1.0:7-1.0:8-1.0:9-1.0:10-1.0:35347-1:35348-0:35349-60000.0:35350-1000.0:35351-100000.0:35352-2500.0,32.81
0-1.0:1-1.0:2-1.0:3-1.0:4-1.0:5-1.0:6-1.0:7-1.0:8-1.0:9-1.0:10-1.0:35347-1:35348-0:35349-60000.0:35350-1000.0:35351-100000.0:35352-5000.0,13.69
0-1.0:1-1.0:2-1.0:3-1.0:4-1.0:5-1.0:6-1.0:7-1.0:8-1.0:9-1.0:10-1.0:35347-1:35348-0:35349-60000.0:35350-1000.0:35351-300000.0:35352-100.0,64.22
0-1.0:1-1.0:2-1.0:3-1.0:4-1.0:5-1.0:6-1.0:7-1.0:8-1.0:9-1.0:10-1.0:35347-1:35348-0:35349-60000.0:35350-1000.0:35351-300000.0:35352-150.0,31.95
0-1.0:1-1.0:2-1.0:3-1.0:4-1.0:5-1.0:6-1.0:7-1.0:8-1.0:9-1.0:10-1.0:35347-1:35348-0:35349-60000.0:35350-1000.0:35351-300000.0:35352-250.0,33.85
0-1.0:1-1.0:2-1.0:3-1.0:4-1.0:5-1.0:6-1.0:7-1.0:8-1.0:9-1.0:10-1.0:35347-1:35348-0:35349-60000.0:35350-1000.0:35351-300000.0:35352-500.0,31.31
0-1.0:1-1.0:2-1.0:3-1.0:4-1.0:5-1.0:6-1.0:7-1.0:8-1.0:9-1.0:10-1.0:35347-1:35348-0:35349-60000.0:35350-1000.0:35351-300000.0:35352-750.0,23.49
0-1.0:1-1.0:2-1.0:3-1.0:4-1.0:5-1.0:6-1.0:7-1.0:8-1.0:9-1.0:10-1.0:35347-1:35348-0:35349-60000.0:35350-1000.0:35351-300000.0:35352-1000.0,27.81
0-1.0:1-1.0:2-1.0:3-1.0:4-1.0:5-1.0:6-1.0:7-1.0:8-1.0:9-1.0:10-1.0:35347-1:35348-0:35349-60000.0:35350-1000.0:35351-300000.0:35352-1500.0,39.37
0-1.0:1-1.0:2-1.0:3-1.0:4-1.0:5-1.0:6-1.0:7-1.0:8-1.0:9-1.0:10-1.0:35347-1:35348-0:35349-60000.0:35350-1000.0:35351-300000.0:35352-2500.0,18.51
0-1.0:1-1.0:2-1.0:3-1.0:4-1.0:5-1.0:6-1.0:7-1.0:8-1.0:9-1.0:10-1.0:35347-1:35348-0:35349-60000.0:35350-1000.0:35351-300000.0:35352-5000.0,15.78
0-1.0:1-1.0:2-1.0:3-1.0:4-1.0:5-1.0:6-1.0:7-1.0:8-1.0:9-1.0:10-1.0:35347-1:35348-0:35349-60000.0:35350-1000.0:35351-500000.0:35352-100.0,34.87
0-1.0:1-1.0:2-1.0:3-1.0:4-1.0:5-1.0:6-1.0:7-1.0:8-1.0:9-1.0:10-1.0:35347-1:35348-0:35349-60000.0:35350-1000.0:35351-500000.0:35352-150.0,41.87
0-1.0:1-1.0:2-1.0:3-1.0:4-1.0:5-1.0:6-1.0:7-1.0:8-1.0:9-1.0:10-1.0:35347-1:35348-0:35349-60000.0:35350-1000.0:35351-500000.0:35352-250.0,53.46
0-1.0:1-1.0:2-1.0:3-1.0:4-1.0:5-1.0:6-1.0:7-1.0:8-1.0:9-1.0:10-1.0:35347-1:35348-0:35349-60000.0:35350-1000.0:35351-500000.0:35352-500.0,26.65
0-1.0:1-1.0:2-1.0:3-1.0:4-1.0:5-1.0:6-1.0:7-1.0:8-1.0:9-1.0:10-1.0:35347-1:35348-0:35349-60000.0:35350-1000.0:35351-500000.0:35352-750.0,46.5
0-1.0:1-1.0:2-1.0:3-1.0:4-1.0:5-1.0:6-1.0:7-1.0:8-1.0:9-1.0:10-1.0:35347-1:35348-0:35349-60000.0:35350-1000.0:35351-500000.0:35352-1000.0,29.48
0-1.0:1-1.0:2-1.0:3-1.0:4-1.0:5-1.0:6-1.0:7-1.0:8-1.0:9-1.0:10-1.0:35347-1:35348-0:35349-60000.0:35350-1000.0:35351-500000.0:35352-1500.0,22.42
0-1.0:1-1.0:2-1.0:3-1.0:4-1.0:5-1.0:6-1.0:7-1.0:8-1.0:9-1.0:10-1.0:35347-1:35348-0:35349-60000.0:35350-1000.0:35351-500000.0:35352-2500.0,20.18
0-1.0:1-1.0:2-1.0:3-1.0:4-1.0:5-1.0:6-1.0:7-1.0:8-1.0:9-1.0:10-1.0:35347-1:35348-0:35349-60000.0:35350-1000.0:35351-500000.0:35352-5000.0,21.22
0-1.0:1-1.0:2-1.0:3-1.0:4-1.0:5-1.0:6-1.0:7-1.0:8-1.0:9-1.0:10-1.0:35347-1:35348-0:35349-60000.0:35350-2000.0:35351-100000.0:35352-100.0,39.95
0-1.0:1-1.0:2-1.0:3-1.0:4-1.0:5-1.0:6-1.0:7-1.0:8-1.0:9-1.0:10-1.0:35347-1:35348-0:35349-60000.0:35350-2000.0:35351-100000.0:35352-150.0,30.12
0-1.0:1-1.0:2-1.0:3-1.0:4-1.0:5-1.0:6-1.0:7-1.0:8-1.0:9-1.0:10-1.0:35347-1:35348-0:35349-60000.0:35350-2000.0:35351-100000.0:35352-250.0,25.14
0-1.0:1-1.0:2-1.0:3-1.0:4-1.0:5-1.0:6-1.0:7-1.0:8-1.0:9-1.0:10-1.0:35347-1:35348-0:35349-60000.0:35350-2000.0:35351-100000.0:35352-500.0,29.47
0-1.0:1-1.0:2-1.0:3-1.0:4-1.0:5-1.0:6-1.0:7-1.0:8-1.0:9-1.0:10-1.0:35347-1:35348-0:35349-60000.0:35350-2000.0:35351-100000.0:35352-750.0,21.66
0-1.0:1-1.0:2-1.0:3-1.0:4-1.0:5-1.0:6-1.0:7-1.0:8-1.0:9-1.0:10-1.0:35347-1:35348-0:35349-60000.0:35350-2000.0:35351-100000.0:35352-1000.0,25.98
0-1.0:1-1.0:2-1.0:3-1.0:4-1.0:5-1.0:6-1.0:7-1.0:8-1.0:9-1.0:10-1.0:35347-1:35348-0:35349-60000.0:35350-2000.0:35351-100000.0:35352-1500.0,18.92
0-1.0:1-1.0:2-1.0:3-1.0:4-1.0:5-1.0:6-1.0:7-1.0:8-1.0:9-1.0:10-1.0:35347-1:35348-0:35349-60000.0:35350-2000.0:35351-100000.0:35352-2500.0,16.68
0-1.0:1-1.0:2-1.0:3-1.0:4-1.0:5-1.0:6-1.0:7-1.0:8-1.0:9-1.0:10-1.0:35347-1:35348-0:35349-60000.0:35350-2000.0:35351-100000.0:35352-5000.0,13.94
0-1.0:1-1.0:2-1.0:3-1.0:4-1.0:5-1.0:6-1.0:7-1.0:8-1.0:9-1.0:10-1.0:35347-1:35348-0:35349-60000.0:35350-2000.0:35351-300000.0:35352-100.0,37.61
0-1.0:1-1.0:2-1.0:3-1.0:4-1.0:5-1.0:6-1.0:7-1.0:8-1.0:9-1.0:10-1.0:35347-1:35348-0:35349-60000.0:35350-2000.0:35351-300000.0:35352-150.0,40.45
0-1.0:1-1.0:2-1.0:3-1.0:4-1.0:5-1.0:6-1.0:7-1.0:8-1.0:9-1.0:10-1.0:35347-1:35348-0:35349-60000.0:35350-2000.0:35351-300000.0:35352-250.0,34.1
0-1.0:1-1.0:2-1.0:3-1.0:4-1.0:5-1.0:6-1.0:7-1.0:8-1.0:9-1.0:10-1.0:35347-1:35348-0:35349-60000.0:35350-2000.0:35351-300000.0:35352-500.0,25.24
0-1.0:1-1.0:2-1.0:3-1.0:4-1.0:5-1.0:6-1.0:7-1.0:8-1.0:9-1.0:10-1.0:35347-1:35348-0:35349-60000.0:35350-2000.0:35351-300000.0:35352-750.0,23.74
0-1.0:1-1.0:2-1.0:3-1.0:4-1.0:5-1.0:6-1.0:7-1.0:8-1.0:9-1.0:10-1.0:35347-1:35348-0:35349-60000.0:35350-2000.0:35351-300000.0:35352-1000.0,22.5
0-1.0:1-1.0:2-1.0:3-1.0:4-1.0:5-1.0:6-1.0:7-1.0:8-1.0:9-1.0:10-1.0:35347-1:35348-0:35349-60000.0:35350-2000.0:35351-300000.0:35352-1500.0,26.15
0-1.0:1-1.0:2-1.0:3-1.0:4-1.0:5-1.0:6-1.0:7-1.0:8-1.0:9-1.0:10-1.0:35347-1:35348-0:35349-60000.0:35350-2000.0:35351-300000.0:35352-2500.0,18.76
0-1.0:1-1.0:2-1.0:3-1.0:4-1.0:5-1.0:6-1.0:7-1.0:8-1.0:9-1.0:10-1.0:35347-1:35348-0:35349-60000.0:35350-2000.0:35351-300000.0:35352-5000.0,16.02
0-1.0:1-1.0:2-1.0:3-1.0:4-1.0:5-1.0:6-1.0:7-1.0:8-1.0:9-1.0:10-1.0:35347-1:35348-0:35349-60000.0:35350-2000.0:35351-500000.0:35352-100.0,43.71
0-1.0:1-1.0:2-1.0:3-1.0:4-1.0:5-1.0:6-1.0:7-1.0:8-1.0:9-1.0:10-1.0:35347-1:35348-0:35349-60000.0:35350-2000.0:35351-500000.0:35352-150.0,33.87
0-1.0:1-1.0:2-1.0:3-1.0:4-1.0:5-1.0:6-1.0:7-1.0:8-1.0:9-1.0:10-1.0:35347-1:35348-0:35349-60000.0:35350-2000.0:35351-500000.0:35352-250.0,28.89
0-1.0:1-1.0:2-1.0:3-1.0:4-1.0:5-1.0:6-1.0:7-1.0:8-1.0:9-1.0:10-1.0:35347-1:35348-0:35349-60000.0:35350-2000.0:35351-500000.0:35352-500.0,26.9
0-1.0:1-1.0:2-1.0:3-1.0:4-1.0:5-1.0:6-1.0:7-1.0:8-1.0:9-1.0:10-1.0:35347-1:35348-0:35349-60000.0:35350-2000.0:35351-500000.0:35352-750.0,46.75
0-1.0:1-1.0:2-1.0:3-1.0:4-1.0:5-1.0:6-1.0:7-1.0:8-1.0:9-1.0:10-1.0:35347-1:35348-0:35349-60000.0:35350-2000.0:35351-500000.0:35352-1000.0,24.16
0-1.0:1-1.0:2-1.0:3-1.0:4-1.0:5-1.0:6-1.0:7-1.0:8-1.0:9-1.0:10-1.0:35347-1:35348-0:35349-60000.0:35350-2000.0:35351-500000.0:35352-1500.0,41.28
0-1.0:1-1.0:2-1.0:3-1.0:4-1.0:5-1.0:6-1.0:7-1.0:8-1.0:9-1.0:10-1.0:35347-1:35348-0:35349-60000.0:35350-2000.0:35351-500000.0:35352-2500.0,20.43
0-1.0:1-1.0:2-1.0:3-1.0:4-1.0:5-1.0:6-1.0:7-1.0:8-1.0:9-1.0:10-1.0:35347-1:35348-0:35349-60000.0:35350-2000.0:35351-500000.0:35352-5000.0,17.69
0-1.0:1-1.0:2-1.0:3-1.0:4-1.0:5-1.0:6-1.0:7-1.0:8-1.0:9-1.0:10-1.0:35347-1:35348-0:35349-70000.0:35350-1000.0:35351-100000.0:35352-100.0,33.42
0-1.0:1-1.0:2-1.0:3-1.0:4-1.0:5-1.0:6-1.0:7-1.0:8-1.0:9-1.0:10-1.0:35347-1:35348-0:35349-70000.0:35350-1000.0:35351-100000.0:35352-150.0,32.09
0-1.0:1-1.0:2-1.0:3-1.0:4-1.0:5-1.0:6-1.0:7-1.0:8-1.0:9-1.0:10-1.0:35347-1:35348-0:35349-70000.0:35350-1000.0:35351-100000.0:35352-250.0,26.74
0-1.0:1-1.0:2-1.0:3-1.0:4-1.0:5-1.0:6-1.0:7-1.0:8-1.0:9-1.0:10-1.0:35347-1:35348-0:35349-70000.0:35350-1000.0:35351-100000.0:35352-500.0,24.6
0-1.0:1-1.0:2-1.0:3-1.0:4-1.0:5-1.0:6-1.0:7-1.0:8-1.0:9-1.0:10-1.0:35347-1:35348-0:35349-70000.0:35350-1000.0:35351-100000.0:35352-750.0,23.0
0-1.0:1-1.0:2-1.0:3-1.0:4-1.0:5-1.0:6-1.0:7-1.0:8-1.0:9-1.0:10-1.0:35347-1:35348-0:35349-70000.0:35350-1000.0:35351-100000.0:35352-1500.0,20.06
0-1.0:1-1.0:2-1.0:3-1.0:4-1.0:5-1.0:6-1.0:7-1.0:8-1.0:9-1.0:10-1.0:35347-1:35348-0:35349-70000.0:35350-1000.0:35351-100000.0:35352-2500.0,22.57
0-1.0:1-1.0:2-1.0:3-1.0:4-1.0:5-1.0:6-1.0:7-1.0:8-1.0:9-1.0:10-1.0:35347-1:35348-0:35349-70000.0:35350-1000.0:35351-100000.0:35352-5000.0,14.71
0-1.0:1-1.0:2-1.0:3-1.0:4-1.0:5-1.0:6-1.0:7-1.0:8-1.0:9-1.0:10-1.0:35347-1:35348-0:35349-70000.0:35350-1000.0:35351-300000.0:35352-100.0,35.51
0-1.0:1-1.0:2-1.0:3-1.0:4-1.0:5-1.0:6-1.0:7-1.0:8-1.0:9-1.0:10-1.0:35347-1:35348-0:35349-70000.0:35350-1000.0:35351-300000.0:35352-150.0,34.17
0-1.0:1-1.0:2-1.0:3-1.0:4-1.0:5-1.0:6-1.0:7-1.0:8-1.0:9-1.0:10-1.0:35347-1:35348-0:35349-70000.0:35350-1000.0:35351-300000.0:35352-250.0,28.82
0-1.0:1-1.0:2-1.0:3-1.0:4-1.0:5-1.0:6-1.0:7-1.0:8-1.0:9-1.0:10-1.0:35347-1:35348-0:35349-70000.0:35350-1000.0:35351-300000.0:35352-500.0,26.68
0-1.0:1-1.0:2-1.0:3-1.0:4-1.0:5-1.0:6-1.0:7-1.0:8-1.0:9-1.0:10-1.0:35347-1:35348-0:35349-70000.0:35350-1000.0:35351-300000.0:35352-750.0,31.5
0-1.0:1-1.0:2-1.0:3-1.0:4-1.0:5-1.0:6-1.0:7-1.0:8-1.0:9-1.0:10-1.0:35347-1:35348-0:35349-70000.0:35350-1000.0:35351-300000.0:35352-1000.0,23.74
0-1.0:1-1.0:2-1.0:3-1.0:4-1.0:5-1.0:6-1.0:7-1.0:8-1.0:9-1.0:10-1.0:35347-1:35348-0:35349-70000.0:35350-1000.0:35351-300000.0:35352-1500.0,22.14
0-1.0:1-1.0:2-1.0:3-1.0:4-1.0:5-1.0:6-1.0:7-1.0:8-1.0:9-1.0:10-1.0:35347-1:35348-0:35349-70000.0:35350-1000.0:35351-300000.0:35352-2500.0,19.73
0-1.0:1-1.0:2-1.0:3-1.0:4-1.0:5-1.0:6-1.0:7-1.0:8-1.0:9-1.0:10-1.0:35347-1:35348-0:35349-70000.0:35350-1000.0:35351-300000.0:35352-5000.0,16.79
0-1.0:1-1.0:2-1.0:3-1.0:4-1.0:5-1.0:6-1.0:7-1.0:8-1.0:9-1.0:10-1.0:35347-1:35348-0:35349-70000.0:35350-1000.0:35351-500000.0:35352-100.0,41.7
0-1.0:1-1.0:2-1.0:3-1.0:4-1.0:5-1.0:6-1.0:7-1.0:8-1.0:9-1.0:10-1.0:35347-1:35348-0:35349-70000.0:35350-1000.0:35351-500000.0:35352-150.0,44.79
0-1.0:1-1.0:2-1.0:3-1.0:4-1.0:5-1.0:6-1.0:7-1.0:8-1.0:9-1.0:10-1.0:35347-1:35348-0:35349-70000.0:35350-1000.0:35351-500000.0:35352-250.0,30.49
0-1.0:1-1.0:2-1.0:3-1.0:4-1.0:5-1.0:6-1.0:7-1.0:8-1.0:9-1.0:10-1.0:35347-1:35348-0:35349-70000.0:35350-1000.0:35351-500000.0:35352-500.0,28.35
0-1.0:1-1.0:2-1.0:3-1.0:4-1.0:5-1.0:6-1.0:7-1.0:8-1.0:9-1.0:10-1.0:35347-1:35348-0:35349-70000.0:35350-1000.0:35351-500000.0:35352-750.0,26.75
0-1.0:1-1.0:2-1.0:3-1.0:4-1.0:5-1.0:6-1.0:7-1.0:8-1.0:9-1.0:10-1.0:35347-1:35348-0:35349-70000.0:35350-1000.0:35351-500000.0:35352-1000.0,31.45
0-1.0:1-1.0:2-1.0:3-1.0:4-1.0:5-1.0:6-1.0:7-1.0:8-1.0:9-1.0:10-1.0:35347-1:35348-0:35349-70000.0:35350-1000.0:35351-500000.0:35352-1500.0,29.4
0-1.0:1-1.0:2-1.0:3-1.0:4-1.0:5-1.0:6-1.0:7-1.0:8-1.0:9-1.0:10-1.0:35347-1:35348-0:35349-70000.0:35350-1000.0:35351-500000.0:35352-2500.0,39.1
0-1.0:1-1.0:2-1.0:3-1.0:4-1.0:5-1.0:6-1.0:7-1.0:8-1.0:9-1.0:10-1.0:35347-1:35348-0:35349-70000.0:35350-1000.0:35351-500000.0:35352-5000.0,33.2
0-1.0:1-1.0:2-1.0:3-1.0:4-1.0:5-1.0:6-1.0:7-1.0:8-1.0:9-1.0:10-1.0:35347-1:35348-0:35349-70000.0:35350-2000.0:35351-100000.0:35352-100.0,43.0
0-1.0:1-1.0:2-1.0:3-1.0:4-1.0:5-1.0:6-1.0:7-1.0:8-1.0:9-1.0:10-1.0:35347-1:35348-0:35349-70000.0:35350-2000.0:35351-100000.0:35352-150.0,32.34
0-1.0:1-1.0:2-1.0:3-1.0:4-1.0:5-1.0:6-1.0:7-1.0:8-1.0:9-1.0:10-1.0:35347-1:35348-0:35349-70000.0:35350-2000.0:35351-100000.0:35352-250.0,34.45
0-1.0:1-1.0:2-1.0:3-1.0:4-1.0:5-1.0:6-1.0:7-1.0:8-1.0:9-1.0:10-1.0:35347-1:35348-0:35349-70000.0:35350-2000.0:35351-100000.0:35352-500.0,24.85
0-1.0:1-1.0:2-1.0:3-1.0:4-1.0:5-1.0:6-1.0:7-1.0:8-1.0:9-1.0:10-1.0:35347-1:35348-0:35349-70000.0:35350-2000.0:35351-100000.0:35352-750.0,23.25
0-1.0:1-1.0:2-1.0:3-1.0:4-1.0:5-1.0:6-1.0:7-1.0:8-1.0:9-1.0:10-1.0:35347-1:35348-0:35349-70000.0:35350-2000.0:35351-100000.0:35352-1000.0,21.91
0-1.0:1-1.0:2-1.0:3-1.0:4-1.0:5-1.0:6-1.0:7-1.0:8-1.0:9-1.0:10-1.0:35347-1:35348-0:35349-70000.0:35350-2000.0:35351-100000.0:35352-1500.0,20.31
0-1.0:1-1.0:2-1.0:3-1.0:4-1.0:5-1.0:6-1.0:7-1.0:8-1.0:9-1.0:10-1.0:35347-1:35348-0:35349-70000.0:35350-2000.0:35351-100000.0:35352-2500.0,17.9
0-1.0:1-1.0:2-1.0:3-1.0:4-1.0:5-1.0:6-1.0:7-1.0:8-1.0:9-1.0:10-1.0:35347-1:35348-0:35349-70000.0:35350-2000.0:35351-100000.0:35352-5000.0,14.96
0-1.0:1-1.0:2-1.0:3-1.0:4-1.0:5-1.0:6-1.0:7-1.0:8-1.0:9-1.0:10-1.0:35347-1:35348-0:35349-70000.0:35350-2000.0:35351-300000.0:35352-100.0,35.76
0-1.0:1-1.0:2-1.0:3-1.0:4-1.0:5-1.0:6-1.0:7-1.0:8-1.0:9-1.0:10-1.0:35347-1:35348-0:35349-70000.0:35350-2000.0:35351-300000.0:35352-150.0,34.42
0-1.0:1-1.0:2-1.0:3-1.0:4-1.0:5-1.0:6-1.0:7-1.0:8-1.0:9-1.0:10-1.0:35347-1:35348-0:35349-70000.0:35350-2000.0:35351-300000.0:35352-250.0,32.69
0-1.0:1-1.0:2-1.0:3-1.0:4-1.0:5-1.0:6-1.0:7-1.0:8-1.0:9-1.0:10-1.0:35347-1:35348-0:35349-70000.0:35350-2000.0:35351-300000.0:35352-500.0,33.8
0-1.0:1-1.0:2-1.0:3-1.0:4-1.0:5-1.0:6-1.0:7-1.0:8-1.0:9-1.0:10-1.0:35347-1:35348-0:35349-70000.0:35350-2000.0:35351-300000.0:35352-750.0,25.33
0-1.0:1-1.0:2-1.0:3-1.0:4-1.0:5-1.0:6-1.0:7-1.0:8-1.0:9-1.0:10-1.0:35347-1:35348-0:35349-70000.0:35350-2000.0:35351-300000.0:35352-1000.0,23.99
0-1.0:1-1.0:2-1.0:3-1.0:4-1.0:5-1.0:6-1.0:7-1.0:8-1.0:9-1.0:10-1.0:35347-1:35348-0:35349-70000.0:35350-2000.0:35351-300000.0:35352-1500.0,22.39
0-1.0:1-1.0:2-1.0:3-1.0:4-1.0:5-1.0:6-1.0:7-1.0:8-1.0:9-1.0:10-1.0:35347-1:35348-0:35349-70000.0:35350-2000.0:35351-300000.0:35352-2500.0,19.98
0-1.0:1-1.0:2-1.0:3-1.0:4-1.0:5-1.0:6-1.0:7-1.0:8-1.0:9-1.0:10-1.0:35347-1:35348-0:35349-70000.0:35350-2000.0:35351-300000.0:35352-5000.0,17.04
0-1.0:1-1.0:2-1.0:3-1.0:4-1.0:5-1.0:6-1.0:7-1.0:8-1.0:9-1.0:10-1.0:35347-1:35348-0:35349-70000.0:35350-2000.0:35351-500000.0:35352-100.0,37.42
0-1.0:1-1.0:2-1.0:3-1.0:4-1.0:5-1.0:6-1.0:7-1.0:8-1.0:9-1.0:10-1.0:35347-1:35348-0:35349-70000.0:35350-2000.0:35351-500000.0:35352-150.0,36.09
0-1.0:1-1.0:2-1.0:3-1.0:4-1.0:5-1.0:6-1.0:7-1.0:8-1.0:9-1.0:10-1.0:35347-1:35348-0:35349-70000.0:35350-2000.0:35351-500000.0:35352-250.0,30.74
0-1.0:1-1.0:2-1.0:3-1.0:4-1.0:5-1.0:6-1.0:7-1.0:8-1.0:9-1.0:10-1.0:35347-1:35348-0:35349-70000.0:35350-2000.0:35351-500000.0:35352-500.0,53.27
0-1.0:1-1.0:2-1.0:3-1.0:4-1.0:5-1.0:6-1.0:7-1.0:8-1.0:9-1.0:10-1.0:35347-1:35348-0:35349-70000.0:35350-2000.0:35351-500000.0:35352-750.0,33.41
0-1.0:1-1.0:2-1.0:3-1.0:4-1.0:5-1.0:6-1.0:7-1.0:8-1.0:9-1.0:10-1.0:35347-1:35348-0:35349-70000.0:35350-2000.0:35351-500000.0:35352-1000.0,25.66
0-1.0:1-1.0:2-1.0:3-1.0:4-1.0:5-1.0:6-1.0:7-1.0:8-1.0:9-1.0:10-1.0:35347-1:35348-0:35349-70000.0:35350-2000.0:35351-500000.0:35352-1500.0,29.65
0-1.0:1-1.0:2-1.0:3-1.0:4-1.0:5-1.0:6-1.0:7-1.0:8-1.0:9-1.0:10-1.0:35347-1:35348-0:35349-70000.0:35350-2000.0:35351-500000.0:35352-2500.0,21.65
0-1.0:1-1.0:2-1.0:3-1.0:4-1.0:5-1.0:6-1.0:7-1.0:8-1.0:9-1.0:10-1.0:35347-1:35348-0:35349-70000.0:35350-2000.0:35351-500000.0:35352-5000.0,18.71
0-1.0:1-1.0:2-1.0:3-1.0:4-1.0:5-1.0:6-1.0:7-1.0:8-1.0:9-1.0:10-1.0:35347-1:35348-0:35349-80000.0:35350-1000.0:35351-100000.0:35352-100.0,35.73
0-1.0:1-1.0:2-1.0:3-1.0:4-1.0:5-1.0:6-1.0:7-1.0:8-1.0:9-1.0:10-1.0:35347-1:35348-0:35349-80000.0:35350-1000.0:35351-100000.0:35352-150.0,34.3
0-1.0:1-1.0:2-1.0:3-1.0:4-1.0:5-1.0:6-1.0:7-1.0:8-1.0:9-1.0:10-1.0:35347-1:35348-0:35349-80000.0:35350-1000.0:35351-100000.0:35352-250.0,57.03
0-1.0:1-1.0:2-1.0:3-1.0:4-1.0:5-1.0:6-1.0:7-1.0:8-1.0:9-1.0:10-1.0:35347-1:35348-0:35349-80000.0:35350-1000.0:35351-100000.0:35352-500.0,26.3
0-1.0:1-1.0:2-1.0:3-1.0:4-1.0:5-1.0:6-1.0:7-1.0:8-1.0:9-1.0:10-1.0:35347-1:35348-0:35349-80000.0:35350-1000.0:35351-100000.0:35352-750.0,24.58
0-1.0:1-1.0:2-1.0:3-1.0:4-1.0:5-1.0:6-1.0:7-1.0:8-1.0:9-1.0:10-1.0:35347-1:35348-0:35349-80000.0:35350-1000.0:35351-100000.0:35352-1500.0,27.37
0-1.0:1-1.0:2-1.0:3-1.0:4-1.0:5-1.0:6-1.0:7-1.0:8-1.0:9-1.0:10-1.0:35347-1:35348-0:35349-80000.0:35350-1000.0:35351-100000.0:35352-2500.0,24.08
0-1.0:1-1.0:2-1.0:3-1.0:4-1.0:5-1.0:6-1.0:7-1.0:8-1.0:9-1.0:10-1.0:35347-1:35348-0:35349-80000.0:35350-1000.0:35351-100000.0:35352-5000.0,31.36
0-1.0:1-1.0:2-1.0:3-1.0:4-1.0:5-1.0:6-1.0:7-1.0:8-1.0:9-1.0:10-1.0:35347-1:35348-0:35349-80000.0:35350-1000.0:35351-300000.0:35352-100.0,37.82
0-1.0:1-1.0:2-1.0:3-1.0:4-1.0:5-1.0:6-1.0:7-1.0:8-1.0:9-1.0:10-1.0:35347-1:35348-0:35349-80000.0:35350-1000.0:35351-300000.0:35352-150.0,36.39
0-1.0:1-1.0:2-1.0:3-1.0:4-1.0:5-1.0:6-1.0:7-1.0:8-1.0:9-1.0:10-1.0:35347-1:35348-0:35349-80000.0:35350-1000.0:35351-300000.0:35352-250.0,30.67
0-1.0:1-1.0:2-1.0:3-1.0:4-1.0:5-1.0:6-1.0:7-1.0:8-1.0:9-1.0:10-1.0:35347-1:35348-0:35349-80000.0:35350-1000.0:35351-300000.0:35352-500.0,28.38
0-1.0:1-1.0:2-1.0:3-1.0:4-1.0:5-1.0:6-1.0:7-1.0:8-1.0:9-1.0:10-1.0:35347-1:35348-0:35349-80000.0:35350-1000.0:35351-300000.0:35352-750.0,26.67
0-1.0:1-1.0:2-1.0:3-1.0:4-1.0:5-1.0:6-1.0:7-1.0:8-1.0:9-1.0:10-1.0:35347-1:35348-0:35349-80000.0:35350-1000.0:35351-300000.0:35352-1000.0,31.64
0-1.0:1-1.0:2-1.0:3-1.0:4-1.0:5-1.0:6-1.0:7-1.0:8-1.0:9-1.0:10-1.0:35347-1:35348-0:35349-80000.0:35350-1000.0:35351-300000.0:35352-1500.0,23.52
0-1.0:1-1.0:2-1.0:3-1.0:4-1.0:5-1.0:6-1.0:7-1.0:8-1.0:9-1.0:10-1.0:35347-1:35348-0:35349-80000.0:35350-1000.0:35351-300000.0:35352-2500.0,23.39
0-1.0:1-1.0:2-1.0:3-1.0:4-1.0:5-1.0:6-1.0:7-1.0:8-1.0:9-1.0:10-1.0:35347-1:35348-0:35349-80000.0:35350-1000.0:35351-300000.0:35352-5000.0,22.15
0-1.0:1-1.0:2-1.0:3-1.0:4-1.0:5-1.0:6-1.0:7-1.0:8-1.0:9-1.0:10-1.0:35347-1:35348-0:35349-80000.0:35350-1000.0:35351-500000.0:35352-100.0,39.48
0-1.0:1-1.0:2-1.0:3-1.0:4-1.0:5-1.0:6-1.0:7-1.0:8-1.0:9-1.0:10-1.0:35347-1:35348-0:35349-80000.0:35350-1000.0:35351-500000.0:35352-150.0,38.05
0-1.0:1-1.0:2-1.0:3-1.0:4-1.0:5-1.0:6-1.0:7-1.0:8-1.0:9-1.0:10-1.0:35347-1:35348-0:35349-80000.0:35350-1000.0:35351-500000.0:35352-250.0,40.24
0-1.0:1-1.0:2-1.0:3-1.0:4-1.0:5-1.0:6-1.0:7-1.0:8-1.0:9-1.0:10-1.0:35347-1:35348-0:35349-80000.0:35350-1000.0:35351-500000.0:35352-500.0,30.05
0-1.0:1-1.0:2-1.0:3-1.0:4-1.0:5-1.0:6-1.0:7-1.0:8-1.0:9-1.0:10-1.0:35347-1:35348-0:35349-80000.0:35350-1000.0:35351-500000.0:35352-750.0,28.33
0-1.0:1-1.0:2-1.0:3-1.0:4-1.0:5-1.0:6-1.0:7-1.0:8-1.0:9-1.0:10-1.0:35347-1:35348-0:35349-80000.0:35350-1000.0:35351-500000.0:35352-1000.0,26.9
0-1.0:1-1.0:2-1.0:3-1.0:4-1.0:5-1.0:6-1.0:7-1.0:8-1.0:9-1.0:10-1.0:35347-1:35348-0:35349-80000.0:35350-1000.0:35351-500000.0:35352-1500.0,31.12
0-1.0:1-1.0:2-1.0:3-1.0:4-1.0:5-1.0:6-1.0:7-1.0:8-1.0:9-1.0:10-1.0:35347-1:35348-0:35349-80000.0:35350-1000.0:35351-500000.0:35352-2500.0,25.05
0-1.0:1-1.0:2-1.0:3-1.0:4-1.0:5-1.0:6-1.0:7-1.0:8-1.0:9-1.0:10-1.0:35347-1:35348-0:35349-80000.0:35350-1000.0:35351-500000.0:35352-5000.0,21.5
0-1.0:1-1.0:2-1.0:3-1.0:4-1.0:5-1.0:6-1.0:7-1.0:8-1.0:9-1.0:10-1.0:35347-1:35348-0:35349-80000.0:35350-2000.0:35351-100000.0:35352-100.0,35.98
0-1.0:1-1.0:2-1.0:3-1.0:4-1.0:5-1.0:6-1.0:7-1.0:8-1.0:9-1.0:10-1.0:35347-1:35348-0:35349-80000.0:35350-2000.0:35351-100000.0:35352-150.0,34.55
0-1.0:1-1.0:2-1.0:3-1.0:4-1.0:5-1.0:6-1.0:7-1.0:8-1.0:9-1.0:10-1.0:35347-1:35348-0:35349-80000.0:35350-2000.0:35351-100000.0:35352-250.0,28.84
0-1.0:1-1.0:2-1.0:3-1.0:4-1.0:5-1.0:6-1.0:7-1.0:8-1.0:9-1.0:10-1.0:35347-1:35348-0:35349-80000.0:35350-2000.0:35351-100000.0:35352-500.0,26.55
0-1.0:1-1.0:2-1.0:3-1.0:4-1.0:5-1.0:6-1.0:7-1.0:8-1.0:9-1.0:10-1.0:35347-1:35348-0:35349-80000.0:35350-2000.0:35351-100000.0:35352-750.0,24.83
0-1.0:1-1.0:2-1.0:3-1.0:4-1.0:5-1.0:6-1.0:7-1.0:8-1.0:9-1.0:10-1.0:35347-1:35348-0:35349-80000.0:35350-2000.0:35351-100000.0:35352-1000.0,23.4
0-1.0:1-1.0:2-1.0:3-1.0:4-1.0:5-1.0:6-1.0:7-1.0:8-1.0:9-1.0:10-1.0:35347-1:35348-0:35349-80000.0:35350-2000.0:35351-100000.0:35352-1500.0,21.69
0-1.0:1-1.0:2-1.0:3-1.0:4-1.0:5-1.0:6-1.0:7-1.0:8-1.0:9-1.0:10-1.0:35347-1:35348-0:35349-80000.0:35350-2000.0:35351-100000.0:35352-2500.0,19.12
0-1.0:1-1.0:2-1.0:3-1.0:4-1.0:5-1.0:6-1.0:7-1.0:8-1.0:9-1.0:10-1.0:35347-1:35348-0:35349-80000.0:35350-2000.0:35351-100000.0:35352-5000.0,15.97
0-1.0:1-1.0:2-1.0:3-1.0:4-1.0:5-1.0:6-1.0:7-1.0:8-1.0:9-1.0:10-1.0:35347-1:35348-0:35349-80000.0:35350-2000.0:35351-300000.0:35352-100.0,38.07
0-1.0:1-1.0:2-1.0:3-1.0:4-1.0:5-1.0:6-1.0:7-1.0:8-1.0:9-1.0:10-1.0:35347-1:35348-0:35349-80000.0:35350-2000.0:35351-300000.0:35352-150.0,36.64
0-1.0:1-1.0:2-1.0:3-1.0:4-1.0:5-1.0:6-1.0:7-1.0:8-1.0:9-1.0:10-1.0:35347-1:35348-0:35349-80000.0:35350-2000.0:35351-300000.0:35352-250.0,38.82
0-1.0:1-1.0:2-1.0:3-1.0:4-1.0:5-1.0:6-1.0:7-1.0:8-1.0:9-1.0:10-1.0:35347-1:35348-0:35349-80000.0:35350-2000.0:35351-300000.0:35352-500.0,28.63
0-1.0:1-1.0:2-1.0:3-1.0:4-1.0:5-1.0:6-1.0:7-1.0:8-1.0:9-1.0:10-1.0:35347-1:35348-0:35349-80000.0:35350-2000.0:35351-300000.0:35352-750.0,26.92
0-1.0:1-1.0:2-1.0:3-1.0:4-1.0:5-1.0:6-1.0:7-1.0:8-1.0:9-1.0:10-1.0:35347-1:35348-0:35349-80000.0:35350-2000.0:35351-300000.0:35352-1000.0,25.49
0-1.0:1-1.0:2-1.0:3-1.0:4-1.0:5-1.0:6-1.0:7-1.0:8-1.0:9-1.0:10-1.0:35347-1:35348-0:35349-80000.0:35350-2000.0:35351-300000.0:35352-1500.0,45.1
0-1.0:1-1.0:2-1.0:3-1.0:4-1.0:5-1.0:6-1.0:7-1.0:8-1.0:9-1.0:10-1.0:35347-1:35348-0:35349-80000.0:35350-2000.0:35351-300000.0:35352-2500.0,21.2
0-1.0:1-1.0:2-1.0:3-1.0:4-1.0:5-1.0:6-1.0:7-1.0:8-1.0:9-1.0:10-1.0:35347-1:35348-0:35349-80000.0:35350-2000.0:35351-300000.0:35352-5000.0,18.06
0-1.0:1-1.0:2-1.0:3-1.0:4-1.0:5-1.0:6-1.0:7-1.0:8-1.0:9-1.0:10-1.0:35347-1:35348-0:35349-80000.0:35350-2000.0:35351-500000.0:35352-100.0,39.73
0-1.0:1-1.0:2-1.0:3-1.0:4-1.0:5-1.0:6-1.0:7-1.0:8-1.0:9-1.0:10-1.0:35347-1:35348-0:35349-80000.0:35350-2000.0:35351-500000.0:35352-250.0,40.49
0-1.0:1-1.0:2-1.0:3-1.0:4-1.0:5-1.0:6-1.0:7-1.0:8-1.0:9-1.0:10-1.0:35347-1:35348-0:35349-80000.0:35350-2000.0:35351-500000.0:35352-750.0,28.58
0-1.0:1-1.0:2-1.0:3-1.0:4-1.0:5-1.0:6-1.0:7-1.0:8-1.0:9-1.0:10-1.0:35347-1:35348-0:35349-80000.0:35350-2000.0:35351-500000.0:35352-1000.0,27.15
0-1.0:1-1.0:2-1.0:3-1.0:4-1.0:5-1.0:6-1.0:7-1.0:8-1.0:9-1.0:10-1.0:35347-1:35348-0:35349-80000.0:35350-2000.0:35351-500000.0:35352-5000.0,24.07
0-1.0:1-1.0:2-1.0:3-1.0:4-1.0:5-1.0:6-1.0:7-1.0:8-1.0:9-1.0:10-1.0:35347-1:35348-0:35349-90000.0:35350-1000.0:35351-100000.0:35352-150.0,36.25
0-1.0:1-1.0:2-1.0:3-1.0:4-1.0:5-1.0:6-1.0:7-1.0:8-1.0:9-1.0:10-1.0:35347-1:35348-0:35349-90000.0:35350-1000.0:35351-100000.0:35352-500.0,27.8
0-1.0:1-1.0:2-1.0:3-1.0:4-1.0:5-1.0:6-1.0:7-1.0:8-1.0:9-1.0:10-1.0:35347-1:35348-0:35349-90000.0:35350-1000.0:35351-100000.0:35352-1500.0,25.7
0-1.0:1-1.0:2-1.0:3-1.0:4-1.0:5-1.0:6-1.0:7-1.0:8-1.0:9-1.0:10-1.0:35347-1:35348-0:35349-90000.0:35350-1000.0:35351-100000.0:35352-2500.0,19.94
0-1.0:1-1.0:2-1.0:3-1.0:4-1.0:5-1.0:6-1.0:7-1.0:8-1.0:9-1.0:10-1.0:35347-1:35348-0:35349-90000.0:35350-1000.0:35351-100000.0:35352-5000.0,16.62
0-1.0:1-1.0:2-1.0:3-1.0:4-1.0:5-1.0:6-1.0:7-1.0:8-1.0:9-1.0:10-1.0:35347-1:35348-0:35349-90000.0:35350-1000.0:35351-300000.0:35352-250.0,32.3
0-1.0:1-1.0:2-1.0:3-1.0:4-1.0:5-1.0:6-1.0:7-1.0:8-1.0:9-1.0:10-1.0:35347-1:35348-0:35349-90000.0:35350-1000.0:35351-300000.0:35352-500.0,29.88
0-1.0:1-1.0:2-1.0:3-1.0:4-1.0:5-1.0:6-1.0:7-1.0:8-1.0:9-1.0:10-1.0:35347-1:35348-0:35349-90000.0:35350-1000.0:35351-300000.0:35352-1000.0,26.56
0-1.0:1-1.0:2-1.0:3-1.0:4-1.0:5-1.0:6-1.0:7-1.0:8-1.0:9-1.0:10-1.0:35347-1:35348-0:35349-90000.0:35350-1000.0:35351-300000.0:35352-5000.0,18.7
0-1.0:1-1.0:2-1.0:3-1.0:4-1.0:5-1.0:6-1.0:7-1.0:8-1.0:9-1.0:10-1.0:35347-1:35348-0:35349-90000.0:35350-1000.0:35351-500000.0:35352-100.0,52.04
0-1.0:1-1.0:2-1.0:3-1.0:4-1.0:5-1.0:6-1.0:7-1.0:8-1.0:9-1.0:10-1.0:35347-1:35348-0:35349-90000.0:35350-1000.0:35351-500000.0:35352-150.0,40.0
0-1.0:1-1.0:2-1.0:3-1.0:4-1.0:5-1.0:6-1.0:7-1.0:8-1.0:9-1.0:10-1.0:35347-1:35348-0:35349-90000.0:35350-1000.0:35351-500000.0:35352-250.0,33.96
0-1.0:1-1.0:2-1.0:3-1.0:4-1.0:5-1.0:6-1.0:7-1.0:8-1.0:9-1.0:10-1.0:35347-1:35348-0:35349-90000.0:35350-1000.0:35351-500000.0:35352-500.0,59.34
0-1.0:1-1.0:2-1.0:3-1.0:4-1.0:5-1.0:6-1.0:7-1.0:8-1.0:9-1.0:10-1.0:35347-1:35348-0:35349-90000.0:35350-1000.0:35351-500000.0:35352-1000.0,35.04
0-1.0:1-1.0:2-1.0:3-1.0:4-1.0:5-1.0:6-1.0:7-1.0:8-1.0:9-1.0:10-1.0:35347-1:35348-0:35349-90000.0:35350-1000.0:35351-500000.0:35352-1500.0,32.72
0-1.0:1-1.0:2-1.0:3-1.0:4-1.0:5-1.0:6-1.0:7-1.0:8-1.0:9-1.0:10-1.0:35347-1:35348-0:35349-90000.0:35350-1000.0:35351-500000.0:35352-2500.0,23.69
0-1.0:1-1.0:2-1.0:3-1.0:4-1.0:5-1.0:6-1.0:7-1.0:8-1.0:9-1.0:10-1.0:35347-1:35348-0:35349-90000.0:35350-1000.0:35351-500000.0:35352-5000.0,25.0
0-1.0:1-1.0:2-1.0:3-1.0:4-1.0:5-1.0:6-1.0:7-1.0:8-1.0:9-1.0:10-1.0:35347-1:35348-0:35349-90000.0:35350-2000.0:35351-100000.0:35352-100.0,38.01
0-1.0:1-1.0:2-1.0:3-1.0:4-1.0:5-1.0:6-1.0:7-1.0:8-1.0:9-1.0:10-1.0:35347-1:35348-0:35349-90000.0:35350-2000.0:35351-100000.0:35352-150.0,36.5
0-1.0:1-1.0:2-1.0:3-1.0:4-1.0:5-1.0:6-1.0:7-1.0:8-1.0:9-1.0:10-1.0:35347-1:35348-0:35349-90000.0:35350-2000.0:35351-100000.0:35352-250.0,30.46
0-1.0:1-1.0:2-1.0:3-1.0:4-1.0:5-1.0:6-1.0:7-1.0:8-1.0:9-1.0:10-1.0:35347-1:35348-0:35349-90000.0:35350-2000.0:35351-100000.0:35352-500.0,28.05
0-1.0:1-1.0:2-1.0:3-1.0:4-1.0:5-1.0:6-1.0:7-1.0:8-1.0:9-1.0:10-1.0:35347-1:35348-0:35349-90000.0:35350-2000.0:35351-100000.0:35352-750.0,33.47
0-1.0:1-1.0:2-1.0:3-1.0:4-1.0:5-1.0:6-1.0:7-1.0:8-1.0:9-1.0:10-1.0:35347-1:35348-0:35349-90000.0:35350-2000.0:35351-100000.0:35352-1000.0,49.19
0-1.0:1-1.0:2-1.0:3-1.0:4-1.0:5-1.0:6-1.0:7-1.0:8-1.0:9-1.0:10-1.0:35347-1:35348-0:35349-90000.0:35350-2000.0:35351-100000.0:35352-1500.0,22.91
0-1.0:1-1.0:2-1.0:3-1.0:4-1.0:5-1.0:6-1.0:7-1.0:8-1.0:9-1.0:10-1.0:35347-1:35348-0:35349-90000.0:35350-2000.0:35351-100000.0:35352-2500.0,20.19
0-1.0:1-1.0:2-1.0:3-1.0:4-1.0:5-1.0:6-1.0:7-1.0:8-1.0:9-1.0:10-1.0:35347-1:35348-0:35349-90000.0:35350-2000.0:35351-100000.0:35352-5000.0,16.87
0-1.0:1-1.0:2-1.0:3-1.0:4-1.0:5-1.0:6-1.0:7-1.0:8-1.0:9-1.0:10-1.0:35347-1:35348-0:35349-90000.0:35350-2000.0:35351-300000.0:35352-100.0,50.62
0-1.0:1-1.0:2-1.0:3-1.0:4-1.0:5-1.0:6-1.0:7-1.0:8-1.0:9-1.0:10-1.0:35347-1:35348-0:35349-90000.0:35350-2000.0:35351-300000.0:35352-250.0,32.55
0-1.0:1-1.0:2-1.0:3-1.0:4-1.0:5-1.0:6-1.0:7-1.0:8-1.0:9-1.0:10-1.0:35347-1:35348-0:35349-90000.0:35350-2000.0:35351-300000.0:35352-1500.0,24.99
0-1.0:1-1.0:2-1.0:3-1.0:4-1.0:5-1.0:6-1.0:7-1.0:8-1.0:9-1.0:10-1.0:35347-1:35348-0:35349-90000.0:35350-2000.0:35351-300000.0:35352-2500.0,22.27
0-1.0:1-1.0:2-1.0:3-1.0:4-1.0:5-1.0:6-1.0:7-1.0:8-1.0:9-1.0:10-1.0:35347-1:35348-0:35349-90000.0:35350-2000.0:35351-500000.0:35352-250.0,42.63
0-1.0:1-1.0:2-1.0:3-1.0:4-1.0:5-1.0:6-1.0:7-1.0:8-1.0:9-1.0:10-1.0:35347-1:35348-0:35349-90000.0:35350-2000.0:35351-500000.0:35352-500.0,31.8
0-1.0:1-1.0:2-1.0:3-1.0:4-1.0:5-1.0:6-1.0:7-1.0:8-1.0:9-1.0:10-1.0:35347-1:35348-0:35349-90000.0:35350-2000.0:35351-500000.0:35352-750.0,29.98
0-1.0:1-1.0:2-1.0:3-1.0:4-1.0:5-1.0:6-1.0:7-1.0:8-1.0:9-1.0:10-1.0:35347-1:35348-0:35349-90000.0:35350-2000.0:35351-500000.0:35352-1000.0,35.29
0-1.0:1-1.0:2-1.0:3-1.0:4-1.0:5-1.0:6-1.0:7-1.0:8-1.0:9-1.0:10-1.0:35347-1:35348-0:35349-90000.0:35350-2000.0:35351-500000.0:35352-2500.0,23.94
0-1.0:1-1.0:2-1.0:3-1.0:4-1.0:5-1.0:6-1.0:7-1.0:8-1.0:9-1.0:10-1.0:35347-1:35348-0:35349-90000.0:35350-2000.0:35351-500000.0:35352-5000.0,22.85
0-1.0:1-1.0:2-1.0:3-1.0:4-1.0:5-1.0:6-1.0:7-1.0:8-1.0:9-1.0:10-1.0:35347-1:35348-0:35349-100000.0:35350-1000.0:35351-100000.0:35352-100.0,50.78
0-1.0:1-1.0:2-1.0:3-1.0:4-1.0:5-1.0:6-1.0:7-1.0:8-1.0:9-1.0:10-1.0:35347-1:35348-0:35349-100000.0:35350-1000.0:35351-100000.0:35352-2500.0,20.96
0-1.0:1-1.0:2-1.0:3-1.0:4-1.0:5-1.0:6-1.0:7-1.0:8-1.0:9-1.0:10-1.0:35347-1:35348-0:35349-100000.0:35350-1000.0:35351-300000.0:35352-100.0,41.79
0-1.0:1-1.0:2-1.0:3-1.0:4-1.0:5-1.0:6-1.0:7-1.0:8-1.0:9-1.0:10-1.0:35347-1:35348-0:35349-100000.0:35350-1000.0:35351-300000.0:35352-150.0,40.2
0-1.0:1-1.0:2-1.0:3-1.0:4-1.0:5-1.0:6-1.0:7-1.0:8-1.0:9-1.0:10-1.0:35347-1:35348-0:35349-100000.0:35350-1000.0:35351-300000.0:35352-500.0,31.31
0-1.0:1-1.0:2-1.0:3-1.0:4-1.0:5-1.0:6-1.0:7-1.0:8-1.0:9-1.0:10-1.0:35347-1:35348-0:35349-100000.0:35350-1000.0:35351-300000.0:35352-750.0,29.4
0-1.0:1-1.0:2-1.0:3-1.0:4-1.0:5-1.0:6-1.0:7-1.0:8-1.0:9-1.0:10-1.0:35347-1:35348-0:35349-100000.0:35350-1000.0:35351-500000.0:35352-100.0,54.53
0-1.0:1-1.0:2-1.0:3-1.0:4-1.0:5-1.0:6-1.0:7-1.0:8-1.0:9-1.0:10-1.0:35347-1:35348-0:35349-100000.0:35350-1000.0:35351-500000.0:35352-150.0,41.87
0-1.0:1-1.0:2-1.0:3-1.0:4-1.0:5-1.0:6-1.0:7-1.0:8-1.0:9-1.0:10-1.0:35347-1:35348-0:35349-100000.0:35350-1000.0:35351-500000.0:35352-500.0,41.13
0-1.0:1-1.0:2-1.0:3-1.0:4-1.0:5-1.0:6-1.0:7-1.0:8-1.0:9-1.0:10-1.0:35347-1:35348-0:35349-100000.0:35350-1000.0:35351-500000.0:35352-750.0,38.69
0-1.0:1-1.0:2-1.0:3-1.0:4-1.0:5-1.0:6-1.0:7-1.0:8-1.0:9-1.0:10-1.0:35347-1:35348-0:35349-100000.0:35350-1000.0:35351-500000.0:35352-1000.0,36.66
0-1.0:1-1.0:2-1.0:3-1.0:4-1.0:5-1.0:6-1.0:7-1.0:8-1.0:9-1.0:10-1.0:35347-1:35348-0:35349-100000.0:35350-1000.0:35351-500000.0:35352-2500.0,24.71
0-1.0:1-1.0:2-1.0:3-1.0:4-1.0:5-1.0:6-1.0:7-1.0:8-1.0:9-1.0:10-1.0:35347-1:35348-0:35349-100000.0:35350-2000.0:35351-100000.0:35352-150.0,38.37
0-1.0:1-1.0:2-1.0:3-1.0:4-1.0:5-1.0:6-1.0:7-1.0:8-1.0:9-1.0:10-1.0:35347-1:35348-0:35349-100000.0:35350-2000.0:35351-100000.0:35352-250.0,32.01
0-1.0:1-1.0:2-1.0:3-1.0:4-1.0:5-1.0:6-1.0:7-1.0:8-1.0:9-1.0:10-1.0:35347-1:35348-0:35349-100000.0:35350-2000.0:35351-100000.0:35352-500.0,29.47
0-1.0:1-1.0:2-1.0:3-1.0:4-1.0:5-1.0:6-1.0:7-1.0:8-1.0:9-1.0:10-1.0:35347-1:35348-0:35349-100000.0:35350-2000.0:35351-100000.0:35352-750.0,31.19
0-1.0:1-1.0:2-1.0:3-1.0:4-1.0:5-1.0:6-1.0:7-1.0:8-1.0:9-1.0:10-1.0:35347-1:35348-0:35349-100000.0:35350-2000.0:35351-100000.0:35352-1000.0,25.98
0-1.0:1-1.0:2-1.0:3-1.0:4-1.0:5-1.0:6-1.0:7-1.0:8-1.0:9-1.0:10-1.0:35347-1:35348-0:35349-100000.0:35350-2000.0:35351-100000.0:35352-1500.0,24.07
0-1.0:1-1.0:2-1.0:3-1.0:4-1.0:5-1.0:6-1.0:7-1.0:8-1.0:9-1.0:10-1.0:35347-1:35348-0:35349-100000.0:35350-2000.0:35351-100000.0:35352-2500.0,21.21
0-1.0:1-1.0:2-1.0:3-1.0:4-1.0:5-1.0:6-1.0:7-1.0:8-1.0:9-1.0:10-1.0:35347-1:35348-0:35349-100000.0:35350-2000.0:35351-100000.0:35352-5000.0,17.72
0-1.0:1-1.0:2-1.0:3-1.0:4-1.0:5-1.0:6-1.0:7-1.0:8-1.0:9-1.0:10-1.0:35347-1:35348-0:35349-100000.0:35350-2000.0:35351-300000.0:35352-100.0,53.12
0-1.0:1-1.0:2-1.0:3-1.0:4-1.0:5-1.0:6-1.0:7-1.0:8-1.0:9-1.0:10-1.0:35347-1:35348-0:35349-100000.0:35350-2000.0:35351-300000.0:35352-250.0,34.1
0-1.0:1-1.0:2-1.0:3-1.0:4-1.0:5-1.0:6-1.0:7-1.0:8-1.0:9-1.0:10-1.0:35347-1:35348-0:35349-100000.0:35350-2000.0:35351-300000.0:35352-500.0,31.56
0-1.0:1-1.0:2-1.0:3-1.0:4-1.0:5-1.0:6-1.0:7-1.0:8-1.0:9-1.0:10-1.0:35347-1:35348-0:35349-100000.0:35350-2000.0:35351-300000.0:35352-750.0,29.65
0-1.0:1-1.0:2-1.0:3-1.0:4-1.0:5-1.0:6-1.0:7-1.0:8-1.0:9-1.0:10-1.0:35347-1:35348-0:35349-100000.0:35350-2000.0:35351-300000.0:35352-1500.0,26.15
0-1.0:1-1.0:2-1.0:3-1.0:4-1.0:5-1.0:6-1.0:7-1.0:8-1.0:9-1.0:10-1.0:35347-1:35348-0:35349-100000.0:35350-2000.0:35351-300000.0:35352-5000.0,19.8
0-1.0:1-1.0:2-1.0:3-1.0:4-1.0:5-1.0:6-1.0:7-1.0:8-1.0:9-1.0:10-1.0:35347-1:35348-0:35349-100000.0:35350-2000.0:35351-500000.0:35352-100.0,43.71
0-1.0:1-1.0:2-1.0:3-1.0:4-1.0:5-1.0:6-1.0:7-1.0:8-1.0:9-1.0:10-1.0:35347-1:35348-0:35349-100000.0:35350-2000.0:35351-500000.0:35352-150.0,42.12
0-1.0:1-1.0:2-1.0:3-1.0:4-1.0:5-1.0:6-1.0:7-1.0:8-1.0:9-1.0:10-1.0:35347-1:35348-0:35349-100000.0:35350-2000.0:35351-500000.0:35352-250.0,35.76
0-1.0:1-1.0:2-1.0:3-1.0:4-1.0:5-1.0:6-1.0:7-1.0:8-1.0:9-1.0:10-1.0:35347-1:35348-0:35349-100000.0:35350-2000.0:35351-500000.0:35352-500.0,41.38
0-1.0:1-1.0:2-1.0:3-1.0:4-1.0:5-1.0:6-1.0:7-1.0:8-1.0:9-1.0:10-1.0:35347-1:35348-0:35349-100000.0:35350-2000.0:35351-500000.0:35352-750.0,38.94
0-1.0:1-1.0:2-1.0:3-1.0:4-1.0:5-1.0:6-1.0:7-1.0:8-1.0:9-1.0:10-1.0:35347-1:35348-0:35349-100000.0:35350-2000.0:35351-500000.0:35352-1000.0,33.14
0-1.0:1-1.0:2-1.0:3-1.0:4-1.0:5-1.0:6-1.0:7-1.0:8-1.0:9-1.0:10-1.0:35347-1:35348-0:35349-100000.0:35350-2000.0:35351-500000.0:35352-1500.0,27.82
0-1.0:1-1.0:2-1.0:3-1.0:4-1.0:5-1.0:6-1.0:7-1.0:8-1.0:9-1.0:10-1.0:35347-1:35348-0:35349-100000.0:35350-2000.0:35351-500000.0:35352-5000.0,21.47
0-1.0:1-1.0:2-1.0:3-1.0:4-1.0:5-1.0:6-1.0:7-1.0:8-1.0:9-1.0:10-1.0:35347-2:35348-0:35349-4000.0:35350-1000.0:35351-100000.0:35352-100.0,17.14
0-1.0:1-1.0:2-1.0:3-1.0:4-1.0:5-1.0:6-1.0:7-1.0:8-1.0:9-1.0:10-1.0:35347-2:35348-0:35349-4000.0:35350-1000.0:35351-100000.0:35352-250.0,13.71
0-1.0:1-1.0:2-1.0:3-1.0:4-1.0:5-1.0:6-1.0:7-1.0:8-1.0:9-1.0:10-1.0:35347-2:35348-0:35349-4000.0:35350-1000.0:35351-100000.0:35352-750.0,15.09
0-1.0:1-1.0:2-1.0:3-1.0:4-1.0:5-1.0:6-1.0:7-1.0:8-1.0:9-1.0:10-1.0:35347-2:35348-0:35349-4000.0:35350-1000.0:35351-300000.0:35352-100.0,19.22
0-1.0:1-1.0:2-1.0:3-1.0:4-1.0:5-1.0:6-1.0:7-1.0:8-1.0:9-1.0:10-1.0:35347-2:35348-0:35349-4000.0:35350-1000.0:35351-300000.0:35352-150.0,18.54
0-1.0:1-1.0:2-1.0:3-1.0:4-1.0:5-1.0:6-1.0:7-1.0:8-1.0:9-1.0:10-1.0:35347-2:35348-0:35349-4000.0:35350-1000.0:35351-300000.0:35352-250.0,15.8
0-1.0:1-1.0:2-1.0:3-1.0:4-1.0:5-1.0:6-1.0:7-1.0:8-1.0:9-1.0:10-1.0:35347-2:35348-0:35349-4000.0:35350-1000.0:35351-300000.0:35352-500.0,18.22
0-1.0:1-1.0:2-1.0:3-1.0:4-1.0:5-1.0:6-1.0:7-1.0:8-1.0:9-1.0:10-1.0:35347-2:35348-0:35349-4000.0:35350-1000.0:35351-300000.0:35352-750.0,13.88
0-1.0:1-1.0:2-1.0:3-1.0:4-1.0:5-1.0:6-1.0:7-1.0:8-1.0:9-1.0:10-1.0:35347-2:35348-0:35349-4000.0:35350-1000.0:35351-300000.0:35352-1000.0,24.3
0-1.0:1-1.0:2-1.0:3-1.0:4-1.0:5-1.0:6-1.0:7-1.0:8-1.0:9-1.0:10-1.0:35347-2:35348-0:35349-4000.0:35350-1000.0:35351-300000.0:35352-2500.0,20.18
0-1.0:1-1.0:2-1.0:3-1.0:4-1.0:5-1.0:6-1.0:7-1.0:8-1.0:9-1.0:10-1.0:35347-2:35348-0:35349-4000.0:35350-1000.0:35351-300000.0:35352-5000.0,10.83
0-1.0:1-1.0:2-1.0:3-1.0:4-1.0:5-1.0:6-1.0:7-1.0:8-1.0:9-1.0:10-1.0:35347-2:35348-0:35349-4000.0:35350-1000.0:35351-500000.0:35352-100.0,20.89
0-1.0:1-1.0:2-1.0:3-1.0:4-1.0:5-1.0:6-1.0:7-1.0:8-1.0:9-1.0:10-1.0:35347-2:35348-0:35349-4000.0:35350-1000.0:35351-500000.0:35352-150.0,20.2
0-1.0:1-1.0:2-1.0:3-1.0:4-1.0:5-1.0:6-1.0:7-1.0:8-1.0:9-1.0:10-1.0:35347-2:35348-0:35349-4000.0:35350-1000.0:35351-500000.0:35352-250.0,19.28
0-1.0:1-1.0:2-1.0:3-1.0:4-1.0:5-1.0:6-1.0:7-1.0:8-1.0:9-1.0:10-1.0:35347-2:35348-0:35349-4000.0:35350-1000.0:35351-500000.0:35352-500.0,18.04
0-1.0:1-1.0:2-1.0:3-1.0:4-1.0:5-1.0:6-1.0:7-1.0:8-1.0:9-1.0:10-1.0:35347-2:35348-0:35349-4000.0:35350-1000.0:35351-500000.0:35352-1000.0,14.86
0-1.0:1-1.0:2-1.0:3-1.0:4-1.0:5-1.0:6-1.0:7-1.0:8-1.0:9-1.0:10-1.0:35347-2:35348-0:35349-4000.0:35350-1000.0:35351-500000.0:35352-1500.0,16.91
0-1.0:1-1.0:2-1.0:3-1.0:4-1.0:5-1.0:6-1.0:7-1.0:8-1.0:9-1.0:10-1.0:35347-2:35348-0:35349-4000.0:35350-1000.0:35351-500000.0:35352-5000.0,11.29
0-1.0:1-1.0:2-1.0:3-1.0:4-1.0:5-1.0:6-1.0:7-1.0:8-1.0:9-1.0:10-1.0:35347-2:35348-0:35349-4000.0:35350-2000.0:35351-100000.0:35352-100.0,19.66
0-1.0:1-1.0:2-1.0:3-1.0:4-1.0:5-1.0:6-1.0:7-1.0:8-1.0:9-1.0:10-1.0:35347-2:35348-0:35349-4000.0:35350-2000.0:35351-100000.0:35352-250.0,17.79
0-1.0:1-1.0:2-1.0:3-1.0:4-1.0:5-1.0:6-1.0:7-1.0:8-1.0:9-1.0:10-1.0:35347-2:35348-0:35349-4000.0:35350-2000.0:35351-100000.0:35352-500.0,12.87
0-1.0:1-1.0:2-1.0:3-1.0:4-1.0:5-1.0:6-1.0:7-1.0:8-1.0:9-1.0:10-1.0:35347-2:35348-0:35349-4000.0:35350-2000.0:35351-100000.0:35352-1500.0,10.83
0-1.0:1-1.0:2-1.0:3-1.0:4-1.0:5-1.0:6-1.0:7-1.0:8-1.0:9-1.0:10-1.0:35347-2:35348-0:35349-4000.0:35350-2000.0:35351-100000.0:35352-2500.0,10.83
0-1.0:1-1.0:2-1.0:3-1.0:4-1.0:5-1.0:6-1.0:7-1.0:8-1.0:9-1.0:10-1.0:35347-2:35348-0:35349-4000.0:35350-2000.0:35351-300000.0:35352-100.0,24.26
0-1.0:1-1.0:2-1.0:3-1.0:4-1.0:5-1.0:6-1.0:7-1.0:8-1.0:9-1.0:10-1.0:35347-2:35348-0:35349-4000.0:35350-2000.0:35351-300000.0:35352-150.0,18.79
0-1.0:1-1.0:2-1.0:3-1.0:4-1.0:5-1.0:6-1.0:7-1.0:8-1.0:9-1.0:10-1.0:35347-2:35348-0:35349-4000.0:35350-2000.0:35351-300000.0:35352-250.0,16.05
0-1.0:1-1.0:2-1.0:3-1.0:4-1.0:5-1.0:6-1.0:7-1.0:8-1.0:9-1.0:10-1.0:35347-2:35348-0:35349-4000.0:35350-2000.0:35351-300000.0:35352-500.0,18.47
0-1.0:1-1.0:2-1.0:3-1.0:4-1.0:5-1.0:6-1.0:7-1.0:8-1.0:9-1.0:10-1.0:35347-2:35348-0:35349-4000.0:35350-2000.0:35351-300000.0:35352-750.0,17.42
0-1.0:1-1.0:2-1.0:3-1.0:4-1.0:5-1.0:6-1.0:7-1.0:8-1.0:9-1.0:10-1.0:35347-2:35348-0:35349-4000.0:35350-2000.0:35351-300000.0:35352-1000.0,24.55
0-1.0:1-1.0:2-1.0:3-1.0:4-1.0:5-1.0:6-1.0:7-1.0:8-1.0:9-1.0:10-1.0:35347-2:35348-0:35349-4000.0:35350-2000.0:35351-300000.0:35352-1500.0,15.49
0-1.0:1-1.0:2-1.0:3-1.0:4-1.0:5-1.0:6-1.0:7-1.0:8-1.0:9-1.0:10-1.0:35347-2:35348-0:35349-4000.0:35350-2000.0:35351-300000.0:35352-2500.0,11.38
0-1.0:1-1.0:2-1.0:3-1.0:4-1.0:5-1.0:6-1.0:7-1.0:8-1.0:9-1.0:10-1.0:35347-2:35348-0:35349-4000.0:35350-2000.0:35351-300000.0:35352-5000.0,10.83
0-1.0:1-1.0:2-1.0:3-1.0:4-1.0:5-1.0:6-1.0:7-1.0:8-1.0:9-1.0:10-1.0:35347-2:35348-0:35349-4000.0:35350-2000.0:35351-500000.0:35352-100.0,25.93
0-1.0:1-1.0:2-1.0:3-1.0:4-1.0:5-1.0:6-1.0:7-1.0:8-1.0:9-1.0:10-1.0:35347-2:35348-0:35349-4000.0:35350-2000.0:35351-500000.0:35352-150.0,22.63
0-1.0:1-1.0:2-1.0:3-1.0:4-1.0:5-1.0:6-1.0:7-1.0:8-1.0:9-1.0:10-1.0:35347-2:35348-0:35349-4000.0:35350-2000.0:35351-500000.0:35352-250.0,21.54
0-1.0:1-1.0:2-1.0:3-1.0:4-1.0:5-1.0:6-1.0:7-1.0:8-1.0:9-1.0:10-1.0:35347-2:35348-0:35349-4000.0:35350-2000.0:35351-500000.0:35352-500.0,16.62
0-1.0:1-1.0:2-1.0:3-1.0:4-1.0:5-1.0:6-1.0:7-1.0:8-1.0:9-1.0:10-1.0:35347-2:35348-0:35349-4000.0:35350-2000.0:35351-500000.0:35352-750.0,27.59
0-1.0:1-1.0:2-1.0:3-1.0:4-1.0:5-1.0:6-1.0:7-1.0:8-1.0:9-1.0:10-1.0:35347-2:35348-0:35349-4000.0:35350-2000.0:35351-500000.0:35352-1000.0,16.58
0-1.0:1-1.0:2-1.0:3-1.0:4-1.0:5-1.0:6-1.0:7-1.0:8-1.0:9-1.0:10-1.0:35347-2:35348-0:35349-4000.0:35350-2000.0:35351-500000.0:35352-1500.0,14.28
0-1.0:1-1.0:2-1.0:3-1.0:4-1.0:5-1.0:6-1.0:7-1.0:8-1.0:9-1.0:10-1.0:35347-2:35348-0:35349-4000.0:35350-2000.0:35351-500000.0:35352-2500.0,13.05
0-1.0:1-1.0:2-1.0:3-1.0:4-1.0:5-1.0:6-1.0:7-1.0:8-1.0:9-1.0:10-1.0:35347-2:35348-0:35349-4000.0:35350-2000.0:35351-500000.0:35352-5000.0,11.54
0-1.0:1-1.0:2-1.0:3-1.0:4-1.0:5-1.0:6-1.0:7-1.0:8-1.0:9-1.0:10-1.0:35347-2:35348-0:35349-8000.0:35350-1000.0:35351-100000.0:35352-100.0,17.14
0-1.0:1-1.0:2-1.0:3-1.0:4-1.0:5-1.0:6-1.0:7-1.0:8-1.0:9-1.0:10-1.0:35347-2:35348-0:35349-8000.0:35350-1000.0:35351-100000.0:35352-150.0,16.45
0-1.0:1-1.0:2-1.0:3-1.0:4-1.0:5-1.0:6-1.0:7-1.0:8-1.0:9-1.0:10-1.0:35347-2:35348-0:35349-8000.0:35350-1000.0:35351-100000.0:35352-250.0,27.43
0-1.0:1-1.0:2-1.0:3-1.0:4-1.0:5-1.0:6-1.0:7-1.0:8-1.0:9-1.0:10-1.0:35347-2:35348-0:35349-8000.0:35350-1000.0:35351-100000.0:35352-500.0,12.62
0-1.0:1-1.0:2-1.0:3-1.0:4-1.0:5-1.0:6-1.0:7-1.0:8-1.0:9-1.0:10-1.0:35347-2:35348-0:35349-8000.0:35350-1000.0:35351-100000.0:35352-750.0,11.79
0-1.0:1-1.0:2-1.0:3-1.0:4-1.0:5-1.0:6-1.0:7-1.0:8-1.0:9-1.0:10-1.0:35347-2:35348-0:35349-8000.0:35350-1000.0:35351-100000.0:35352-1500.0,10.83
0-1.0:1-1.0:2-1.0:3-1.0:4-1.0:5-1.0:6-1.0:7-1.0:8-1.0:9-1.0:10-1.0:35347-2:35348-0:35349-8000.0:35350-1000.0:35351-100000.0:35352-2500.0,10.83
0-1.0:1-1.0:2-1.0:3-1.0:4-1.0:5-1.0:6-1.0:7-1.0:8-1.0:9-1.0:10-1.0:35347-2:35348-0:35349-8000.0:35350-1000.0:35351-100000.0:35352-5000.0,10.83
0-1.0:1-1.0:2-1.0:3-1.0:4-1.0:5-1.0:6-1.0:7-1.0:8-1.0:9-1.0:10-1.0:35347-2:35348-0:35349-8000.0:35350-1000.0:35351-300000.0:35352-100.0,19.22
0-1.0:1-1.0:2-1.0:3-1.0:4-1.0:5-1.0:6-1.0:7-1.0:8-1.0:9-1.0:10-1.0:35347-2:35348-0:35349-8000.0:35350-1000.0:35351-300000.0:35352-150.0,18.54
0-1.0:1-1.0:2-1.0:3-1.0:4-1.0:5-1.0:6-1.0:7-1.0:8-1.0:9-1.0:10-1.0:35347-2:35348-0:35349-8000.0:35350-1000.0:35351-300000.0:35352-250.0,15.8
0-1.0:1-1.0:2-1.0:3-1.0:4-1.0:5-1.0:6-1.0:7-1.0:8-1.0:9-1.0:10-1.0:35347-2:35348-0:35349-8000.0:35350-1000.0:35351-300000.0:35352-500.0,14.7
0-1.0:1-1.0:2-1.0:3-1.0:4-1.0:5-1.0:6-1.0:7-1.0:8-1.0:9-1.0:10-1.0:35347-2:35348-0:35349-8000.0:35350-1000.0:35351-300000.0:35352-750.0,17.17
0-1.0:1-1.0:2-1.0:3-1.0:4-1.0:5-1.0:6-1.0:7-1.0:8-1.0:9-1.0:10-1.0:35347-2:35348-0:35349-8000.0:35350-1000.0:35351-300000.0:35352-1000.0,13.19
0-1.0:1-1.0:2-1.0:3-1.0:4-1.0:5-1.0:6-1.0:7-1.0:8-1.0:9-1.0:10-1.0:35347-2:35348-0:35349-8000.0:35350-1000.0:35351-300000.0:35352-1500.0,15.24
0-1.0:1-1.0:2-1.0:3-1.0:4-1.0:5-1.0:6-1.0:7-1.0:8-1.0:9-1.0:10-1.0:35347-2:35348-0:35349-8000.0:35350-1000.0:35351-300000.0:35352-2500.0,13.66
0-1.0:1-1.0:2-1.0:3-1.0:4-1.0:5-1.0:6-1.0:7-1.0:8-1.0:9-1.0:10-1.0:35347-2:35348-0:35349-8000.0:35350-1000.0:35351-300000.0:35352-5000.0,10.83
0-1.0:1-1.0:2-1.0:3-1.0:4-1.0:5-1.0:6-1.0:7-1.0:8-1.0:9-1.0:10-1.0:35347-2:35348-0:35349-8000.0:35350-1000.0:35351-500000.0:35352-100.0,20.89
0-1.0:1-1.0:2-1.0:3-1.0:4-1.0:5-1.0:6-1.0:7-1.0:8-1.0:9-1.0:10-1.0:35347-2:35348-0:35349-8000.0:35350-1000.0:35351-500000.0:35352-150.0,22.38
0-1.0:1-1.0:2-1.0:3-1.0:4-1.0:5-1.0:6-1.0:7-1.0:8-1.0:9-1.0:10-1.0:35347-2:35348-0:35349-8000.0:35350-1000.0:35351-500000.0:35352-250.0,17.46
0-1.0:1-1.0:2-1.0:3-1.0:4-1.0:5-1.0:6-1.0:7-1.0:8-1.0:9-1.0:10-1.0:35347-2:35348-0:35349-8000.0:35350-1000.0:35351-500000.0:35352-500.0,16.37
0-1.0:1-1.0:2-1.0:3-1.0:4-1.0:5-1.0:6-1.0:7-1.0:8-1.0:9-1.0:10-1.0:35347-2:35348-0:35349-8000.0:35350-1000.0:35351-500000.0:35352-750.0,15.54
0-1.0:1-1.0:2-1.0:3-1.0:4-1.0:5-1.0:6-1.0:7-1.0:8-1.0:9-1.0:10-1.0:35347-2:35348-0:35349-8000.0:35350-1000.0:35351-500000.0:35352-1000.0,14.86
0-1.0:1-1.0:2-1.0:3-1.0:4-1.0:5-1.0:6-1.0:7-1.0:8-1.0:9-1.0:10-1.0:35347-2:35348-0:35349-8000.0:35350-1000.0:35351-500000.0:35352-1500.0,14.03
0-1.0:1-1.0:2-1.0:3-1.0:4-1.0:5-1.0:6-1.0:7-1.0:8-1.0:9-1.0:10-1.0:35347-2:35348-0:35349-8000.0:35350-1000.0:35351-500000.0:35352-2500.0,12.8
0-1.0:1-1.0:2-1.0:3-1.0:4-1.0:5-1.0:6-1.0:7-1.0:8-1.0:9-1.0:10-1.0:35347-2:35348-0:35349-8000.0:35350-1000.0:35351-500000.0:35352-5000.0,12.29
0-1.0:1-1.0:2-1.0:3-1.0:4-1.0:5-1.0:6-1.0:7-1.0:8-1.0:9-1.0:10-1.0:35347-2:35348-0:35349-8000.0:35350-2000.0:35351-100000.0:35352-100.0,17.39
0-1.0:1-1.0:2-1.0:3-1.0:4-1.0:5-1.0:6-1.0:7-1.0:8-1.0:9-1.0:10-1.0:35347-2:35348-0:35349-8000.0:35350-2000.0:35351-100000.0:35352-150.0,16.7
0-1.0:1-1.0:2-1.0:3-1.0:4-1.0:5-1.0:6-1.0:7-1.0:8-1.0:9-1.0:10-1.0:35347-2:35348-0:35349-8000.0:35350-2000.0:35351-100000.0:35352-250.0,13.96
0-1.0:1-1.0:2-1.0:3-1.0:4-1.0:5-1.0:6-1.0:7-1.0:8-1.0:9-1.0:10-1.0:35347-2:35348-0:35349-8000.0:35350-2000.0:35351-100000.0:35352-500.0,12.87
0-1.0:1-1.0:2-1.0:3-1.0:4-1.0:5-1.0:6-1.0:7-1.0:8-1.0:9-1.0:10-1.0:35347-2:35348-0:35349-8000.0:35350-2000.0:35351-100000.0:35352-750.0,13.6
0-1.0:1-1.0:2-1.0:3-1.0:4-1.0:5-1.0:6-1.0:7-1.0:8-1.0:9-1.0:10-1.0:35347-2:35348-0:35349-8000.0:35350-2000.0:35351-100000.0:35352-1000.0,11.36
0-1.0:1-1.0:2-1.0:3-1.0:4-1.0:5-1.0:6-1.0:7-1.0:8-1.0:9-1.0:10-1.0:35347-2:35348-0:35349-8000.0:35350-2000.0:35351-100000.0:35352-1500.0,13.41
0-1.0:1-1.0:2-1.0:3-1.0:4-1.0:5-1.0:6-1.0:7-1.0:8-1.0:9-1.0:10-1.0:35347-2:35348-0:35349-8000.0:35350-2000.0:35351-100000.0:35352-2500.0,11.83
0-1.0:1-1.0:2-1.0:3-1.0:4-1.0:5-1.0:6-1.0:7-1.0:8-1.0:9-1.0:10-1.0:35347-2:35348-0:35349-8000.0:35350-2000.0:35351-100000.0:35352-5000.0,10.83
0-1.0:1-1.0:2-1.0:3-1.0:4-1.0:5-1.0:6-1.0:7-1.0:8-1.0:9-1.0:10-1.0:35347-2:35348-0:35349-8000.0:35350-2000.0:35351-300000.0:35352-100.0,24.26
0-1.0:1-1.0:2-1.0:3-1.0:4-1.0:5-1.0:6-1.0:7-1.0:8-1.0:9-1.0:10-1.0:35347-2:35348-0:35349-8000.0:35350-2000.0:35351-300000.0:35352-150.0,18.79
0-1.0:1-1.0:2-1.0:3-1.0:4-1.0:5-1.0:6-1.0:7-1.0:8-1.0:9-1.0:10-1.0:35347-2:35348-0:35349-8000.0:35350-2000.0:35351-300000.0:35352-250.0,16.05
0-1.0:1-1.0:2-1.0:3-1.0:4-1.0:5-1.0:6-1.0:7-1.0:8-1.0:9-1.0:10-1.0:35347-2:35348-0:35349-8000.0:35350-2000.0:35351-300000.0:35352-500.0,14.95
0-1.0:1-1.0:2-1.0:3-1.0:4-1.0:5-1.0:6-1.0:7-1.0:8-1.0:9-1.0:10-1.0:35347-2:35348-0:35349-8000.0:35350-2000.0:35351-300000.0:35352-750.0,17.42
0-1.0:1-1.0:2-1.0:3-1.0:4-1.0:5-1.0:6-1.0:7-1.0:8-1.0:9-1.0:10-1.0:35347-2:35348-0:35349-8000.0:35350-2000.0:35351-300000.0:35352-1000.0,13.44
0-1.0:1-1.0:2-1.0:3-1.0:4-1.0:5-1.0:6-1.0:7-1.0:8-1.0:9-1.0:10-1.0:35347-2:35348-0:35349-8000.0:35350-2000.0:35351-300000.0:35352-1500.0,12.62
0-1.0:1-1.0:2-1.0:3-1.0:4-1.0:5-1.0:6-1.0:7-1.0:8-1.0:9-1.0:10-1.0:35347-2:35348-0:35349-8000.0:35350-2000.0:35351-300000.0:35352-2500.0,11.38
0-1.0:1-1.0:2-1.0:3-1.0:4-1.0:5-1.0:6-1.0:7-1.0:8-1.0:9-1.0:10-1.0:35347-2:35348-0:35349-8000.0:35350-2000.0:35351-300000.0:35352-5000.0,10.87
0-1.0:1-1.0:2-1.0:3-1.0:4-1.0:5-1.0:6-1.0:7-1.0:8-1.0:9-1.0:10-1.0:35347-2:35348-0:35349-8000.0:35350-2000.0:35351-500000.0:35352-100.0,23.41
0-1.0:1-1.0:2-1.0:3-1.0:4-1.0:5-1.0:6-1.0:7-1.0:8-1.0:9-1.0:10-1.0:35347-2:35348-0:35349-8000.0:35350-2000.0:35351-500000.0:35352-150.0,20.45
0-1.0:1-1.0:2-1.0:3-1.0:4-1.0:5-1.0:6-1.0:7-1.0:8-1.0:9-1.0:10-1.0:35347-2:35348-0:35349-8000.0:35350-2000.0:35351-500000.0:35352-250.0,17.71
0-1.0:1-1.0:2-1.0:3-1.0:4-1.0:5-1.0:6-1.0:7-1.0:8-1.0:9-1.0:10-1.0:35347-2:35348-0:35349-8000.0:35350-2000.0:35351-500000.0:35352-500.0,20.14
0-1.0:1-1.0:2-1.0:3-1.0:4-1.0:5-1.0:6-1.0:7-1.0:8-1.0:9-1.0:10-1.0:35347-2:35348-0:35349-8000.0:35350-2000.0:35351-500000.0:35352-750.0,15.79
0-1.0:1-1.0:2-1.0:3-1.0:4-1.0:5-1.0:6-1.0:7-1.0:8-1.0:9-1.0:10-1.0:35347-2:35348-0:35349-8000.0:35350-2000.0:35351-500000.0:35352-1000.0,15.11
0-1.0:1-1.0:2-1.0:3-1.0:4-1.0:5-1.0:6-1.0:7-1.0:8-1.0:9-1.0:10-1.0:35347-2:35348-0:35349-8000.0:35350-2000.0:35351-500000.0:35352-1500.0,14.28
0-1.0:1-1.0:2-1.0:3-1.0:4-1.0:5-1.0:6-1.0:7-1.0:8-1.0:9-1.0:10-1.0:35347-2:35348-0:35349-8000.0:35350-2000.0:35351-500000.0:35352-2500.0,13.05
0-1.0:1-1.0:2-1.0:3-1.0:4-1.0:5-1.0:6-1.0:7-1.0:8-1.0:9-1.0:10-1.0:35347-2:35348-0:35349-8000.0:35350-2000.0:35351-500000.0:35352-5000.0,19.08
0-1.0:1-1.0:2-1.0:3-1.0:4-1.0:5-1.0:6-1.0:7-1.0:8-1.0:9-1.0:10-1.0:35347-2:35348-0:35349-12000.0:35350-1000.0:35351-100000.0:35352-100.0,19.41
0-1.0:1-1.0:2-1.0:3-1.0:4-1.0:5-1.0:6-1.0:7-1.0:8-1.0:9-1.0:10-1.0:35347-2:35348-0:35349-12000.0:35350-1000.0:35351-100000.0:35352-150.0,16.45
0-1.0:1-1.0:2-1.0:3-1.0:4-1.0:5-1.0:6-1.0:7-1.0:8-1.0:9-1.0:10-1.0:35347-2:35348-0:35349-12000.0:35350-1000.0:35351-100000.0:35352-250.0,27.43
0-1.0:1-1.0:2-1.0:3-1.0:4-1.0:5-1.0:6-1.0:7-1.0:8-1.0:9-1.0:10-1.0:35347-2:35348-0:35349-12000.0:35350-1000.0:35351-100000.0:35352-500.0,12.62
0-1.0:1-1.0:2-1.0:3-1.0:4-1.0:5-1.0:6-1.0:7-1.0:8-1.0:9-1.0:10-1.0:35347-2:35348-0:35349-12000.0:35350-1000.0:35351-100000.0:35352-750.0,23.59
0-1.0:1-1.0:2-1.0:3-1.0:4-1.0:5-1.0:6-1.0:7-1.0:8-1.0:9-1.0:10-1.0:35347-2:35348-0:35349-12000.0:35350-1000.0:35351-100000.0:35352-1500.0,10.83
0-1.0:1-1.0:2-1.0:3-1.0:4-1.0:5-1.0:6-1.0:7-1.0:8-1.0:9-1.0:10-1.0:35347-2:35348-0:35349-12000.0:35350-1000.0:35351-100000.0:35352-2500.0,10.83
0-1.0:1-1.0:2-1.0:3-1.0:4-1.0:5-1.0:6-1.0:7-1.0:8-1.0:9-1.0:10-1.0:35347-2:35348-0:35349-12000.0:35350-1000.0:35351-100000.0:35352-5000.0,10.83
0-1.0:1-1.0:2-1.0:3-1.0:4-1.0:5-1.0:6-1.0:7-1.0:8-1.0:9-1.0:10-1.0:35347-2:35348-0:35349-12000.0:35350-1000.0:35351-300000.0:35352-100.0,19.22
0-1.0:1-1.0:2-1.0:3-1.0:4-1.0:5-1.0:6-1.0:7-1.0:8-1.0:9-1.0:10-1.0:35347-2:35348-0:35349-12000.0:35350-1000.0:35351-300000.0:35352-150.0,23.14
0-1.0:1-1.0:2-1.0:3-1.0:4-1.0:5-1.0:6-1.0:7-1.0:8-1.0:9-1.0:10-1.0:35347-2:35348-0:35349-12000.0:35350-1000.0:35351-300000.0:35352-250.0,15.8
0-1.0:1-1.0:2-1.0:3-1.0:4-1.0:5-1.0:6-1.0:7-1.0:8-1.0:9-1.0:10-1.0:35347-2:35348-0:35349-12000.0:35350-1000.0:35351-300000.0:35352-500.0,14.7
0-1.0:1-1.0:2-1.0:3-1.0:4-1.0:5-1.0:6-1.0:7-1.0:8-1.0:9-1.0:10-1.0:35347-2:35348-0:35349-12000.0:35350-1000.0:35351-300000.0:35352-750.0,17.17
0-1.0:1-1.0:2-1.0:3-1.0:4-1.0:5-1.0:6-1.0:7-1.0:8-1.0:9-1.0:10-1.0:35347-2:35348-0:35349-12000.0:35350-1000.0:35351-300000.0:35352-1000.0,16.29
0-1.0:1-1.0:2-1.0:3-1.0:4-1.0:5-1.0:6-1.0:7-1.0:8-1.0:9-1.0:10-1.0:35347-2:35348-0:35349-12000.0:35350-1000.0:35351-300000.0:35352-1500.0,12.37
0-1.0:1-1.0:2-1.0:3-1.0:4-1.0:5-1.0:6-1.0:7-1.0:8-1.0:9-1.0:10-1.0:35347-2:35348-0:35349-12000.0:35350-1000.0:35351-300000.0:35352-2500.0,12.33
0-1.0:1-1.0:2-1.0:3-1.0:4-1.0:5-1.0:6-1.0:7-1.0:8-1.0:9-1.0:10-1.0:35347-2:35348-0:35349-12000.0:35350-1000.0:35351-300000.0:35352-5000.0,10.83
0-1.0:1-1.0:2-1.0:3-1.0:4-1.0:5-1.0:6-1.0:7-1.0:8-1.0:9-1.0:10-1.0:35347-2:35348-0:35349-12000.0:35350-1000.0:35351-500000.0:35352-100.0,20.89
0-1.0:1-1.0:2-1.0:3-1.0:4-1.0:5-1.0:6-1.0:7-1.0:8-1.0:9-1.0:10-1.0:35347-2:35348-0:35349-12000.0:35350-1000.0:35351-500000.0:35352-150.0,20.2
0-1.0:1-1.0:2-1.0:3-1.0:4-1.0:5-1.0:6-1.0:7-1.0:8-1.0:9-1.0:10-1.0:35347-2:35348-0:35349-12000.0:35350-1000.0:35351-500000.0:35352-250.0,21.29
0-1.0:1-1.0:2-1.0:3-1.0:4-1.0:5-1.0:6-1.0:7-1.0:8-1.0:9-1.0:10-1.0:35347-2:35348-0:35349-12000.0:35350-1000.0:35351-500000.0:35352-500.0,18.04
0-1.0:1-1.0:2-1.0:3-1.0:4-1.0:5-1.0:6-1.0:7-1.0:8-1.0:9-1.0:10-1.0:35347-2:35348-0:35349-12000.0:35350-1000.0:35351-500000.0:35352-750.0,18.84
0-1.0:1-1.0:2-1.0:3-1.0:4-1.0:5-1.0:6-1.0:7-1.0:8-1.0:9-1.0:10-1.0:35347-2:35348-0:35349-12000.0:35350-1000.0:35351-500000.0:35352-1000.0,16.33
0-1.0:1-1.0:2-1.0:3-1.0:4-1.0:5-1.0:6-1.0:7-1.0:8-1.0:9-1.0:10-1.0:35347-2:35348-0:35349-12000.0:35350-1000.0:35351-500000.0:35352-1500.0,14.03
0-1.0:1-1.0:2-1.0:3-1.0:4-1.0:5-1.0:6-1.0:7-1.0:8-1.0:9-1.0:10-1.0:35347-2:35348-0:35349-12000.0:35350-1000.0:35351-500000.0:35352-2500.0,12.8
0-1.0:1-1.0:2-1.0:3-1.0:4-1.0:5-1.0:6-1.0:7-1.0:8-1.0:9-1.0:10-1.0:35347-2:35348-0:35349-12000.0:35350-1000.0:35351-500000.0:35352-5000.0,11.29
0-1.0:1-1.0:2-1.0:3-1.0:4-1.0:5-1.0:6-1.0:7-1.0:8-1.0:9-1.0:10-1.0:35347-2:35348-0:35349-12000.0:35350-2000.0:35351-100000.0:35352-100.0,22.18
0-1.0:1-1.0:2-1.0:3-1.0:4-1.0:5-1.0:6-1.0:7-1.0:8-1.0:9-1.0:10-1.0:35347-5:35348-0:35349-8000.0:35350-1000.0:35351-500000.0:35352-100.0,23.75
0-1.0:1-1.0:2-1.0:3-1.0:4-1.0:5-1.0:6-1.0:7-1.0:8-1.0:9-1.0:10-1.0:35347-5:35348-0:35349-8000.0:35350-1000.0:35351-500000.0:35352-150.0,22.95
0-1.0:1-1.0:2-1.0:3-1.0:4-1.0:5-1.0:6-1.0:7-1.0:8-1.0:9-1.0:10-1.0:35347-5:35348-0:35349-8000.0:35350-1000.0:35351-500000.0:35352-250.0,16.26
0-1.0:1-1.0:2-1.0:3-1.0:4-1.0:5-1.0:6-1.0:7-1.0:8-1.0:9-1.0:10-1.0:35347-5:35348-0:35349-8000.0:35350-1000.0:35351-500000.0:35352-500.0,18.47
0-1.0:1-1.0:2-1.0:3-1.0:4-1.0:5-1.0:6-1.0:7-1.0:8-1.0:9-1.0:10-1.0:35347-5:35348-0:35349-8000.0:35350-1000.0:35351-500000.0:35352-750.0,14.51
0-1.0:1-1.0:2-1.0:3-1.0:4-1.0:5-1.0:6-1.0:7-1.0:8-1.0:9-1.0:10-1.0:35347-5:35348-0:35349-8000.0:35350-1000.0:35351-500000.0:35352-1000.0,13.88
0-1.0:1-1.0:2-1.0:3-1.0:4-1.0:5-1.0:6-1.0:7-1.0:8-1.0:9-1.0:10-1.0:35347-5:35348-0:35349-8000.0:35350-1000.0:35351-500000.0:35352-1500.0,13.13
0-1.0:1-1.0:2-1.0:3-1.0:4-1.0:5-1.0:6-1.0:7-1.0:8-1.0:9-1.0:10-1.0:35347-5:35348-0:35349-8000.0:35350-1000.0:35351-500000.0:35352-2500.0,14.31
0-1.0:1-1.0:2-1.0:3-1.0:4-1.0:5-1.0:6-1.0:7-1.0:8-1.0:9-1.0:10-1.0:35347-5:35348-0:35349-8000.0:35350-1000.0:35351-500000.0:35352-5000.0,10.83
0-1.0:1-1.0:2-1.0:3-1.0:4-1.0:5-1.0:6-1.0:7-1.0:8-1.0:9-1.0:10-1.0:35347-5:35348-0:35349-8000.0:35350-2000.0:35351-100000.0:35352-100.0,15.88
0-1.0:1-1.0:2-1.0:3-1.0:4-1.0:5-1.0:6-1.0:7-1.0:8-1.0:9-1.0:10-1.0:35347-5:35348-0:35349-8000.0:35350-2000.0:35351-100000.0:35352-150.0,15.26
0-1.0:1-1.0:2-1.0:3-1.0:4-1.0:5-1.0:6-1.0:7-1.0:8-1.0:9-1.0:10-1.0:35347-5:35348-0:35349-8000.0:35350-2000.0:35351-100000.0:35352-250.0,12.76
0-1.0:1-1.0:2-1.0:3-1.0:4-1.0:5-1.0:6-1.0:7-1.0:8-1.0:9-1.0:10-1.0:35347-5:35348-0:35349-8000.0:35350-2000.0:35351-100000.0:35352-500.0,11.76
0-1.0:1-1.0:2-1.0:3-1.0:4-1.0:5-1.0:6-1.0:7-1.0:8-1.0:9-1.0:10-1.0:35347-5:35348-0:35349-8000.0:35350-2000.0:35351-100000.0:35352-750.0,14.01
0-1.0:1-1.0:2-1.0:3-1.0:4-1.0:5-1.0:6-1.0:7-1.0:8-1.0:9-1.0:10-1.0:35347-5:35348-0:35349-8000.0:35350-2000.0:35351-100000.0:35352-1000.0,10.83
0-1.0:1-1.0:2-1.0:3-1.0:4-1.0:5-1.0:6-1.0:7-1.0:8-1.0:9-1.0:10-1.0:35347-5:35348-0:35349-8000.0:35350-2000.0:35351-100000.0:35352-1500.0,10.83
0-1.0:1-1.0:2-1.0:3-1.0:4-1.0:5-1.0:6-1.0:7-1.0:8-1.0:9-1.0:10-1.0:35347-5:35348-0:35349-8000.0:35350-2000.0:35351-100000.0:35352-2500.0,10.83
0-1.0:1-1.0:2-1.0:3-1.0:4-1.0:5-1.0:6-1.0:7-1.0:8-1.0:9-1.0:10-1.0:35347-5:35348-0:35349-8000.0:35350-2000.0:35351-100000.0:35352-5000.0,10.83
0-1.0:1-1.0:2-1.0:3-1.0:4-1.0:5-1.0:6-1.0:7-1.0:8-1.0:9-1.0:10-1.0:35347-5:35348-0:35349-8000.0:35350-2000.0:35351-300000.0:35352-100.0,17.97
0-1.0:1-1.0:2-1.0:3-1.0:4-1.0:5-1.0:6-1.0:7-1.0:8-1.0:9-1.0:10-1.0:35347-5:35348-0:35349-8000.0:35350-2000.0:35351-300000.0:35352-150.0,19.33
0-1.0:1-1.0:2-1.0:3-1.0:4-1.0:5-1.0:6-1.0:7-1.0:8-1.0:9-1.0:10-1.0:35347-5:35348-0:35349-8000.0:35350-2000.0:35351-300000.0:35352-250.0,18.34
0-1.0:1-1.0:2-1.0:3-1.0:4-1.0:5-1.0:6-1.0:7-1.0:8-1.0:9-1.0:10-1.0:35347-5:35348-0:35349-8000.0:35350-2000.0:35351-300000.0:35352-750.0,13.09
0-1.0:1-1.0:2-1.0:3-1.0:4-1.0:5-1.0:6-1.0:7-1.0:8-1.0:9-1.0:10-1.0:35347-5:35348-0:35349-8000.0:35350-2000.0:35351-300000.0:35352-1500.0,14.34
0-1.0:1-1.0:2-1.0:3-1.0:4-1.0:5-1.0:6-1.0:7-1.0:8-1.0:9-1.0:10-1.0:35347-5:35348-0:35349-8000.0:35350-2000.0:35351-500000.0:35352-100.0,19.63
0-1.0:1-1.0:2-1.0:3-1.0:4-1.0:5-1.0:6-1.0:7-1.0:8-1.0:9-1.0:10-1.0:35347-5:35348-0:35349-8000.0:35350-2000.0:35351-500000.0:35352-150.0,23.2
0-1.0:1-1.0:2-1.0:3-1.0:4-1.0:5-1.0:6-1.0:7-1.0:8-1.0:9-1.0:10-1.0:35347-5:35348-0:35349-8000.0:35350-2000.0:35351-500000.0:35352-250.0,20.0
0-1.0:1-1.0:2-1.0:3-1.0:4-1.0:5-1.0:6-1.0:7-1.0:8-1.0:9-1.0:10-1.0:35347-5:35348-0:35349-8000.0:35350-2000.0:35351-500000.0:35352-500.0,15.51
0-1.0:1-1.0:2-1.0:3-1.0:4-1.0:5-1.0:6-1.0:7-1.0:8-1.0:9-1.0:10-1.0:35347-5:35348-0:35349-8000.0:35350-2000.0:35351-500000.0:35352-750.0,16.18
0-1.0:1-1.0:2-1.0:3-1.0:4-1.0:5-1.0:6-1.0:7-1.0:8-1.0:9-1.0:10-1.0:35347-5:35348-0:35349-8000.0:35350-2000.0:35351-500000.0:35352-2500.0,12.25
0-1.0:1-1.0:2-1.0:3-1.0:4-1.0:5-1.0:6-1.0:7-1.0:8-1.0:9-1.0:10-1.0:35347-5:35348-0:35349-8000.0:35350-2000.0:35351-500000.0:35352-5000.0,10.88
0-1.0:1-1.0:2-1.0:3-1.0:4-1.0:5-1.0:6-1.0:7-1.0:8-1.0:9-1.0:10-1.0:35347-5:35348-0:35349-12000.0:35350-1000.0:35351-100000.0:35352-100.0,15.63
0-1.0:1-1.0:2-1.0:3-1.0:4-1.0:5-1.0:6-1.0:7-1.0:8-1.0:9-1.0:10-1.0:35347-5:35348-0:35349-12000.0:35350-1000.0:35351-100000.0:35352-250.0,16.0
0-1.0:1-1.0:2-1.0:3-1.0:4-1.0:5-1.0:6-1.0:7-1.0:8-1.0:9-1.0:10-1.0:35347-5:35348-0:35349-12000.0:35350-1000.0:35351-100000.0:35352-500.0,11.51
0-1.0:1-1.0:2-1.0:3-1.0:4-1.0:5-1.0:6-1.0:7-1.0:8-1.0:9-1.0:10-1.0:35347-5:35348-0:35349-12000.0:35350-1000.0:35351-100000.0:35352-750.0,13.76
0-1.0:1-1.0:2-1.0:3-1.0:4-1.0:5-1.0:6-1.0:7-1.0:8-1.0:9-1.0:10-1.0:35347-5:35348-0:35349-12000.0:35350-1000.0:35351-100000.0:35352-1500.0,12.0
0-1.0:1-1.0:2-1.0:3-1.0:4-1.0:5-1.0:6-1.0:7-1.0:8-1.0:9-1.0:10-1.0:35347-5:35348-0:35349-12000.0:35350-1000.0:35351-100000.0:35352-2500.0,10.83
0-1.0:1-1.0:2-1.0:3-1.0:4-1.0:5-1.0:6-1.0:7-1.0:8-1.0:9-1.0:10-1.0:35347-5:35348-0:35349-12000.0:35350-1000.0:35351-100000.0:35352-5000.0,10.83
0-1.0:1-1.0:2-1.0:3-1.0:4-1.0:5-1.0:6-1.0:7-1.0:8-1.0:9-1.0:10-1.0:35347-5:35348-0:35349-12000.0:35350-1000.0:35351-300000.0:35352-100.0,22.09
0-1.0:1-1.0:2-1.0:3-1.0:4-1.0:5-1.0:6-1.0:7-1.0:8-1.0:9-1.0:10-1.0:35347-5:35348-0:35349-12000.0:35350-1000.0:35351-300000.0:35352-150.0,17.09
0-1.0:1-1.0:2-1.0:3-1.0:4-1.0:5-1.0:6-1.0:7-1.0:8-1.0:9-1.0:10-1.0:35347-5:35348-0:35349-12000.0:35350-1000.0:35351-300000.0:35352-250.0,27.1
0-1.0:1-1.0:2-1.0:3-1.0:4-1.0:5-1.0:6-1.0:7-1.0:8-1.0:9-1.0:10-1.0:35347-5:35348-0:35349-12000.0:35350-1000.0:35351-300000.0:35352-500.0,13.59
0-1.0:1-1.0:2-1.0:3-1.0:4-1.0:5-1.0:6-1.0:7-1.0:8-1.0:9-1.0:10-1.0:35347-5:35348-0:35349-12000.0:35350-1000.0:35351-300000.0:35352-750.0,15.85
0-1.0:1-1.0:2-1.0:3-1.0:4-1.0:5-1.0:6-1.0:7-1.0:8-1.0:9-1.0:10-1.0:35347-5:35348-0:35349-12000.0:35350-1000.0:35351-300000.0:35352-1000.0,12.21
0-1.0:1-1.0:2-1.0:3-1.0:4-1.0:5-1.0:6-1.0:7-1.0:8-1.0:9-1.0:10-1.0:35347-5:35348-0:35349-12000.0:35350-1000.0:35351-300000.0:35352-5000.0,10.83
0-1.0:1-1.0:2-1.0:3-1.0:4-1.0:5-1.0:6-1.0:7-1.0:8-1.0:9-1.0:10-1.0:35347-5:35348-0:35349-12000.0:35350-1000.0:35351-500000.0:35352-150.0,22.95
0-1.0:1-1.0:2-1.0:3-1.0:4-1.0:5-1.0:6-1.0:7-1.0:8-1.0:9-1.0:10-1.0:35347-5:35348-0:35349-12000.0:35350-1000.0:35351-500000.0:35352-1000.0,13.88
0-1.0:1-1.0:2-1.0:3-1.0:4-1.0:5-1.0:6-1.0:7-1.0:8-1.0:9-1.0:10-1.0:35347-5:35348-0:35349-12000.0:35350-1000.0:35351-500000.0:35352-2500.0,14.31
0-1.0:1-1.0:2-1.0:3-1.0:4-1.0:5-1.0:6-1.0:7-1.0:8-1.0:9-1.0:10-1.0:35347-5:35348-0:35349-12000.0:35350-1000.0:35351-500000.0:35352-5000.0,10.83
0-1.0:1-1.0:2-1.0:3-1.0:4-1.0:5-1.0:6-1.0:7-1.0:8-1.0:9-1.0:10-1.0:35347-5:35348-0:35349-12000.0:35350-2000.0:35351-100000.0:35352-100.0,15.88
0-1.0:1-1.0:2-1.0:3-1.0:4-1.0:5-1.0:6-1.0:7-1.0:8-1.0:9-1.0:10-1.0:35347-5:35348-0:35349-12000.0:35350-2000.0:35351-100000.0:35352-150.0,15.26
0-1.0:1-1.0:2-1.0:3-1.0:4-1.0:5-1.0:6-1.0:7-1.0:8-1.0:9-1.0:10-1.0:35347-5:35348-0:35349-12000.0:35350-2000.0:35351-100000.0:35352-250.0,12.76
0-1.0:1-1.0:2-1.0:3-1.0:4-1.0:5-1.0:6-1.0:7-1.0:8-1.0:9-1.0:10-1.0:35347-5:35348-0:35349-12000.0:35350-2000.0:35351-100000.0:35352-1500.0,10.83
0-1.0:1-1.0:2-1.0:3-1.0:4-1.0:5-1.0:6-1.0:7-1.0:8-1.0:9-1.0:10-1.0:35347-5:35348-0:35349-12000.0:35350-2000.0:35351-100000.0:35352-2500.0,10.83
0-1.0:1-1.0:2-1.0:3-1.0:4-1.0:5-1.0:6-1.0:7-1.0:8-1.0:9-1.0:10-1.0:35347-5:35348-0:35349-12000.0:35350-2000.0:35351-300000.0:35352-150.0,17.34
0-1.0:1-1.0:2-1.0:3-1.0:4-1.0:5-1.0:6-1.0:7-1.0:8-1.0:9-1.0:10-1.0:35347-5:35348-0:35349-12000.0:35350-2000.0:35351-300000.0:35352-250.0,18.34
0-1.0:1-1.0:2-1.0:3-1.0:4-1.0:5-1.0:6-1.0:7-1.0:8-1.0:9-1.0:10-1.0:35347-5:35348-0:35349-12000.0:35350-2000.0:35351-300000.0:35352-500.0,17.06
0-1.0:1-1.0:2-1.0:3-1.0:4-1.0:5-1.0:6-1.0:7-1.0:8-1.0:9-1.0:10-1.0:35347-5:35348-0:35349-12000.0:35350-2000.0:35351-300000.0:35352-750.0,23.85
0-1.0:1-1.0:2-1.0:3-1.0:4-1.0:5-1.0:6-1.0:7-1.0:8-1.0:9-1.0:10-1.0:35347-5:35348-0:35349-12000.0:35350-2000.0:35351-300000.0:35352-1500.0,11.71
0-1.0:1-1.0:2-1.0:3-1.0:4-1.0:5-1.0:6-1.0:7-1.0:8-1.0:9-1.0:10-1.0:35347-5:35348-0:35349-12000.0:35350-2000.0:35351-300000.0:35352-2500.0,10.83
0-1.0:1-1.0:2-1.0:3-1.0:4-1.0:5-1.0:6-1.0:7-1.0:8-1.0:9-1.0:10-1.0:35347-5:35348-0:35349-12000.0:35350-2000.0:35351-500000.0:35352-100.0,19.63
0-1.0:1-1.0:2-1.0:3-1.0:4-1.0:5-1.0:6-1.0:7-1.0:8-1.0:9-1.0:10-1.0:35347-5:35348-0:35349-12000.0:35350-2000.0:35351-500000.0:35352-150.0,21.0
0-1.0:1-1.0:2-1.0:3-1.0:4-1.0:5-1.0:6-1.0:7-1.0:8-1.0:9-1.0:10-1.0:35347-5:35348-0:35349-12000.0:35350-2000.0:35351-500000.0:35352-1500.0,13.38
0-1.0:1-1.0:2-1.0:3-1.0:4-1.0:5-1.0:6-1.0:7-1.0:8-1.0:9-1.0:10-1.0:35347-5:35348-0:35349-12000.0:35350-2000.0:35351-500000.0:35352-2500.0,12.25
0-1.0:1-1.0:2-1.0:3-1.0:4-1.0:5-1.0:6-1.0:7-1.0:8-1.0:9-1.0:10-1.0:35347-5:35348-0:35349-12000.0:35350-2000.0:35351-500000.0:35352-5000.0,10.88
0-1.0:1-1.0:2-1.0:3-1.0:4-1.0:5-1.0:6-1.0:7-1.0:8-1.0:9-1.0:10-1.0:35347-5:35348-0:35349-16000.0:35350-1000.0:35351-100000.0:35352-100.0,20.31
0-1.0:1-1.0:2-1.0:3-1.0:4-1.0:5-1.0:6-1.0:7-1.0:8-1.0:9-1.0:10-1.0:35347-5:35348-0:35349-16000.0:35350-1000.0:35351-100000.0:35352-150.0,15.23
0-1.0:1-1.0:2-1.0:3-1.0:4-1.0:5-1.0:6-1.0:7-1.0:8-1.0:9-1.0:10-1.0:35347-5:35348-0:35349-16000.0:35350-1000.0:35351-100000.0:35352-250.0,12.69
0-1.0:1-1.0:2-1.0:3-1.0:4-1.0:5-1.0:6-1.0:7-1.0:8-1.0:9-1.0:10-1.0:35347-5:35348-0:35349-16000.0:35350-1000.0:35351-100000.0:35352-500.0,11.68
0-1.0:1-1.0:2-1.0:3-1.0:4-1.0:5-1.0:6-1.0:7-1.0:8-1.0:9-1.0:10-1.0:35347-5:35348-0:35349-16000.0:35350-1000.0:35351-100000.0:35352-2500.0,16.75
0-1.0:1-1.0:2-1.0:3-1.0:4-1.0:5-1.0:6-1.0:7-1.0:8-1.0:9-1.0:10-1.0:35347-5:35348-0:35349-16000.0:35350-1000.0:35351-100000.0:35352-5000.0,10.83
0-1.0:1-1.0:2-1.0:3-1.0:4-1.0:5-1.0:6-1.0:7-1.0:8-1.0:9-1.0:10-1.0:35347-5:35348-0:35349-16000.0:35350-1000.0:35351-300000.0:35352-150.0,17.31
0-1.0:1-1.0:2-1.0:3-1.0:4-1.0:5-1.0:6-1.0:7-1.0:8-1.0:9-1.0:10-1.0:35347-5:35348-0:35349-16000.0:35350-1000.0:35351-300000.0:35352-250.0,18.33
0-1.0:1-1.0:2-1.0:3-1.0:4-1.0:5-1.0:6-1.0:7-1.0:8-1.0:9-1.0:10-1.0:35347-5:35348-0:35349-16000.0:35350-1000.0:35351-300000.0:35352-500.0,13.76
0-1.0:1-1.0:2-1.0:3-1.0:4-1.0:5-1.0:6-1.0:7-1.0:8-1.0:9-1.0:10-1.0:35347-5:35348-0:35349-16000.0:35350-1000.0:35351-300000.0:35352-750.0,13.0
0-1.0:1-1.0:2-1.0:3-1.0:4-1.0:5-1.0:6-1.0:7-1.0:8-1.0:9-1.0:10-1.0:35347-5:35348-0:35349-16000.0:35350-1000.0:35351-300000.0:35352-1000.0,12.36
0-1.0:1-1.0:2-1.0:3-1.0:4-1.0:5-1.0:6-1.0:7-1.0:8-1.0:9-1.0:10-1.0:35347-5:35348-0:35349-16000.0:35350-1000.0:35351-300000.0:35352-1500.0,12.84
0-1.0:1-1.0:2-1.0:3-1.0:4-1.0:5-1.0:6-1.0:7-1.0:8-1.0:9-1.0:10-1.0:35347-5:35348-0:35349-16000.0:35350-1000.0:35351-300000.0:35352-5000.0,10.83
0-1.0:1-1.0:2-1.0:3-1.0:4-1.0:5-1.0:6-1.0:7-1.0:8-1.0:9-1.0:10-1.0:35347-5:35348-0:35349-16000.0:35350-1000.0:35351-500000.0:35352-100.0,19.61
0-1.0:1-1.0:2-1.0:3-1.0:4-1.0:5-1.0:6-1.0:7-1.0:8-1.0:9-1.0:10-1.0:35347-5:35348-0:35349-16000.0:35350-1000.0:35351-500000.0:35352-150.0,23.25
0-1.0:1-1.0:2-1.0:3-1.0:4-1.0:5-1.0:6-1.0:7-1.0:8-1.0:9-1.0:10-1.0:35347-5:35348-0:35349-16000.0:35350-1000.0:35351-500000.0:35352-250.0,29.13
0-1.0:1-1.0:2-1.0:3-1.0:4-1.0:5-1.0:6-1.0:7-1.0:8-1.0:9-1.0:10-1.0:35347-5:35348-0:35349-16000.0:35350-1000.0:35351-500000.0:35352-750.0,14.66
0-1.0:1-1.0:2-1.0:3-1.0:4-1.0:5-1.0:6-1.0:7-1.0:8-1.0:9-1.0:10-1.0:35347-5:35348-0:35349-16000.0:35350-1000.0:35351-500000.0:35352-1000.0,14.03
0-1.0:1-1.0:2-1.0:3-1.0:4-1.0:5-1.0:6-1.0:7-1.0:8-1.0:9-1.0:10-1.0:35347-5:35348-0:35349-16000.0:35350-1000.0:35351-500000.0:35352-1500.0,15.94
0-1.0:1-1.0:2-1.0:3-1.0:4-1.0:5-1.0:6-1.0:7-1.0:8-1.0:9-1.0:10-1.0:35347-5:35348-0:35349-16000.0:35350-1000.0:35351-500000.0:35352-2500.0,12.13
0-1.0:1-1.0:2-1.0:3-1.0:4-1.0:5-1.0:6-1.0:7-1.0:8-1.0:9-1.0:10-1.0:35347-5:35348-0:35349-16000.0:35350-1000.0:35351-500000.0:35352-5000.0,10.83
0-1.0:1-1.0:2-1.0:3-1.0:4-1.0:5-1.0:6-1.0:7-1.0:8-1.0:9-1.0:10-1.0:35347-5:35348-0:35349-16000.0:35350-2000.0:35351-100000.0:35352-100.0,16.11
0-1.0:1-1.0:2-1.0:3-1.0:4-1.0:5-1.0:6-1.0:7-1.0:8-1.0:9-1.0:10-1.0:35347-5:35348-0:35349-16000.0:35350-2000.0:35351-100000.0:35352-150.0,15.48
0-1.0:1-1.0:2-1.0:3-1.0:4-1.0:5-1.0:6-1.0:7-1.0:8-1.0:9-1.0:10-1.0:35347-5:35348-0:35349-16000.0:35350-2000.0:35351-100000.0:35352-500.0,13.45
0-1.0:1-1.0:2-1.0:3-1.0:4-1.0:5-1.0:6-1.0:7-1.0:8-1.0:9-1.0:10-1.0:35347-5:35348-0:35349-16000.0:35350-2000.0:35351-100000.0:35352-1000.0,10.83
0-1.0:1-1.0:2-1.0:3-1.0:4-1.0:5-1.0:6-1.0:7-1.0:8-1.0:9-1.0:10-1.0:35347-5:35348-0:35349-16000.0:35350-2000.0:35351-100000.0:35352-2500.0,10.83
0-1.0:1-1.0:2-1.0:3-1.0:4-1.0:5-1.0:6-1.0:7-1.0:8-1.0:9-1.0:10-1.0:35347-5:35348-0:35349-16000.0:35350-2000.0:35351-100000.0:35352-5000.0,10.83
0-1.0:1-1.0:2-1.0:3-1.0:4-1.0:5-1.0:6-1.0:7-1.0:8-1.0:9-1.0:10-1.0:35347-5:35348-0:35349-16000.0:35350-2000.0:35351-300000.0:35352-100.0,18.2
0-1.0:1-1.0:2-1.0:3-1.0:4-1.0:5-1.0:6-1.0:7-1.0:8-1.0:9-1.0:10-1.0:35347-5:35348-0:35349-16000.0:35350-2000.0:35351-300000.0:35352-150.0,17.56
0-1.0:1-1.0:2-1.0:3-1.0:4-1.0:5-1.0:6-1.0:7-1.0:8-1.0:9-1.0:10-1.0:35347-5:35348-0:35349-16000.0:35350-2000.0:35351-300000.0:35352-500.0,17.28
0-1.0:1-1.0:2-1.0:3-1.0:4-1.0:5-1.0:6-1.0:7-1.0:8-1.0:9-1.0:10-1.0:35347-5:35348-0:35349-16000.0:35350-2000.0:35351-300000.0:35352-750.0,16.31
0-1.0:1-1.0:2-1.0:3-1.0:4-1.0:5-1.0:6-1.0:7-1.0:8-1.0:9-1.0:10-1.0:35347-5:35348-0:35349-16000.0:35350-2000.0:35351-300000.0:35352-1000.0,15.49
0-1.0:1-1.0:2-1.0:3-1.0:4-1.0:5-1.0:6-1.0:7-1.0:8-1.0:9-1.0:10-1.0:35347-5:35348-0:35349-16000.0:35350-2000.0:35351-300000.0:35352-2500.0,10.83
0-1.0:1-1.0:2-1.0:3-1.0:4-1.0:5-1.0:6-1.0:7-1.0:8-1.0:9-1.0:10-1.0:35347-5:35348-0:35349-16000.0:35350-2000.0:35351-300000.0:35352-5000.0,10.83
0-1.0:1-1.0:2-1.0:3-1.0:4-1.0:5-1.0:6-1.0:7-1.0:8-1.0:9-1.0:10-1.0:35347-5:35348-0:35349-16000.0:35350-2000.0:35351-500000.0:35352-100.0,19.86
0-1.0:1-1.0:2-1.0:3-1.0:4-1.0:5-1.0:6-1.0:7-1.0:8-1.0:9-1.0:10-1.0:35347-5:35348-0:35349-16000.0:35350-2000.0:35351-500000.0:35352-150.0,19.23
0-1.0:1-1.0:2-1.0:3-1.0:4-1.0:5-1.0:6-1.0:7-1.0:8-1.0:9-1.0:10-1.0:35347-5:35348-0:35349-16000.0:35350-2000.0:35351-500000.0:35352-250.0,16.69
0-1.0:1-1.0:2-1.0:3-1.0:4-1.0:5-1.0:6-1.0:7-1.0:8-1.0:9-1.0:10-1.0:35347-5:35348-0:35349-16000.0:35350-2000.0:35351-500000.0:35352-500.0,15.68
0-1.0:1-1.0:2-1.0:3-1.0:4-1.0:5-1.0:6-1.0:7-1.0:8-1.0:9-1.0:10-1.0:35347-5:35348-0:35349-16000.0:35350-2000.0:35351-500000.0:35352-750.0,14.91
0-1.0:1-1.0:2-1.0:3-1.0:4-1.0:5-1.0:6-1.0:7-1.0:8-1.0:9-1.0:10-1.0:35347-5:35348-0:35349-16000.0:35350-2000.0:35351-500000.0:35352-1000.0,14.28
0-1.0:2-1.0:3-1.0:4-1.0:5-1.0:6-1.0:7-1.0:8-1.0:9-1.0:10-1.0:18612-1.0:35347-2:35348-0:35349-80000.0:35350-1000.0:35351-100000.0:35352-100.0,32.52
0-1.0:2-1.0:3-1.0:4-1.0:5-1.0:6-1.0:7-1.0:8-1.0:9-1.0:10-1.0:18612-1.0:35347-2:35348-0:35349-80000.0:35350-1000.0:35351-100000.0:35352-150.0,28.1
0-1.0:2-1.0:3-1.0:4-1.0:5-1.0:6-1.0:7-1.0:8-1.0:9-1.0:10-1.0:18612-1.0:35347-2:35348-0:35349-80000.0:35350-1000.0:35351-100000.0:35352-250.0,33.21
0-1.0:2-1.0:3-1.0:4-1.0:5-1.0:6-1.0:7-1.0:8-1.0:9-1.0:10-1.0:18612-1.0:35347-2:35348-0:35349-80000.0:35350-1000.0:35351-100000.0:35352-500.0,21.54
0-1.0:2-1.0:3-1.0:4-1.0:5-1.0:6-1.0:7-1.0:8-1.0:9-1.0:10-1.0:18612-1.0:35347-2:35348-0:35349-80000.0:35350-1000.0:35351-100000.0:35352-750.0,22.37
0-1.0:2-1.0:3-1.0:4-1.0:5-1.0:6-1.0:7-1.0:8-1.0:9-1.0:10-1.0:18612-1.0:35347-2:35348-0:35349-80000.0:35350-1000.0:35351-100000.0:35352-1500.0,17.95
0-1.0:2-1.0:3-1.0:4-1.0:5-1.0:6-1.0:7-1.0:8-1.0:9-1.0:10-1.0:18612-1.0:35347-2:35348-0:35349-80000.0:35350-1000.0:35351-100000.0:35352-2500.0,17.17
0-1.0:2-1.0:3-1.0:4-1.0:5-1.0:6-1.0:7-1.0:8-1.0:9-1.0:10-1.0:18612-1.0:35347-2:35348-0:35349-80000.0:35350-1000.0:35351-100000.0:35352-5000.0,18.26
0-1.0:2-1.0:3-1.0:4-1.0:5-1.0:6-1.0:7-1.0:8-1.0:9-1.0:10-1.0:18612-1.0:35347-2:35348-0:35349-80000.0:35350-1000.0:35351-300000.0:35352-100.0,31.35
0-1.0:2-1.0:3-1.0:4-1.0:5-1.0:6-1.0:7-1.0:8-1.0:9-1.0:10-1.0:18612-1.0:35347-2:35348-0:35349-80000.0:35350-1000.0:35351-300000.0:35352-150.0,33.3
0-1.0:2-1.0:3-1.0:4-1.0:5-1.0:6-1.0:7-1.0:8-1.0:9-1.0:10-1.0:18612-1.0:35347-2:35348-0:35349-80000.0:35350-1000.0:35351-300000.0:35352-250.0,25.5
0-1.0:1-1.0:2-1.0:3-1.0:4-1.0:5-1.0:6-1.0:7-1.0:8-1.0:9-1.0:10-1.0:35347-2:35348-0:35349-80000.0:35350-1000.0:35351-300000.0:35352-500.0,26.02
0-1.0:2-1.0:3-1.0:4-1.0:5-1.0:6-1.0:7-1.0:8-1.0:9-1.0:10-1.0:18612-1.0:35347-2:35348-0:35349-80000.0:35350-1000.0:35351-300000.0:35352-750.0,22.22
0-1.0:2-1.0:3-1.0:4-1.0:5-1.0:6-1.0:7-1.0:8-1.0:9-1.0:10-1.0:18612-1.0:35347-2:35348-0:35349-80000.0:35350-1000.0:35351-300000.0:35352-1000.0,23.15
0-1.0:2-1.0:3-1.0:4-1.0:5-1.0:6-1.0:7-1.0:8-1.0:9-1.0:10-1.0:18612-1.0:35347-2:35348-0:35349-80000.0:35350-1000.0:35351-300000.0:35352-1500.0,19.64
0-1.0:1-1.0:2-1.0:3-1.0:4-1.0:5-1.0:6-1.0:7-1.0:8-1.0:9-1.0:10-1.0:35347-2:35348-0:35349-80000.0:35350-1000.0:35351-300000.0:35352-2500.0,36.33
0-1.0:2-1.0:3-1.0:4-1.0:5-1.0:6-1.0:7-1.0:8-1.0:9-1.0:10-1.0:18612-1.0:35347-2:35348-0:35349-80000.0:35350-1000.0:35351-300000.0:35352-5000.0,16.39
0-1.0:2-1.0:3-1.0:4-1.0:5-1.0:6-1.0:7-1.0:8-1.0:9-1.0:10-1.0:18612-1.0:35347-2:35348-0:35349-80000.0:35350-1000.0:35351-500000.0:35352-100.0,33.02
0-1.0:2-1.0:3-1.0:4-1.0:5-1.0:6-1.0:7-1.0:8-1.0:9-1.0:10-1.0:18612-1.0:35347-2:35348-0:35349-80000.0:35350-1000.0:35351-500000.0:35352-150.0,34.97
0-1.0:2-1.0:3-1.0:4-1.0:5-1.0:6-1.0:7-1.0:8-1.0:9-1.0:10-1.0:18612-1.0:35347-2:35348-0:35349-80000.0:35350-1000.0:35351-500000.0:35352-250.0,29.76
0-1.0:2-1.0:3-1.0:4-1.0:5-1.0:6-1.0:7-1.0:8-1.0:9-1.0:10-1.0:18612-1.0:35347-2:35348-0:35349-80000.0:35350-1000.0:35351-500000.0:35352-500.0,25.29
0-1.0:2-1.0:3-1.0:4-1.0:5-1.0:6-1.0:7-1.0:8-1.0:9-1.0:10-1.0:18612-1.0:35347-2:35348-0:35349-80000.0:35350-1000.0:35351-500000.0:35352-750.0,23.89
0-1.0:1-1.0:2-1.0:3-1.0:4-1.0:5-1.0:6-1.0:7-1.0:8-1.0:9-1.0:10-1.0:35347-2:35348-0:35349-80000.0:35350-1000.0:35351-500000.0:35352-1000.0,30.65
0-1.0:2-1.0:3-1.0:4-1.0:5-1.0:6-1.0:7-1.0:8-1.0:9-1.0:10-1.0:18612-1.0:35347-2:35348-0:35349-80000.0:35350-1000.0:35351-500000.0:35352-1500.0,21.31
0-1.0:2-1.0:3-1.0:4-1.0:5-1.0:6-1.0:7-1.0:8-1.0:9-1.0:10-1.0:18612-1.0:35347-2:35348-0:35349-80000.0:35350-1000.0:35351-500000.0:35352-2500.0,25.67
0-1.0:2-1.0:3-1.0:4-1.0:5-1.0:6-1.0:7-1.0:8-1.0:9-1.0:10-1.0:18612-1.0:35347-2:35348-0:35349-80000.0:35350-1000.0:35351-500000.0:35352-5000.0,20.55
0-1.0:1-1.0:2-1.0:3-1.0:4-1.0:5-1.0:6-1.0:7-1.0:8-1.0:9-1.0:10-1.0:35347-2:35348-0:35349-80000.0:35350-2000.0:35351-100000.0:35352-100.0,32.77
0-1.0:2-1.0:3-1.0:4-1.0:5-1.0:6-1.0:7-1.0:8-1.0:9-1.0:10-1.0:18612-1.0:35347-2:35348-0:35349-80000.0:35350-2000.0:35351-100000.0:35352-150.0,28.35
0-1.0:2-1.0:3-1.0:4-1.0:5-1.0:6-1.0:7-1.0:8-1.0:9-1.0:10-1.0:18612-1.0:35347-2:35348-0:35349-80000.0:35350-2000.0:35351-100000.0:35352-250.0,23.66
0-1.0:1-1.0:2-1.0:3-1.0:4-1.0:5-1.0:6-1.0:7-1.0:8-1.0:9-1.0:10-1.0:35347-2:35348-0:35349-80000.0:35350-2000.0:35351-100000.0:35352-500.0,24.18
0-1.0:2-1.0:3-1.0:4-1.0:5-1.0:6-1.0:7-1.0:8-1.0:9-1.0:10-1.0:18612-1.0:35347-2:35348-0:35349-80000.0:35350-2000.0:35351-100000.0:35352-750.0,26.52
0-1.0:2-1.0:3-1.0:4-1.0:5-1.0:6-1.0:7-1.0:8-1.0:9-1.0:10-1.0:18612-1.0:35347-2:35348-0:35349-80000.0:35350-2000.0:35351-100000.0:35352-1000.0,21.32
0-1.0:2-1.0:3-1.0:4-1.0:5-1.0:6-1.0:7-1.0:8-1.0:9-1.0:10-1.0:18612-1.0:35347-2:35348-0:35349-80000.0:35350-2000.0:35351-100000.0:35352-1500.0,19.76
0-1.0:2-1.0:3-1.0:4-1.0:5-1.0:6-1.0:7-1.0:8-1.0:9-1.0:10-1.0:18612-1.0:35347-2:35348-0:35349-80000.0:35350-2000.0:35351-100000.0:35352-2500.0,17.42
0-1.0:2-1.0:3-1.0:4-1.0:5-1.0:6-1.0:7-1.0:8-1.0:9-1.0:10-1.0:18612-1.0:35347-2:35348-0:35349-80000.0:35350-2000.0:35351-100000.0:35352-5000.0,14.56
0-1.0:2-1.0:3-1.0:4-1.0:5-1.0:6-1.0:7-1.0:8-1.0:9-1.0:10-1.0:18612-1.0:35347-2:35348-0:35349-80000.0:35350-2000.0:35351-300000.0:35352-100.0,34.85
0-1.0:2-1.0:3-1.0:4-1.0:5-1.0:6-1.0:7-1.0:8-1.0:9-1.0:10-1.0:18612-1.0:35347-2:35348-0:35349-80000.0:35350-2000.0:35351-300000.0:35352-150.0,33.55
0-1.0:2-1.0:3-1.0:4-1.0:5-1.0:6-1.0:7-1.0:8-1.0:9-1.0:10-1.0:18612-1.0:35347-2:35348-0:35349-80000.0:35350-2000.0:35351-300000.0:35352-250.0,28.77
0-1.0:1-1.0:2-1.0:3-1.0:4-1.0:5-1.0:6-1.0:7-1.0:8-1.0:9-1.0:10-1.0:35347-2:35348-0:35349-80000.0:35350-2000.0:35351-300000.0:35352-500.0,50.08
0-1.0:2-1.0:3-1.0:4-1.0:5-1.0:6-1.0:7-1.0:8-1.0:9-1.0:10-1.0:18612-1.0:35347-2:35348-0:35349-80000.0:35350-2000.0:35351-300000.0:35352-750.0,22.47
0-1.0:2-1.0:3-1.0:4-1.0:5-1.0:6-1.0:7-1.0:8-1.0:9-1.0:10-1.0:18612-1.0:35347-2:35348-0:35349-80000.0:35350-2000.0:35351-300000.0:35352-1000.0,23.4
0-1.0:2-1.0:3-1.0:4-1.0:5-1.0:6-1.0:7-1.0:8-1.0:9-1.0:10-1.0:18612-1.0:35347-2:35348-0:35349-80000.0:35350-2000.0:35351-300000.0:35352-1500.0,21.84
0-1.0:2-1.0:3-1.0:4-1.0:5-1.0:6-1.0:7-1.0:8-1.0:9-1.0:10-1.0:18612-1.0:35347-2:35348-0:35349-80000.0:35350-2000.0:35351-300000.0:35352-2500.0,23.15
0-1.0:2-1.0:3-1.0:4-1.0:5-1.0:6-1.0:7-1.0:8-1.0:9-1.0:10-1.0:18612-1.0:35347-2:35348-0:35349-80000.0:35350-2000.0:35351-300000.0:35352-5000.0,20.6
0-1.0:2-1.0:3-1.0:4-1.0:5-1.0:6-1.0:7-1.0:8-1.0:9-1.0:10-1.0:18612-1.0:35347-2:35348-0:35349-80000.0:35350-2000.0:35351-500000.0:35352-100.0,68.87
0-1.0:2-1.0:3-1.0:4-1.0:5-1.0:6-1.0:7-1.0:8-1.0:9-1.0:10-1.0:18612-1.0:35347-2:35348-0:35349-80000.0:35350-2000.0:35351-500000.0:35352-150.0,32.1
0-1.0:2-1.0:3-1.0:4-1.0:5-1.0:6-1.0:7-1.0:8-1.0:9-1.0:10-1.0:18612-1.0:35347-2:35348-0:35349-80000.0:35350-2000.0:35351-500000.0:35352-250.0,30.01
0-1.0:2-1.0:3-1.0:4-1.0:5-1.0:6-1.0:7-1.0:8-1.0:9-1.0:10-1.0:18612-1.0:35347-2:35348-0:35349-80000.0:35350-2000.0:35351-500000.0:35352-500.0,25.54
0-1.0:2-1.0:3-1.0:4-1.0:5-1.0:6-1.0:7-1.0:8-1.0:9-1.0:10-1.0:18612-1.0:35347-2:35348-0:35349-80000.0:35350-2000.0:35351-500000.0:35352-750.0,25.25
0-1.0:2-1.0:3-1.0:4-1.0:5-1.0:6-1.0:7-1.0:8-1.0:9-1.0:10-1.0:18612-1.0:35347-2:35348-0:35349-80000.0:35350-2000.0:35351-500000.0:35352-1000.0,28.21
0-1.0:2-1.0:3-1.0:4-1.0:5-1.0:6-1.0:7-1.0:8-1.0:9-1.0:10-1.0:18612-1.0:35347-2:35348-0:35349-80000.0:35350-2000.0:35351-500000.0:35352-1500.0,21.56
0-1.0:2-1.0:3-1.0:4-1.0:5-1.0:6-1.0:7-1.0:8-1.0:9-1.0:10-1.0:18612-1.0:35347-2:35348-0:35349-80000.0:35350-2000.0:35351-500000.0:35352-2500.0,19.45
0-1.0:2-1.0:3-1.0:4-1.0:5-1.0:6-1.0:7-1.0:8-1.0:9-1.0:10-1.0:18612-1.0:35347-2:35348-0:35349-80000.0:35350-2000.0:35351-500000.0:35352-5000.0,20.44
0-1.0:2-1.0:3-1.0:4-1.0:5-1.0:6-1.0:7-1.0:8-1.0:9-1.0:10-1.0:18612-1.0:35347-2:35348-0:35349-90000.0:35350-1000.0:35351-100000.0:35352-100.0,31.62
0-1.0:2-1.0:3-1.0:4-1.0:5-1.0:6-1.0:7-1.0:8-1.0:9-1.0:10-1.0:18612-1.0:35347-2:35348-0:35349-90000.0:35350-1000.0:35351-100000.0:35352-150.0,38.81
0-1.0:2-1.0:3-1.0:4-1.0:5-1.0:6-1.0:7-1.0:8-1.0:9-1.0:10-1.0:18612-1.0:35347-2:35348-0:35349-90000.0:35350-1000.0:35351-100000.0:35352-250.0,27.49
0-1.0:2-1.0:3-1.0:4-1.0:5-1.0:6-1.0:7-1.0:8-1.0:9-1.0:10-1.0:18612-1.0:35347-2:35348-0:35349-90000.0:35350-1000.0:35351-100000.0:35352-500.0,25.29
0-1.0:2-1.0:3-1.0:4-1.0:5-1.0:6-1.0:7-1.0:8-1.0:9-1.0:10-1.0:18612-1.0:35347-2:35348-0:35349-90000.0:35350-1000.0:35351-100000.0:35352-750.0,26.82
0-1.0:2-1.0:3-1.0:4-1.0:5-1.0:6-1.0:7-1.0:8-1.0:9-1.0:10-1.0:18612-1.0:35347-2:35348-0:35349-90000.0:35350-1000.0:35351-100000.0:35352-1500.0,18.56
0-1.0:2-1.0:3-1.0:4-1.0:5-1.0:6-1.0:7-1.0:8-1.0:9-1.0:10-1.0:18612-1.0:35347-2:35348-0:35349-90000.0:35350-1000.0:35351-100000.0:35352-2500.0,16.33
0-1.0:2-1.0:3-1.0:4-1.0:5-1.0:6-1.0:7-1.0:8-1.0:9-1.0:10-1.0:18612-1.0:35347-2:35348-0:35349-90000.0:35350-1000.0:35351-100000.0:35352-5000.0,19.34
0-1.0:2-1.0:3-1.0:4-1.0:5-1.0:6-1.0:7-1.0:8-1.0:9-1.0:10-1.0:18612-1.0:35347-2:35348-0:35349-90000.0:35350-1000.0:35351-300000.0:35352-100.0,43.83
0-1.0:1-1.0:2-1.0:3-1.0:4-1.0:5-1.0:6-1.0:7-1.0:8-1.0:9-1.0:10-1.0:35347-2:35348-0:35349-90000.0:35350-1000.0:35351-300000.0:35352-150.0,44.27
0-1.0:2-1.0:3-1.0:4-1.0:5-1.0:6-1.0:7-1.0:8-1.0:9-1.0:10-1.0:18612-1.0:35347-2:35348-0:35349-90000.0:35350-1000.0:35351-300000.0:35352-250.0,37.24
0-1.0:2-1.0:3-1.0:4-1.0:5-1.0:6-1.0:7-1.0:8-1.0:9-1.0:10-1.0:18612-1.0:35347-2:35348-0:35349-90000.0:35350-1000.0:35351-300000.0:35352-500.0,34.43
0-1.0:2-1.0:3-1.0:4-1.0:5-1.0:6-1.0:7-1.0:8-1.0:9-1.0:10-1.0:18612-1.0:35347-2:35348-0:35349-90000.0:35350-1000.0:35351-300000.0:35352-750.0,28.91
0-1.0:2-1.0:3-1.0:4-1.0:5-1.0:6-1.0:7-1.0:8-1.0:9-1.0:10-1.0:18612-1.0:35347-2:35348-0:35349-90000.0:35350-1000.0:35351-300000.0:35352-1000.0,30.56
0-1.0:2-1.0:3-1.0:4-1.0:5-1.0:6-1.0:7-1.0:8-1.0:9-1.0:10-1.0:18612-1.0:35347-2:35348-0:35349-90000.0:35350-1000.0:35351-300000.0:35352-1500.0,20.64
0-1.0:2-1.0:3-1.0:4-1.0:5-1.0:6-1.0:7-1.0:8-1.0:9-1.0:10-1.0:18612-1.0:35347-2:35348-0:35349-90000.0:35350-1000.0:35351-300000.0:35352-2500.0,20.23
0-1.0:2-1.0:3-1.0:4-1.0:5-1.0:6-1.0:7-1.0:8-1.0:9-1.0:10-1.0:18612-1.0:35347-2:35348-0:35349-90000.0:35350-1000.0:35351-300000.0:35352-5000.0,15.99
0-1.0:2-1.0:3-1.0:4-1.0:5-1.0:6-1.0:7-1.0:8-1.0:9-1.0:10-1.0:18612-1.0:35347-2:35348-0:35349-90000.0:35350-1000.0:35351-500000.0:35352-100.0,34.68
0-1.0:2-1.0:3-1.0:4-1.0:5-1.0:6-1.0:7-1.0:8-1.0:9-1.0:10-1.0:18612-1.0:35347-2:35348-0:35349-90000.0:35350-1000.0:35351-500000.0:35352-150.0,34.1
0-1.0:2-1.0:3-1.0:4-1.0:5-1.0:6-1.0:7-1.0:8-1.0:9-1.0:10-1.0:18612-1.0:35347-2:35348-0:35349-90000.0:35350-1000.0:35351-500000.0:35352-250.0,35.39
0-1.0:2-1.0:3-1.0:4-1.0:5-1.0:6-1.0:7-1.0:8-1.0:9-1.0:10-1.0:18612-1.0:35347-2:35348-0:35349-90000.0:35350-1000.0:35351-500000.0:35352-500.0,36.09
0-1.0:2-1.0:3-1.0:4-1.0:5-1.0:6-1.0:7-1.0:8-1.0:9-1.0:10-1.0:18612-1.0:35347-2:35348-0:35349-90000.0:35350-1000.0:35351-500000.0:35352-750.0,25.03
0-1.0:1-1.0:2-1.0:3-1.0:4-1.0:5-1.0:6-1.0:7-1.0:8-1.0:9-1.0:10-1.0:35347-2:35348-0:35349-90000.0:35350-1000.0:35351-500000.0:35352-1000.0,26.02
0-1.0:2-1.0:3-1.0:4-1.0:5-1.0:6-1.0:7-1.0:8-1.0:9-1.0:10-1.0:18612-1.0:35347-2:35348-0:35349-90000.0:35350-1000.0:35351-500000.0:35352-1500.0,22.31
0-1.0:2-1.0:3-1.0:4-1.0:5-1.0:6-1.0:7-1.0:8-1.0:9-1.0:10-1.0:18612-1.0:35347-2:35348-0:35349-90000.0:35350-1000.0:35351-500000.0:35352-2500.0,21.89
0-1.0:2-1.0:3-1.0:4-1.0:5-1.0:6-1.0:7-1.0:8-1.0:9-1.0:10-1.0:18612-1.0:35347-2:35348-0:35349-90000.0:35350-1000.0:35351-500000.0:35352-5000.0,17.36
0-1.0:2-1.0:3-1.0:4-1.0:5-1.0:6-1.0:7-1.0:8-1.0:9-1.0:10-1.0:18612-1.0:35347-2:35348-0:35349-90000.0:35350-2000.0:35351-100000.0:35352-100.0,31.18
0-1.0:2-1.0:3-1.0:4-1.0:5-1.0:6-1.0:7-1.0:8-1.0:9-1.0:10-1.0:18612-1.0:35347-2:35348-0:35349-90000.0:35350-2000.0:35351-100000.0:35352-150.0,30.6
0-1.0:2-1.0:3-1.0:4-1.0:5-1.0:6-1.0:7-1.0:8-1.0:9-1.0:10-1.0:18612-1.0:35347-2:35348-0:35349-90000.0:35350-2000.0:35351-100000.0:35352-250.0,27.74
0-1.0:2-1.0:3-1.0:4-1.0:5-1.0:6-1.0:7-1.0:8-1.0:9-1.0:10-1.0:18612-1.0:35347-2:35348-0:35349-90000.0:35350-2000.0:35351-100000.0:35352-500.0,32.59
0-1.0:2-1.0:3-1.0:4-1.0:5-1.0:6-1.0:7-1.0:8-1.0:9-1.0:10-1.0:18612-1.0:35347-2:35348-0:35349-90000.0:35350-2000.0:35351-100000.0:35352-750.0,27.46
0-1.0:2-1.0:3-1.0:4-1.0:5-1.0:6-1.0:7-1.0:8-1.0:9-1.0:10-1.0:18612-1.0:35347-2:35348-0:35349-90000.0:35350-2000.0:35351-100000.0:35352-1000.0,25.88
0-1.0:2-1.0:3-1.0:4-1.0:5-1.0:6-1.0:7-1.0:8-1.0:9-1.0:10-1.0:18612-1.0:35347-2:35348-0:35349-90000.0:35350-2000.0:35351-100000.0:35352-1500.0,18.81
0-1.0:2-1.0:3-1.0:4-1.0:5-1.0:6-1.0:7-1.0:8-1.0:9-1.0:10-1.0:18612-1.0:35347-2:35348-0:35349-90000.0:35350-2000.0:35351-100000.0:35352-2500.0,17.49
0-1.0:2-1.0:3-1.0:4-1.0:5-1.0:6-1.0:7-1.0:8-1.0:9-1.0:10-1.0:18612-1.0:35347-2:35348-0:35349-90000.0:35350-2000.0:35351-100000.0:35352-5000.0,13.86
0-1.0:2-1.0:3-1.0:4-1.0:5-1.0:6-1.0:7-1.0:8-1.0:9-1.0:10-1.0:18612-1.0:35347-2:35348-0:35349-90000.0:35350-2000.0:35351-300000.0:35352-100.0,33.26
0-1.0:2-1.0:3-1.0:4-1.0:5-1.0:6-1.0:7-1.0:8-1.0:9-1.0:10-1.0:18612-1.0:35347-2:35348-0:35349-90000.0:35350-2000.0:35351-300000.0:35352-150.0,32.03
0-1.0:2-1.0:3-1.0:4-1.0:5-1.0:6-1.0:7-1.0:8-1.0:9-1.0:10-1.0:18612-1.0:35347-2:35348-0:35349-90000.0:35350-2000.0:35351-300000.0:35352-250.0,57.32
0-1.0:2-1.0:3-1.0:4-1.0:5-1.0:6-1.0:7-1.0:8-1.0:9-1.0:10-1.0:18612-1.0:35347-2:35348-0:35349-90000.0:35350-2000.0:35351-300000.0:35352-500.0,31.03
0-1.0:2-1.0:3-1.0:4-1.0:5-1.0:6-1.0:7-1.0:8-1.0:9-1.0:10-1.0:18612-1.0:35347-2:35348-0:35349-90000.0:35350-2000.0:35351-300000.0:35352-750.0,29.16
0-1.0:2-1.0:3-1.0:4-1.0:5-1.0:6-1.0:7-1.0:8-1.0:9-1.0:10-1.0:18612-1.0:35347-2:35348-0:35349-90000.0:35350-2000.0:35351-300000.0:35352-1000.0,25.07
0-1.0:1-1.0:2-1.0:3-1.0:4-1.0:5-1.0:6-1.0:7-1.0:8-1.0:9-1.0:10-1.0:35347-2:35348-0:35349-90000.0:35350-2000.0:35351-300000.0:35352-1500.0,28.7
0-1.0:2-1.0:3-1.0:4-1.0:5-1.0:6-1.0:7-1.0:8-1.0:9-1.0:10-1.0:18612-1.0:35347-2:35348-0:35349-90000.0:35350-2000.0:35351-300000.0:35352-2500.0,18.66
0-1.0:2-1.0:3-1.0:4-1.0:5-1.0:6-1.0:7-1.0:8-1.0:9-1.0:10-1.0:18612-1.0:35347-2:35348-0:35349-90000.0:35350-2000.0:35351-300000.0:35352-5000.0,16.25
0-1.0:2-1.0:3-1.0:4-1.0:5-1.0:6-1.0:7-1.0:8-1.0:9-1.0:10-1.0:18612-1.0:35347-2:35348-0:35349-90000.0:35350-2000.0:35351-500000.0:35352-100.0,34.93
0-1.0:2-1.0:3-1.0:4-1.0:5-1.0:6-1.0:7-1.0:8-1.0:9-1.0:10-1.0:18612-1.0:35347-2:35348-0:35349-90000.0:35350-2000.0:35351-500000.0:35352-150.0,33.69
0-1.0:2-1.0:3-1.0:4-1.0:5-1.0:6-1.0:7-1.0:8-1.0:9-1.0:10-1.0:18612-1.0:35347-2:35348-0:35349-90000.0:35350-2000.0:35351-500000.0:35352-250.0,31.49
0-1.0:1-1.0:2-1.0:3-1.0:4-1.0:5-1.0:6-1.0:7-1.0:8-1.0:9-1.0:10-1.0:35347-2:35348-0:35349-90000.0:35350-2000.0:35351-500000.0:35352-500.0,29.29
0-1.0:2-1.0:3-1.0:4-1.0:5-1.0:6-1.0:7-1.0:8-1.0:9-1.0:10-1.0:18612-1.0:35347-2:35348-0:35349-90000.0:35350-2000.0:35351-500000.0:35352-750.0,27.64
0-1.0:2-1.0:3-1.0:4-1.0:5-1.0:6-1.0:7-1.0:8-1.0:9-1.0:10-1.0:18612-1.0:35347-2:35348-0:35349-90000.0:35350-2000.0:35351-500000.0:35352-1000.0,24.49
0-1.0:1-1.0:2-1.0:3-1.0:4-1.0:5-1.0:6-1.0:7-1.0:8-1.0:9-1.0:10-1.0:35347-2:35348-0:35349-90000.0:35350-2000.0:35351-500000.0:35352-1500.0,24.62
0-1.0:2-1.0:3-1.0:4-1.0:5-1.0:6-1.0:7-1.0:8-1.0:9-1.0:10-1.0:18612-1.0:35347-2:35348-0:35349-90000.0:35350-2000.0:35351-500000.0:35352-2500.0,25.35
0-1.0:2-1.0:3-1.0:4-1.0:5-1.0:6-1.0:7-1.0:8-1.0:9-1.0:10-1.0:18612-1.0:35347-2:35348-0:35349-90000.0:35350-2000.0:35351-500000.0:35352-5000.0,17.61
0-1.0:1-1.0:2-1.0:3-1.0:4-1.0:5-1.0:6-1.0:7-1.0:8-1.0:9-1.0:10-1.0:35347-2:35348-0:35349-100000.0:35350-1000.0:35351-100000.0:35352-100.0,46.21
0-1.0:2-1.0:3-1.0:4-1.0:5-1.0:6-1.0:7-1.0:8-1.0:9-1.0:10-1.0:18612-1.0:35347-2:35348-0:35349-100000.0:35350-1000.0:35351-100000.0:35352-150.0,39.93
0-1.0:2-1.0:3-1.0:4-1.0:5-1.0:6-1.0:7-1.0:8-1.0:9-1.0:10-1.0:18612-1.0:35347-2:35348-0:35349-100000.0:35350-1000.0:35351-100000.0:35352-250.0,28.9
0-1.0:2-1.0:3-1.0:4-1.0:5-1.0:6-1.0:7-1.0:8-1.0:9-1.0:10-1.0:18612-1.0:35347-2:35348-0:35349-100000.0:35350-1000.0:35351-100000.0:35352-500.0,26.59
0-1.0:1-1.0:2-1.0:3-1.0:4-1.0:5-1.0:6-1.0:7-1.0:8-1.0:9-1.0:10-1.0:35347-2:35348-0:35349-100000.0:35350-1000.0:35351-100000.0:35352-750.0,24.86
0-1.0:2-1.0:3-1.0:4-1.0:5-1.0:6-1.0:7-1.0:8-1.0:9-1.0:10-1.0:18612-1.0:35347-2:35348-0:35349-100000.0:35350-1000.0:35351-100000.0:35352-1500.0,19.51
0-1.0:2-1.0:3-1.0:4-1.0:5-1.0:6-1.0:7-1.0:8-1.0:9-1.0:10-1.0:18612-1.0:35347-2:35348-0:35349-100000.0:35350-1000.0:35351-100000.0:35352-2500.0,21.96
0-1.0:2-1.0:3-1.0:4-1.0:5-1.0:6-1.0:7-1.0:8-1.0:9-1.0:10-1.0:18612-1.0:35347-2:35348-0:35349-100000.0:35350-1000.0:35351-100000.0:35352-5000.0,18.71
0-1.0:2-1.0:3-1.0:4-1.0:5-1.0:6-1.0:7-1.0:8-1.0:9-1.0:10-1.0:18612-1.0:35347-2:35348-0:35349-100000.0:35350-1000.0:35351-300000.0:35352-100.0,38.21
0-1.0:2-1.0:3-1.0:4-1.0:5-1.0:6-1.0:7-1.0:8-1.0:9-1.0:10-1.0:18612-1.0:35347-2:35348-0:35349-100000.0:35350-1000.0:35351-300000.0:35352-150.0,36.77
0-1.0:2-1.0:3-1.0:4-1.0:5-1.0:6-1.0:7-1.0:8-1.0:9-1.0:10-1.0:18612-1.0:35347-2:35348-0:35349-100000.0:35350-1000.0:35351-300000.0:35352-250.0,28.68
0-1.0:2-1.0:3-1.0:4-1.0:5-1.0:6-1.0:7-1.0:8-1.0:9-1.0:10-1.0:18612-1.0:35347-2:35348-0:35349-100000.0:35350-1000.0:35351-300000.0:35352-500.0,36.1
0-1.0:2-1.0:3-1.0:4-1.0:5-1.0:6-1.0:7-1.0:8-1.0:9-1.0:10-1.0:18612-1.0:35347-2:35348-0:35349-100000.0:35350-1000.0:35351-300000.0:35352-750.0,26.94
0-1.0:2-1.0:3-1.0:4-1.0:5-1.0:6-1.0:7-1.0:8-1.0:9-1.0:10-1.0:18612-1.0:35347-2:35348-0:35349-100000.0:35350-1000.0:35351-300000.0:35352-1000.0,25.5
0-1.0:2-1.0:3-1.0:4-1.0:5-1.0:6-1.0:7-1.0:8-1.0:9-1.0:10-1.0:18612-1.0:35347-2:35348-0:35349-100000.0:35350-1000.0:35351-300000.0:35352-1500.0,21.59
0-1.0:2-1.0:3-1.0:4-1.0:5-1.0:6-1.0:7-1.0:8-1.0:9-1.0:10-1.0:18612-1.0:35347-2:35348-0:35349-100000.0:35350-1000.0:35351-300000.0:35352-2500.0,19.25
0-1.0:2-1.0:3-1.0:4-1.0:5-1.0:6-1.0:7-1.0:8-1.0:9-1.0:10-1.0:18612-1.0:35347-2:35348-0:35349-100000.0:35350-1000.0:35351-300000.0:35352-5000.0,33.92
0-1.0:2-1.0:3-1.0:4-1.0:5-1.0:6-1.0:7-1.0:8-1.0:9-1.0:10-1.0:18612-1.0:35347-2:35348-0:35349-100000.0:35350-1000.0:35351-500000.0:35352-100.0,47.65
0-1.0:2-1.0:3-1.0:4-1.0:5-1.0:6-1.0:7-1.0:8-1.0:9-1.0:10-1.0:18612-1.0:35347-2:35348-0:35349-100000.0:35350-1000.0:35351-500000.0:35352-150.0,39.1
0-1.0:1-1.0:2-1.0:3-1.0:4-1.0:5-1.0:6-1.0:7-1.0:8-1.0:9-1.0:10-1.0:35347-2:35348-0:35349-100000.0:35350-1000.0:35351-500000.0:35352-250.0,36.49
0-1.0:2-1.0:3-1.0:4-1.0:5-1.0:6-1.0:7-1.0:8-1.0:9-1.0:10-1.0:18612-1.0:35347-2:35348-0:35349-100000.0:35350-1000.0:35351-500000.0:35352-500.0,34.36
0-1.0:2-1.0:3-1.0:4-1.0:5-1.0:6-1.0:7-1.0:8-1.0:9-1.0:10-1.0:18612-1.0:35347-2:35348-0:35349-100000.0:35350-1000.0:35351-500000.0:35352-750.0,32.36
0-1.0:2-1.0:3-1.0:4-1.0:5-1.0:6-1.0:7-1.0:8-1.0:9-1.0:10-1.0:18612-1.0:35347-2:35348-0:35349-100000.0:35350-1000.0:35351-500000.0:35352-1000.0,27.16
0-1.0:1-1.0:2-1.0:3-1.0:4-1.0:5-1.0:6-1.0:7-1.0:8-1.0:9-1.0:10-1.0:35347-2:35348-0:35349-100000.0:35350-1000.0:35351-500000.0:35352-1500.0,28.3
0-1.0:2-1.0:3-1.0:4-1.0:5-1.0:6-1.0:7-1.0:8-1.0:9-1.0:10-1.0:18612-1.0:35347-2:35348-0:35349-100000.0:35350-1000.0:35351-500000.0:35352-5000.0,18.06
0-1.0:2-1.0:3-1.0:4-1.0:5-1.0:6-1.0:7-1.0:8-1.0:9-1.0:10-1.0:18612-1.0:35347-2:35348-0:35349-100000.0:35350-2000.0:35351-100000.0:35352-100.0,36.38
0-1.0:2-1.0:3-1.0:4-1.0:5-1.0:6-1.0:7-1.0:8-1.0:9-1.0:10-1.0:18612-1.0:35347-2:35348-0:35349-100000.0:35350-2000.0:35351-100000.0:35352-250.0,29.71
0-1.0:2-1.0:3-1.0:4-1.0:5-1.0:6-1.0:7-1.0:8-1.0:9-1.0:10-1.0:18612-1.0:35347-2:35348-0:35349-100000.0:35350-2000.0:35351-100000.0:35352-500.0,24.18
0-1.0:2-1.0:3-1.0:4-1.0:5-1.0:6-1.0:7-1.0:8-1.0:9-1.0:10-1.0:18612-1.0:35347-2:35348-0:35349-100000.0:35350-2000.0:35351-100000.0:35352-750.0,32.05
0-1.0:2-1.0:3-1.0:4-1.0:5-1.0:6-1.0:7-1.0:8-1.0:9-1.0:10-1.0:18612-1.0:35347-2:35348-0:35349-100000.0:35350-2000.0:35351-100000.0:35352-1000.0,23.66
0-1.0:2-1.0:3-1.0:4-1.0:5-1.0:6-1.0:7-1.0:8-1.0:9-1.0:10-1.0:18612-1.0:35347-2:35348-0:35349-100000.0:35350-2000.0:35351-100000.0:35352-1500.0,19.76
0-1.0:2-1.0:3-1.0:4-1.0:5-1.0:6-1.0:7-1.0:8-1.0:9-1.0:10-1.0:18612-1.0:35347-2:35348-0:35349-100000.0:35350-2000.0:35351-100000.0:35352-2500.0,19.33
0-1.0:2-1.0:3-1.0:4-1.0:5-1.0:6-1.0:7-1.0:8-1.0:9-1.0:10-1.0:18612-1.0:35347-2:35348-0:35349-100000.0:35350-2000.0:35351-100000.0:35352-5000.0,16.15
0-1.0:2-1.0:3-1.0:4-1.0:5-1.0:6-1.0:7-1.0:8-1.0:9-1.0:10-1.0:18612-1.0:35347-2:35348-0:35349-100000.0:35350-2000.0:35351-300000.0:35352-100.0,36.66
0-1.0:2-1.0:3-1.0:4-1.0:5-1.0:6-1.0:7-1.0:8-1.0:9-1.0:10-1.0:18612-1.0:35347-2:35348-0:35349-100000.0:35350-2000.0:35351-300000.0:35352-150.0,33.55
0-1.0:2-1.0:3-1.0:4-1.0:5-1.0:6-1.0:7-1.0:8-1.0:9-1.0:10-1.0:18612-1.0:35347-2:35348-0:35349-100000.0:35350-2000.0:35351-300000.0:35352-500.0,28.93
0-1.0:1-1.0:2-1.0:3-1.0:4-1.0:5-1.0:6-1.0:7-1.0:8-1.0:9-1.0:10-1.0:35347-2:35348-0:35349-100000.0:35350-2000.0:35351-300000.0:35352-750.0,27.19
0-1.0:1-1.0:2-1.0:3-1.0:4-1.0:5-1.0:6-1.0:7-1.0:8-1.0:9-1.0:10-1.0:35347-2:35348-0:35349-100000.0:35350-2000.0:35351-300000.0:35352-1000.0,25.75
0-1.0:2-1.0:3-1.0:4-1.0:5-1.0:6-1.0:7-1.0:8-1.0:9-1.0:10-1.0:18612-1.0:35347-2:35348-0:35349-100000.0:35350-2000.0:35351-300000.0:35352-1500.0,25.66
0-1.0:2-1.0:3-1.0:4-1.0:5-1.0:6-1.0:7-1.0:8-1.0:9-1.0:10-1.0:18612-1.0:35347-2:35348-0:35349-100000.0:35350-2000.0:35351-300000.0:35352-2500.0,21.41
0-1.0:2-1.0:3-1.0:4-1.0:5-1.0:6-1.0:7-1.0:8-1.0:9-1.0:10-1.0:18612-1.0:35347-2:35348-0:35349-100000.0:35350-2000.0:35351-300000.0:35352-5000.0,22.67
0-1.0:2-1.0:3-1.0:4-1.0:5-1.0:6-1.0:7-1.0:8-1.0:9-1.0:10-1.0:18612-1.0:35347-2:35348-0:35349-100000.0:35350-2000.0:35351-500000.0:35352-100.0,37.24
0-1.0:2-1.0:3-1.0:4-1.0:5-1.0:6-1.0:7-1.0:8-1.0:9-1.0:10-1.0:18612-1.0:35347-2:35348-0:35349-100000.0:35350-2000.0:35351-500000.0:35352-150.0,35.22
0-1.0:1-1.0:2-1.0:3-1.0:4-1.0:5-1.0:6-1.0:7-1.0:8-1.0:9-1.0:10-1.0:35347-2:35348-0:35349-100000.0:35350-2000.0:35351-500000.0:35352-250.0,32.9
0-1.0:2-1.0:3-1.0:4-1.0:5-1.0:6-1.0:7-1.0:8-1.0:9-1.0:10-1.0:18612-1.0:35347-2:35348-0:35349-100000.0:35350-2000.0:35351-500000.0:35352-500.0,30.59
0-1.0:1-1.0:2-1.0:3-1.0:4-1.0:5-1.0:6-1.0:7-1.0:8-1.0:9-1.0:10-1.0:35347-2:35348-0:35349-100000.0:35350-2000.0:35351-500000.0:35352-750.0,28.86
0-1.0:2-1.0:3-1.0:4-1.0:5-1.0:6-1.0:7-1.0:8-1.0:9-1.0:10-1.0:18612-1.0:35347-2:35348-0:35349-100000.0:35350-2000.0:35351-500000.0:35352-1500.0,26.1
0-1.0:2-1.0:3-1.0:4-1.0:5-1.0:6-1.0:7-1.0:8-1.0:9-1.0:10-1.0:18612-1.0:35347-2:35348-0:35349-100000.0:35350-2000.0:35351-500000.0:35352-2500.0,22.12
0-1.0:2-1.0:3-1.0:4-1.0:5-1.0:6-1.0:7-1.0:8-1.0:9-1.0:10-1.0:18612-1.0:35347-5:35348-0:35349-4000.0:35350-1000.0:35351-100000.0:35352-100.0,14.07
0-1.0:2-1.0:3-1.0:4-1.0:5-1.0:6-1.0:7-1.0:8-1.0:9-1.0:10-1.0:18612-1.0:35347-5:35348-0:35349-4000.0:35350-1000.0:35351-100000.0:35352-150.0,18.24
0-1.0:2-1.0:3-1.0:4-1.0:5-1.0:6-1.0:7-1.0:8-1.0:9-1.0:10-1.0:18612-1.0:35347-5:35348-0:35349-4000.0:35350-1000.0:35351-100000.0:35352-250.0,12.51
0-1.0:2-1.0:3-1.0:4-1.0:5-1.0:6-1.0:7-1.0:8-1.0:9-1.0:10-1.0:18612-1.0:35347-5:35348-0:35349-4000.0:35350-1000.0:35351-100000.0:35352-500.0,11.51
0-1.0:2-1.0:3-1.0:4-1.0:5-1.0:6-1.0:7-1.0:8-1.0:9-1.0:10-1.0:18612-1.0:35347-5:35348-0:35349-4000.0:35350-1000.0:35351-100000.0:35352-750.0,10.83
0-1.0:2-1.0:3-1.0:4-1.0:5-1.0:6-1.0:7-1.0:8-1.0:9-1.0:10-1.0:18612-1.0:35347-5:35348-0:35349-4000.0:35350-1000.0:35351-300000.0:35352-100.0,16.16
0-1.0:2-1.0:3-1.0:4-1.0:5-1.0:6-1.0:7-1.0:8-1.0:9-1.0:10-1.0:18612-1.0:35347-5:35348-0:35349-4000.0:35350-1000.0:35351-300000.0:35352-150.0,19.37
0-1.0:2-1.0:3-1.0:4-1.0:5-1.0:6-1.0:7-1.0:8-1.0:9-1.0:10-1.0:18612-1.0:35347-5:35348-0:35349-4000.0:35350-1000.0:35351-300000.0:35352-250.0,14.83
0-1.0:2-1.0:3-1.0:4-1.0:5-1.0:6-1.0:7-1.0:8-1.0:9-1.0:10-1.0:18612-1.0:35347-5:35348-0:35349-4000.0:35350-1000.0:35351-300000.0:35352-500.0,12.67
0-1.0:2-1.0:3-1.0:4-1.0:5-1.0:6-1.0:7-1.0:8-1.0:9-1.0:10-1.0:18612-1.0:35347-5:35348-0:35349-4000.0:35350-1000.0:35351-300000.0:35352-1000.0,13.75
0-1.0:2-1.0:3-1.0:4-1.0:5-1.0:6-1.0:7-1.0:8-1.0:9-1.0:10-1.0:18612-1.0:35347-5:35348-0:35349-4000.0:35350-1000.0:35351-300000.0:35352-1500.0,10.83
0-1.0:2-1.0:3-1.0:4-1.0:5-1.0:6-1.0:7-1.0:8-1.0:9-1.0:10-1.0:18612-1.0:35347-5:35348-0:35349-4000.0:35350-1000.0:35351-300000.0:35352-5000.0,10.83
0-1.0:2-1.0:3-1.0:4-1.0:5-1.0:6-1.0:7-1.0:8-1.0:9-1.0:10-1.0:18612-1.0:35347-5:35348-0:35349-4000.0:35350-1000.0:35351-500000.0:35352-250.0,18.15
0-1.0:2-1.0:3-1.0:4-1.0:5-1.0:6-1.0:7-1.0:8-1.0:9-1.0:10-1.0:18612-1.0:35347-5:35348-0:35349-4000.0:35350-1000.0:35351-500000.0:35352-500.0,14.11
0-1.0:2-1.0:3-1.0:4-1.0:5-1.0:6-1.0:7-1.0:8-1.0:9-1.0:10-1.0:18612-1.0:35347-5:35348-0:35349-4000.0:35350-1000.0:35351-500000.0:35352-750.0,13.43
0-1.0:2-1.0:3-1.0:4-1.0:5-1.0:6-1.0:7-1.0:8-1.0:9-1.0:10-1.0:18612-1.0:35347-5:35348-0:35349-4000.0:35350-1000.0:35351-500000.0:35352-1000.0,15.42
0-1.0:2-1.0:3-1.0:4-1.0:5-1.0:6-1.0:7-1.0:8-1.0:9-1.0:10-1.0:18612-1.0:35347-5:35348-0:35349-4000.0:35350-1000.0:35351-500000.0:35352-2500.0,11.18
0-1.0:2-1.0:3-1.0:4-1.0:5-1.0:6-1.0:7-1.0:8-1.0:9-1.0:10-1.0:18612-1.0:35347-5:35348-0:35349-4000.0:35350-1000.0:35351-500000.0:35352-5000.0,11.67
0-1.0:2-1.0:3-1.0:4-1.0:5-1.0:6-1.0:7-1.0:8-1.0:9-1.0:10-1.0:18612-1.0:35347-5:35348-0:35349-4000.0:35350-2000.0:35351-100000.0:35352-100.0,15.88
0-1.0:2-1.0:3-1.0:4-1.0:5-1.0:6-1.0:7-1.0:8-1.0:9-1.0:10-1.0:18612-1.0:35347-5:35348-0:35349-4000.0:35350-2000.0:35351-100000.0:35352-150.0,13.76
0-1.0:1-1.0:2-1.0:3-1.0:4-1.0:5-1.0:6-1.0:7-1.0:8-1.0:9-1.0:10-1.0:35347-5:35348-0:35349-4000.0:35350-2000.0:35351-100000.0:35352-250.0,12.76
0-1.0:2-1.0:3-1.0:4-1.0:5-1.0:6-1.0:7-1.0:8-1.0:9-1.0:10-1.0:18612-1.0:35347-5:35348-0:35349-4000.0:35350-2000.0:35351-100000.0:35352-500.0,20.96
0-1.0:2-1.0:3-1.0:4-1.0:5-1.0:6-1.0:7-1.0:8-1.0:9-1.0:10-1.0:18612-1.0:35347-5:35348-0:35349-4000.0:35350-2000.0:35351-100000.0:35352-1000.0,13.21
0-1.0:2-1.0:3-1.0:4-1.0:5-1.0:6-1.0:7-1.0:8-1.0:9-1.0:10-1.0:18612-1.0:35347-5:35348-0:35349-4000.0:35350-2000.0:35351-100000.0:35352-1500.0,10.83
0-1.0:2-1.0:3-1.0:4-1.0:5-1.0:6-1.0:7-1.0:8-1.0:9-1.0:10-1.0:18612-1.0:35347-5:35348-0:35349-4000.0:35350-2000.0:35351-100000.0:35352-2500.0,10.83
0-1.0:2-1.0:3-1.0:4-1.0:5-1.0:6-1.0:7-1.0:8-1.0:9-1.0:10-1.0:18612-1.0:35347-5:35348-0:35349-4000.0:35350-2000.0:35351-300000.0:35352-100.0,16.41
0-1.0:2-1.0:3-1.0:4-1.0:5-1.0:6-1.0:7-1.0:8-1.0:9-1.0:10-1.0:18612-1.0:35347-5:35348-0:35349-4000.0:35350-2000.0:35351-300000.0:35352-250.0,14.84
0-1.0:2-1.0:3-1.0:4-1.0:5-1.0:6-1.0:7-1.0:8-1.0:9-1.0:10-1.0:18612-1.0:35347-5:35348-0:35349-4000.0:35350-2000.0:35351-300000.0:35352-500.0,12.92
0-1.0:2-1.0:3-1.0:4-1.0:5-1.0:6-1.0:7-1.0:8-1.0:9-1.0:10-1.0:18612-1.0:35347-5:35348-0:35349-4000.0:35350-2000.0:35351-300000.0:35352-750.0,23.85
0-1.0:2-1.0:3-1.0:4-1.0:5-1.0:6-1.0:7-1.0:8-1.0:9-1.0:10-1.0:18612-1.0:35347-5:35348-0:35349-4000.0:35350-2000.0:35351-300000.0:35352-1000.0,12.46
0-1.0:2-1.0:3-1.0:4-1.0:5-1.0:6-1.0:7-1.0:8-1.0:9-1.0:10-1.0:18612-1.0:35347-5:35348-0:35349-4000.0:35350-2000.0:35351-300000.0:35352-2500.0,10.83
0-1.0:2-1.0:3-1.0:4-1.0:5-1.0:6-1.0:7-1.0:8-1.0:9-1.0:10-1.0:18612-1.0:35347-5:35348-0:35349-4000.0:35350-2000.0:35351-500000.0:35352-100.0,22.0
0-1.0:2-1.0:3-1.0:4-1.0:5-1.0:6-1.0:7-1.0:8-1.0:9-1.0:10-1.0:18612-1.0:35347-5:35348-0:35349-4000.0:35350-2000.0:35351-500000.0:35352-150.0,17.81
0-1.0:2-1.0:3-1.0:4-1.0:5-1.0:6-1.0:7-1.0:8-1.0:9-1.0:10-1.0:18612-1.0:35347-5:35348-0:35349-4000.0:35350-2000.0:35351-500000.0:35352-250.0,15.88
0-1.0:2-1.0:3-1.0:4-1.0:5-1.0:6-1.0:7-1.0:8-1.0:9-1.0:10-1.0:18612-1.0:35347-5:35348-0:35349-4000.0:35350-2000.0:35351-500000.0:35352-750.0,14.76
0-1.0:2-1.0:3-1.0:4-1.0:5-1.0:6-1.0:7-1.0:8-1.0:9-1.0:10-1.0:18612-1.0:35347-5:35348-0:35349-4000.0:35350-2000.0:35351-500000.0:35352-5000.0,10.83
0-1.0:2-1.0:3-1.0:4-1.0:5-1.0:6-1.0:7-1.0:8-1.0:9-1.0:10-1.0:18612-1.0:35347-5:35348-0:35349-8000.0:35350-1000.0:35351-100000.0:35352-150.0,13.51
0-1.0:2-1.0:3-1.0:4-1.0:5-1.0:6-1.0:7-1.0:8-1.0:9-1.0:10-1.0:18612-1.0:35347-5:35348-0:35349-8000.0:35350-1000.0:35351-100000.0:35352-250.0,11.26
0-1.0:2-1.0:3-1.0:4-1.0:5-1.0:6-1.0:7-1.0:8-1.0:9-1.0:10-1.0:18612-1.0:35347-5:35348-0:35349-8000.0:35350-1000.0:35351-100000.0:35352-500.0,20.71
0-1.0:2-1.0:3-1.0:4-1.0:5-1.0:6-1.0:7-1.0:8-1.0:9-1.0:10-1.0:18612-1.0:35347-5:35348-0:35349-8000.0:35350-1000.0:35351-100000.0:35352-750.0,10.83
0-1.0:2-1.0:3-1.0:4-1.0:5-1.0:6-1.0:7-1.0:8-1.0:9-1.0:10-1.0:18612-1.0:35347-5:35348-0:35349-8000.0:35350-1000.0:35351-100000.0:35352-1500.0,10.83
0-1.0:2-1.0:3-1.0:4-1.0:5-1.0:6-1.0:7-1.0:8-1.0:9-1.0:10-1.0:18612-1.0:35347-5:35348-0:35349-8000.0:35350-1000.0:35351-100000.0:35352-2500.0,10.83
0-1.0:2-1.0:3-1.0:4-1.0:5-1.0:6-1.0:7-1.0:8-1.0:9-1.0:10-1.0:18612-1.0:35347-5:35348-0:35349-8000.0:35350-1000.0:35351-100000.0:35352-5000.0,10.83
0-1.0:2-1.0:3-1.0:4-1.0:5-1.0:6-1.0:7-1.0:8-1.0:9-1.0:10-1.0:18612-1.0:35347-5:35348-0:35349-8000.0:35350-1000.0:35351-300000.0:35352-100.0,30.23
0-1.0:2-1.0:3-1.0:4-1.0:5-1.0:6-1.0:7-1.0:8-1.0:9-1.0:10-1.0:18612-1.0:35347-5:35348-0:35349-8000.0:35350-1000.0:35351-300000.0:35352-150.0,32.1
0-1.0:2-1.0:3-1.0:4-1.0:5-1.0:6-1.0:7-1.0:8-1.0:9-1.0:10-1.0:18612-1.0:35347-5:35348-0:35349-8000.0:35350-1000.0:35351-300000.0:35352-250.0,14.83
0-1.0:2-1.0:3-1.0:4-1.0:5-1.0:6-1.0:7-1.0:8-1.0:9-1.0:10-1.0:18612-1.0:35347-5:35348-0:35349-8000.0:35350-1000.0:35351-300000.0:35352-500.0,16.81
0-1.0:2-1.0:3-1.0:4-1.0:5-1.0:6-1.0:7-1.0:8-1.0:9-1.0:10-1.0:18612-1.0:35347-5:35348-0:35349-8000.0:35350-1000.0:35351-300000.0:35352-750.0,14.47
0-1.0:1-1.0:2-1.0:3-1.0:4-1.0:5-1.0:6-1.0:7-1.0:8-1.0:9-1.0:10-1.0:35347-5:35348-0:35349-8000.0:35350-1000.0:35351-300000.0:35352-1000.0,12.21
0-1.0:2-1.0:3-1.0:4-1.0:5-1.0:6-1.0:7-1.0:8-1.0:9-1.0:10-1.0:18612-1.0:35347-5:35348-0:35349-8000.0:35350-1000.0:35351-300000.0:35352-5000.0,10.83
0-1.0:1-1.0:2-1.0:3-1.0:4-1.0:5-1.0:6-1.0:7-1.0:8-1.0:9-1.0:10-1.0:35347-5:35348-0:35349-8000.0:35350-1000.0:35351-500000.0:35352-100.0,19.38
0-1.0:2-1.0:3-1.0:4-1.0:5-1.0:6-1.0:7-1.0:8-1.0:9-1.0:10-1.0:18612-1.0:35347-5:35348-0:35349-8000.0:35350-1000.0:35351-500000.0:35352-250.0,19.75
0-1.0:2-1.0:3-1.0:4-1.0:5-1.0:6-1.0:7-1.0:8-1.0:9-1.0:10-1.0:18612-1.0:35347-5:35348-0:35349-8000.0:35350-1000.0:35351-500000.0:35352-500.0,14.34
0-1.0:2-1.0:3-1.0:4-1.0:5-1.0:6-1.0:7-1.0:8-1.0:9-1.0:10-1.0:18612-1.0:35347-5:35348-0:35349-8000.0:35350-1000.0:35351-500000.0:35352-1000.0,13.88
0-1.0:2-1.0:3-1.0:4-1.0:5-1.0:6-1.0:7-1.0:8-1.0:9-1.0:10-1.0:18612-1.0:35347-5:35348-0:35349-8000.0:35350-1000.0:35351-500000.0:35352-1500.0,15.75
0-1.0:2-1.0:3-1.0:4-1.0:5-1.0:6-1.0:7-1.0:8-1.0:9-1.0:10-1.0:18612-1.0:35347-5:35348-0:35349-8000.0:35350-1000.0:35351-500000.0:35352-2500.0,14.31
0-1.0:2-1.0:3-1.0:4-1.0:5-1.0:6-1.0:7-1.0:8-1.0:9-1.0:10-1.0:18612-1.0:35347-5:35348-0:35349-8000.0:35350-1000.0:35351-500000.0:35352-5000.0,10.83
0-1.0:2-1.0:3-1.0:4-1.0:5-1.0:6-1.0:7-1.0:8-1.0:9-1.0:10-1.0:18612-1.0:35347-5:35348-0:35349-8000.0:35350-2000.0:35351-100000.0:35352-500.0,11.76
0-1.0:2-1.0:3-1.0:4-1.0:5-1.0:6-1.0:7-1.0:8-1.0:9-1.0:10-1.0:18612-1.0:35347-5:35348-0:35349-8000.0:35350-2000.0:35351-100000.0:35352-750.0,10.83
0-1.0:2-1.0:3-1.0:4-1.0:5-1.0:6-1.0:7-1.0:8-1.0:9-1.0:10-1.0:18612-1.0:35347-5:35348-0:35349-8000.0:35350-2000.0:35351-100000.0:35352-1000.0,10.83
0-1.0:2-1.0:3-1.0:4-1.0:5-1.0:6-1.0:7-1.0:8-1.0:9-1.0:10-1.0:18612-1.0:35347-5:35348-0:35349-8000.0:35350-2000.0:35351-100000.0:35352-1500.0,10.83
0-1.0:2-1.0:3-1.0:4-1.0:5-1.0:6-1.0:7-1.0:8-1.0:9-1.0:10-1.0:8819-1.0:35347-2:35348-0:35349-32000.0:35350-1000.0:35351-300000.0:35352-2500.0,13.53
0-1.0:1-1.0:2-1.0:3-1.0:4-1.0:5-1.0:6-1.0:7-1.0:8-1.0:9-1.0:10-1.0:35347-2:35348-0:35349-32000.0:35350-1000.0:35351-300000.0:35352-5000.0,11.62
0-1.0:1-1.0:2-1.0:3-1.0:4-1.0:5-1.0:6-1.0:7-1.0:8-1.0:9-1.0:10-1.0:35347-2:35348-0:35349-32000.0:35350-1000.0:35351-500000.0:35352-100.0,25.43
0-1.0:1-1.0:2-1.0:3-1.0:4-1.0:5-1.0:6-1.0:7-1.0:8-1.0:9-1.0:10-1.0:35347-2:35348-0:35349-32000.0:35350-1000.0:35351-500000.0:35352-150.0,24.56
0-1.0:1-1.0:2-1.0:3-1.0:4-1.0:5-1.0:6-1.0:7-1.0:8-1.0:9-1.0:10-1.0:35347-2:35348-0:35349-32000.0:35350-1000.0:35351-500000.0:35352-250.0,25.93
0-1.0:2-1.0:3-1.0:4-1.0:5-1.0:6-1.0:7-1.0:8-1.0:9-1.0:10-1.0:8819-1.0:35347-2:35348-0:35349-32000.0:35350-1000.0:35351-500000.0:35352-500.0,19.7
0-1.0:1-1.0:2-1.0:3-1.0:4-1.0:5-1.0:6-1.0:7-1.0:8-1.0:9-1.0:10-1.0:35347-2:35348-0:35349-32000.0:35350-1000.0:35351-500000.0:35352-750.0,18.66
0-1.0:2-1.0:3-1.0:4-1.0:5-1.0:6-1.0:7-1.0:8-1.0:9-1.0:10-1.0:8819-1.0:35347-2:35348-0:35349-32000.0:35350-1000.0:35351-500000.0:35352-1000.0,17.8
0-1.0:2-1.0:3-1.0:4-1.0:5-1.0:6-1.0:7-1.0:8-1.0:9-1.0:10-1.0:8819-1.0:35347-2:35348-0:35349-32000.0:35350-1000.0:35351-500000.0:35352-1500.0,20.39
0-1.0:1-1.0:2-1.0:3-1.0:4-1.0:5-1.0:6-1.0:7-1.0:8-1.0:9-1.0:10-1.0:35347-2:35348-0:35349-32000.0:35350-1000.0:35351-500000.0:35352-2500.0,26.6
0-1.0:2-1.0:3-1.0:4-1.0:5-1.0:6-1.0:7-1.0:8-1.0:9-1.0:10-1.0:8819-1.0:35347-2:35348-0:35349-32000.0:35350-1000.0:35351-500000.0:35352-5000.0,13.29
0-1.0:2-1.0:3-1.0:4-1.0:5-1.0:6-1.0:7-1.0:8-1.0:9-1.0:10-1.0:8819-1.0:35347-2:35348-0:35349-32000.0:35350-2000.0:35351-100000.0:35352-100.0,27.98
0-1.0:2-1.0:3-1.0:4-1.0:5-1.0:6-1.0:7-1.0:8-1.0:9-1.0:10-1.0:8819-1.0:35347-2:35348-0:35349-32000.0:35350-2000.0:35351-100000.0:35352-150.0,26.87
0-1.0:1-1.0:2-1.0:3-1.0:4-1.0:5-1.0:6-1.0:7-1.0:8-1.0:9-1.0:10-1.0:35347-2:35348-0:35349-32000.0:35350-2000.0:35351-100000.0:35352-250.0,17.59
0-1.0:2-1.0:3-1.0:4-1.0:5-1.0:6-1.0:7-1.0:8-1.0:9-1.0:10-1.0:8819-1.0:35347-2:35348-0:35349-32000.0:35350-2000.0:35351-100000.0:35352-500.0,18.31
0-1.0:2-1.0:3-1.0:4-1.0:5-1.0:6-1.0:7-1.0:8-1.0:9-1.0:10-1.0:8819-1.0:35347-2:35348-0:35349-32000.0:35350-2000.0:35351-100000.0:35352-750.0,15.16
0-1.0:2-1.0:3-1.0:4-1.0:5-1.0:6-1.0:7-1.0:8-1.0:9-1.0:10-1.0:8819-1.0:35347-2:35348-0:35349-32000.0:35350-2000.0:35351-100000.0:35352-1000.0,18.22
0-1.0:2-1.0:3-1.0:4-1.0:5-1.0:6-1.0:7-1.0:8-1.0:9-1.0:10-1.0:8819-1.0:35347-2:35348-0:35349-32000.0:35350-2000.0:35351-100000.0:35352-1500.0,14.97
0-1.0:1-1.0:2-1.0:3-1.0:4-1.0:5-1.0:6-1.0:7-1.0:8-1.0:9-1.0:10-1.0:35347-2:35348-0:35349-32000.0:35350-2000.0:35351-100000.0:35352-2500.0,14.89
0-1.0:2-1.0:3-1.0:4-1.0:5-1.0:6-1.0:7-1.0:8-1.0:9-1.0:10-1.0:8819-1.0:35347-2:35348-0:35349-32000.0:35350-2000.0:35351-100000.0:35352-5000.0,10.83
0-1.0:1-1.0:2-1.0:3-1.0:4-1.0:5-1.0:6-1.0:7-1.0:8-1.0:9-1.0:10-1.0:35347-2:35348-0:35349-32000.0:35350-2000.0:35351-300000.0:35352-100.0,45.61
0-1.0:2-1.0:3-1.0:4-1.0:5-1.0:6-1.0:7-1.0:8-1.0:9-1.0:10-1.0:8819-1.0:35347-2:35348-0:35349-32000.0:35350-2000.0:35351-300000.0:35352-150.0,25.89
0-1.0:2-1.0:3-1.0:4-1.0:5-1.0:6-1.0:7-1.0:8-1.0:9-1.0:10-1.0:8819-1.0:35347-2:35348-0:35349-32000.0:35350-2000.0:35351-300000.0:35352-250.0,24.51
0-1.0:2-1.0:3-1.0:4-1.0:5-1.0:6-1.0:7-1.0:8-1.0:9-1.0:10-1.0:8819-1.0:35347-2:35348-0:35349-32000.0:35350-2000.0:35351-300000.0:35352-500.0,18.29
0-1.0:1-1.0:2-1.0:3-1.0:4-1.0:5-1.0:6-1.0:7-1.0:8-1.0:9-1.0:10-1.0:35347-2:35348-0:35349-32000.0:35350-2000.0:35351-300000.0:35352-750.0,17.25
0-1.0:2-1.0:3-1.0:4-1.0:5-1.0:6-1.0:7-1.0:8-1.0:9-1.0:10-1.0:8819-1.0:35347-2:35348-0:35349-32000.0:35350-2000.0:35351-300000.0:35352-1000.0,18.23
0-1.0:2-1.0:3-1.0:4-1.0:5-1.0:6-1.0:7-1.0:8-1.0:9-1.0:10-1.0:8819-1.0:35347-2:35348-0:35349-32000.0:35350-2000.0:35351-300000.0:35352-1500.0,15.34
0-1.0:2-1.0:3-1.0:4-1.0:5-1.0:6-1.0:7-1.0:8-1.0:9-1.0:10-1.0:8819-1.0:35347-2:35348-0:35349-32000.0:35350-2000.0:35351-300000.0:35352-2500.0,13.78
0-1.0:1-1.0:2-1.0:3-1.0:4-1.0:5-1.0:6-1.0:7-1.0:8-1.0:9-1.0:10-1.0:35347-2:35348-0:35349-32000.0:35350-2000.0:35351-300000.0:35352-5000.0,14.53
0-1.0:2-1.0:3-1.0:4-1.0:5-1.0:6-1.0:7-1.0:8-1.0:9-1.0:10-1.0:8819-1.0:35347-2:35348-0:35349-32000.0:35350-2000.0:35351-500000.0:35352-100.0,31.73
0-1.0:1-1.0:2-1.0:3-1.0:4-1.0:5-1.0:6-1.0:7-1.0:8-1.0:9-1.0:10-1.0:35347-2:35348-0:35349-32000.0:35350-2000.0:35351-500000.0:35352-150.0,24.81
0-1.0:1-1.0:2-1.0:3-1.0:4-1.0:5-1.0:6-1.0:7-1.0:8-1.0:9-1.0:10-1.0:35347-2:35348-0:35349-32000.0:35350-2000.0:35351-500000.0:35352-250.0,21.34
0-1.0:1-1.0:2-1.0:3-1.0:4-1.0:5-1.0:6-1.0:7-1.0:8-1.0:9-1.0:10-1.0:35347-2:35348-0:35349-32000.0:35350-2000.0:35351-500000.0:35352-500.0,19.95
0-1.0:1-1.0:2-1.0:3-1.0:4-1.0:5-1.0:6-1.0:7-1.0:8-1.0:9-1.0:10-1.0:35347-2:35348-0:35349-32000.0:35350-2000.0:35351-500000.0:35352-750.0,18.91
0-1.0:1-1.0:2-1.0:3-1.0:4-1.0:5-1.0:6-1.0:7-1.0:8-1.0:9-1.0:10-1.0:35347-2:35348-0:35349-32000.0:35350-2000.0:35351-500000.0:35352-1000.0,18.05
0-1.0:2-1.0:3-1.0:4-1.0:5-1.0:6-1.0:7-1.0:8-1.0:9-1.0:10-1.0:8819-1.0:35347-2:35348-0:35349-32000.0:35350-2000.0:35351-500000.0:35352-1500.0,17.01
0-1.0:1-1.0:2-1.0:3-1.0:4-1.0:5-1.0:6-1.0:7-1.0:8-1.0:9-1.0:10-1.0:35347-2:35348-0:35349-32000.0:35350-2000.0:35351-500000.0:35352-2500.0,15.45
0-1.0:2-1.0:3-1.0:4-1.0:5-1.0:6-1.0:7-1.0:8-1.0:9-1.0:10-1.0:8819-1.0:35347-2:35348-0:35349-32000.0:35350-2000.0:35351-500000.0:35352-5000.0,13.54
0-1.0:1-1.0:2-1.0:3-1.0:4-1.0:5-1.0:6-1.0:7-1.0:8-1.0:9-1.0:10-1.0:35347-2:35348-0:35349-35000.0:35350-1000.0:35351-100000.0:35352-100.0,22.43
0-1.0:2-1.0:3-1.0:4-1.0:5-1.0:6-1.0:7-1.0:8-1.0:9-1.0:10-1.0:8819-1.0:35347-2:35348-0:35349-35000.0:35350-1000.0:35351-100000.0:35352-150.0,21.54
0-1.0:2-1.0:3-1.0:4-1.0:5-1.0:6-1.0:7-1.0:8-1.0:9-1.0:10-1.0:8819-1.0:35347-2:35348-0:35349-35000.0:35350-1000.0:35351-100000.0:35352-250.0,22.92
0-1.0:1-1.0:2-1.0:3-1.0:4-1.0:5-1.0:6-1.0:7-1.0:8-1.0:9-1.0:10-1.0:35347-2:35348-0:35349-35000.0:35350-1000.0:35351-100000.0:35352-500.0,16.51
0-1.0:2-1.0:3-1.0:4-1.0:5-1.0:6-1.0:7-1.0:8-1.0:9-1.0:10-1.0:8819-1.0:35347-2:35348-0:35349-35000.0:35350-1000.0:35351-100000.0:35352-750.0,15.44
0-1.0:2-1.0:3-1.0:4-1.0:5-1.0:6-1.0:7-1.0:8-1.0:9-1.0:10-1.0:8819-1.0:35347-2:35348-0:35349-35000.0:35350-1000.0:35351-100000.0:35352-1500.0,13.46
0-1.0:2-1.0:3-1.0:4-1.0:5-1.0:6-1.0:7-1.0:8-1.0:9-1.0:10-1.0:8819-1.0:35347-2:35348-0:35349-35000.0:35350-1000.0:35351-100000.0:35352-2500.0,11.85
0-1.0:2-1.0:3-1.0:4-1.0:5-1.0:6-1.0:7-1.0:8-1.0:9-1.0:10-1.0:8819-1.0:35347-2:35348-0:35349-35000.0:35350-1000.0:35351-100000.0:35352-5000.0,10.83
0-1.0:1-1.0:2-1.0:3-1.0:4-1.0:5-1.0:6-1.0:7-1.0:8-1.0:9-1.0:10-1.0:35347-2:35348-0:35349-35000.0:35350-1000.0:35351-300000.0:35352-100.0,24.52
0-1.0:1-1.0:2-1.0:3-1.0:4-1.0:5-1.0:6-1.0:7-1.0:8-1.0:9-1.0:10-1.0:35347-2:35348-0:35349-35000.0:35350-1000.0:35351-300000.0:35352-150.0,29.59
0-1.0:1-1.0:2-1.0:3-1.0:4-1.0:5-1.0:6-1.0:7-1.0:8-1.0:9-1.0:10-1.0:35347-2:35348-0:35349-35000.0:35350-1000.0:35351-300000.0:35352-250.0,20.03
0-1.0:2-1.0:3-1.0:4-1.0:5-1.0:6-1.0:7-1.0:8-1.0:9-1.0:10-1.0:8819-1.0:35347-2:35348-0:35349-35000.0:35350-1000.0:35351-300000.0:35352-500.0,23.17
0-1.0:2-1.0:3-1.0:4-1.0:5-1.0:6-1.0:7-1.0:8-1.0:9-1.0:10-1.0:8819-1.0:35347-2:35348-0:35349-35000.0:35350-1000.0:35351-300000.0:35352-750.0,21.8
0-1.0:1-1.0:2-1.0:3-1.0:4-1.0:5-1.0:6-1.0:7-1.0:8-1.0:9-1.0:10-1.0:35347-2:35348-0:35349-35000.0:35350-1000.0:35351-300000.0:35352-1000.0,20.65
0-1.0:2-1.0:3-1.0:4-1.0:5-1.0:6-1.0:7-1.0:8-1.0:9-1.0:10-1.0:8819-1.0:35347-2:35348-0:35349-35000.0:35350-1000.0:35351-300000.0:35352-1500.0,19.27
0-1.0:2-1.0:3-1.0:4-1.0:5-1.0:6-1.0:7-1.0:8-1.0:9-1.0:10-1.0:8819-1.0:35347-2:35348-0:35349-35000.0:35350-1000.0:35351-300000.0:35352-2500.0,13.93
0-1.0:1-1.0:2-1.0:3-1.0:4-1.0:5-1.0:6-1.0:7-1.0:8-1.0:9-1.0:10-1.0:35347-2:35348-0:35349-35000.0:35350-1000.0:35351-300000.0:35352-5000.0,11.95
0-1.0:2-1.0:3-1.0:4-1.0:5-1.0:6-1.0:7-1.0:8-1.0:9-1.0:10-1.0:8819-1.0:35347-2:35348-0:35349-35000.0:35350-1000.0:35351-500000.0:35352-100.0,26.18
0-1.0:1-1.0:2-1.0:3-1.0:4-1.0:5-1.0:6-1.0:7-1.0:8-1.0:9-1.0:10-1.0:35347-2:35348-0:35349-35000.0:35350-1000.0:35351-500000.0:35352-150.0,31.26
0-1.0:1-1.0:2-1.0:3-1.0:4-1.0:5-1.0:6-1.0:7-1.0:8-1.0:9-1.0:10-1.0:35347-2:35348-0:35349-35000.0:35350-1000.0:35351-500000.0:35352-250.0,39.58
0-1.0:1-1.0:2-1.0:3-1.0:4-1.0:5-1.0:6-1.0:7-1.0:8-1.0:9-1.0:10-1.0:35347-2:35348-0:35349-35000.0:35350-1000.0:35351-500000.0:35352-500.0,24.84
0-1.0:2-1.0:3-1.0:4-1.0:5-1.0:6-1.0:7-1.0:8-1.0:9-1.0:10-1.0:8819-1.0:35347-2:35348-0:35349-35000.0:35350-1000.0:35351-500000.0:35352-750.0,23.46
0-1.0:1-1.0:2-1.0:3-1.0:4-1.0:5-1.0:6-1.0:7-1.0:8-1.0:9-1.0:10-1.0:35347-2:35348-0:35349-35000.0:35350-1000.0:35351-500000.0:35352-1000.0,20.19
0-1.0:1-1.0:2-1.0:3-1.0:4-1.0:5-1.0:6-1.0:7-1.0:8-1.0:9-1.0:10-1.0:35347-2:35348-0:35349-35000.0:35350-1000.0:35351-500000.0:35352-1500.0,17.21
0-1.0:2-1.0:3-1.0:4-1.0:5-1.0:6-1.0:7-1.0:8-1.0:9-1.0:10-1.0:8819-1.0:35347-2:35348-0:35349-35000.0:35350-1000.0:35351-500000.0:35352-2500.0,15.6
0-1.0:2-1.0:3-1.0:4-1.0:5-1.0:6-1.0:7-1.0:8-1.0:9-1.0:10-1.0:8819-1.0:35347-2:35348-0:35349-35000.0:35350-1000.0:35351-500000.0:35352-5000.0,13.62
0-1.0:1-1.0:2-1.0:3-1.0:4-1.0:5-1.0:6-1.0:7-1.0:8-1.0:9-1.0:10-1.0:35347-2:35348-0:35349-35000.0:35350-2000.0:35351-100000.0:35352-100.0,28.9
0-1.0:2-1.0:3-1.0:4-1.0:5-1.0:6-1.0:7-1.0:8-1.0:9-1.0:10-1.0:8819-1.0:35347-2:35348-0:35349-35000.0:35350-2000.0:35351-100000.0:35352-150.0,27.76
0-1.0:1-1.0:2-1.0:3-1.0:4-1.0:5-1.0:6-1.0:7-1.0:8-1.0:9-1.0:10-1.0:35347-2:35348-0:35349-35000.0:35350-2000.0:35351-100000.0:35352-250.0,23.17
0-1.0:2-1.0:3-1.0:4-1.0:5-1.0:6-1.0:7-1.0:8-1.0:9-1.0:10-1.0:8819-1.0:35347-2:35348-0:35349-35000.0:35350-2000.0:35351-100000.0:35352-500.0,16.76
0-1.0:2-1.0:3-1.0:4-1.0:5-1.0:6-1.0:7-1.0:8-1.0:9-1.0:10-1.0:8819-1.0:35347-2:35348-0:35349-35000.0:35350-2000.0:35351-100000.0:35352-750.0,15.69
0-1.0:1-1.0:2-1.0:3-1.0:4-1.0:5-1.0:6-1.0:7-1.0:8-1.0:9-1.0:10-1.0:35347-2:35348-0:35349-35000.0:35350-2000.0:35351-100000.0:35352-1000.0,14.79
0-1.0:1-1.0:2-1.0:3-1.0:4-1.0:5-1.0:6-1.0:7-1.0:8-1.0:9-1.0:10-1.0:35347-2:35348-0:35349-35000.0:35350-2000.0:35351-100000.0:35352-1500.0,17.44
0-1.0:1-1.0:2-1.0:3-1.0:4-1.0:5-1.0:6-1.0:7-1.0:8-1.0:9-1.0:10-1.0:35347-2:35348-0:35349-35000.0:35350-2000.0:35351-100000.0:35352-2500.0,12.1
0-1.0:1-1.0:2-1.0:3-1.0:4-1.0:5-1.0:6-1.0:7-1.0:8-1.0:9-1.0:10-1.0:35347-2:35348-0:35349-35000.0:35350-2000.0:35351-100000.0:35352-5000.0,10.83
0-1.0:2-1.0:3-1.0:4-1.0:5-1.0:6-1.0:7-1.0:8-1.0:9-1.0:10-1.0:8819-1.0:35347-2:35348-0:35349-35000.0:35350-2000.0:35351-300000.0:35352-100.0,24.77
0-1.0:2-1.0:3-1.0:4-1.0:5-1.0:6-1.0:7-1.0:8-1.0:9-1.0:10-1.0:8819-1.0:35347-2:35348-0:35349-35000.0:35350-2000.0:35351-300000.0:35352-150.0,26.69
0-1.0:2-1.0:3-1.0:4-1.0:5-1.0:6-1.0:7-1.0:8-1.0:9-1.0:10-1.0:8819-1.0:35347-2:35348-0:35349-35000.0:35350-2000.0:35351-300000.0:35352-250.0,20.28
0-1.0:2-1.0:3-1.0:4-1.0:5-1.0:6-1.0:7-1.0:8-1.0:9-1.0:10-1.0:8819-1.0:35347-2:35348-0:35349-35000.0:35350-2000.0:35351-300000.0:35352-500.0,35.3
0-1.0:2-1.0:3-1.0:4-1.0:5-1.0:6-1.0:7-1.0:8-1.0:9-1.0:10-1.0:8819-1.0:35347-2:35348-0:35349-35000.0:35350-2000.0:35351-300000.0:35352-750.0,17.77
0-1.0:2-1.0:3-1.0:4-1.0:5-1.0:6-1.0:7-1.0:8-1.0:9-1.0:10-1.0:8819-1.0:35347-2:35348-0:35349-35000.0:35350-2000.0:35351-300000.0:35352-1000.0,20.9
0-1.0:2-1.0:3-1.0:4-1.0:5-1.0:6-1.0:7-1.0:8-1.0:9-1.0:10-1.0:8819-1.0:35347-2:35348-0:35349-35000.0:35350-2000.0:35351-300000.0:35352-1500.0,19.52
0-1.0:2-1.0:3-1.0:4-1.0:5-1.0:6-1.0:7-1.0:8-1.0:9-1.0:10-1.0:8819-1.0:35347-2:35348-0:35349-35000.0:35350-2000.0:35351-300000.0:35352-2500.0,14.18
0-1.0:2-1.0:3-1.0:4-1.0:5-1.0:6-1.0:7-1.0:8-1.0:9-1.0:10-1.0:8819-1.0:35347-2:35348-0:35349-35000.0:35350-2000.0:35351-300000.0:35352-5000.0,12.2
0-1.0:2-1.0:3-1.0:4-1.0:5-1.0:6-1.0:7-1.0:8-1.0:9-1.0:10-1.0:8819-1.0:35347-2:35348-0:35349-35000.0:35350-2000.0:35351-500000.0:35352-100.0,26.43
0-1.0:1-1.0:2-1.0:3-1.0:4-1.0:5-1.0:6-1.0:7-1.0:8-1.0:9-1.0:10-1.0:35347-2:35348-0:35349-35000.0:35350-2000.0:35351-500000.0:35352-150.0,25.54
0-1.0:2-1.0:3-1.0:4-1.0:5-1.0:6-1.0:7-1.0:8-1.0:9-1.0:10-1.0:8819-1.0:35347-2:35348-0:35349-35000.0:35350-2000.0:35351-500000.0:35352-250.0,21.95
0-1.0:2-1.0:3-1.0:4-1.0:5-1.0:6-1.0:7-1.0:8-1.0:9-1.0:10-1.0:8819-1.0:35347-2:35348-0:35349-35000.0:35350-2000.0:35351-500000.0:35352-500.0,20.51
0-1.0:2-1.0:3-1.0:4-1.0:5-1.0:6-1.0:7-1.0:8-1.0:9-1.0:10-1.0:8819-1.0:35347-2:35348-0:35349-35000.0:35350-2000.0:35351-500000.0:35352-750.0,19.43
0-1.0:2-1.0:3-1.0:4-1.0:5-1.0:6-1.0:7-1.0:8-1.0:9-1.0:10-1.0:8819-1.0:35347-2:35348-0:35349-35000.0:35350-2000.0:35351-500000.0:35352-1000.0,18.54
0-1.0:1-1.0:2-1.0:3-1.0:4-1.0:5-1.0:6-1.0:7-1.0:8-1.0:9-1.0:10-1.0:35347-2:35348-0:35349-35000.0:35350-2000.0:35351-500000.0:35352-1500.0,17.46
0-1.0:1-1.0:2-1.0:3-1.0:4-1.0:5-1.0:6-1.0:7-1.0:8-1.0:9-1.0:10-1.0:35347-2:35348-0:35349-35000.0:35350-2000.0:35351-500000.0:35352-2500.0,27.65
0-1.0:2-1.0:3-1.0:4-1.0:5-1.0:6-1.0:7-1.0:8-1.0:9-1.0:10-1.0:8819-1.0:35347-2:35348-0:35349-35000.0:35350-2000.0:35351-500000.0:35352-5000.0,16.61
0-1.0:2-1.0:3-1.0:4-1.0:5-1.0:6-1.0:7-1.0:8-1.0:9-1.0:10-1.0:8819-1.0:35347-2:35348-0:35349-40000.0:35350-1000.0:35351-100000.0:35352-100.0,23.7
0-1.0:2-1.0:3-1.0:4-1.0:5-1.0:6-1.0:7-1.0:8-1.0:9-1.0:10-1.0:8819-1.0:35347-2:35348-0:35349-40000.0:35350-1000.0:35351-100000.0:35352-150.0,22.75
0-1.0:1-1.0:2-1.0:3-1.0:4-1.0:5-1.0:6-1.0:7-1.0:8-1.0:9-1.0:10-1.0:35347-2:35348-0:35349-40000.0:35350-1000.0:35351-100000.0:35352-250.0,18.96
0-1.0:2-1.0:3-1.0:4-1.0:5-1.0:6-1.0:7-1.0:8-1.0:9-1.0:10-1.0:8819-1.0:35347-2:35348-0:35349-40000.0:35350-1000.0:35351-100000.0:35352-500.0,17.44
0-1.0:2-1.0:3-1.0:4-1.0:5-1.0:6-1.0:7-1.0:8-1.0:9-1.0:10-1.0:8819-1.0:35347-2:35348-0:35349-40000.0:35350-1000.0:35351-100000.0:35352-750.0,20.75
0-1.0:2-1.0:3-1.0:4-1.0:5-1.0:6-1.0:7-1.0:8-1.0:9-1.0:10-1.0:8819-1.0:35347-2:35348-0:35349-40000.0:35350-1000.0:35351-100000.0:35352-1500.0,14.22
0-1.0:1-1.0:2-1.0:3-1.0:4-1.0:5-1.0:6-1.0:7-1.0:8-1.0:9-1.0:10-1.0:35347-2:35348-0:35349-40000.0:35350-1000.0:35351-100000.0:35352-2500.0,12.51
0-1.0:1-1.0:2-1.0:3-1.0:4-1.0:5-1.0:6-1.0:7-1.0:8-1.0:9-1.0:10-1.0:35347-2:35348-0:35349-40000.0:35350-1000.0:35351-100000.0:35352-5000.0,10.83
0-1.0:2-1.0:3-1.0:4-1.0:5-1.0:6-1.0:7-1.0:8-1.0:9-1.0:10-1.0:8819-1.0:35347-2:35348-0:35349-40000.0:35350-1000.0:35351-300000.0:35352-100.0,25.78
0-1.0:1-1.0:2-1.0:3-1.0:4-1.0:5-1.0:6-1.0:7-1.0:8-1.0:9-1.0:10-1.0:35347-2:35348-0:35349-40000.0:35350-1000.0:35351-300000.0:35352-150.0,24.83
0-1.0:1-1.0:2-1.0:3-1.0:4-1.0:5-1.0:6-1.0:7-1.0:8-1.0:9-1.0:10-1.0:35347-2:35348-0:35349-40000.0:35350-1000.0:35351-300000.0:35352-250.0,26.22
0-1.0:1-1.0:2-1.0:3-1.0:4-1.0:5-1.0:6-1.0:7-1.0:8-1.0:9-1.0:10-1.0:35347-2:35348-0:35349-40000.0:35350-1000.0:35351-300000.0:35352-500.0,19.52
0-1.0:1-1.0:2-1.0:3-1.0:4-1.0:5-1.0:6-1.0:7-1.0:8-1.0:9-1.0:10-1.0:35347-2:35348-0:35349-40000.0:35350-1000.0:35351-300000.0:35352-750.0,18.39
0-1.0:1-1.0:2-1.0:3-1.0:4-1.0:5-1.0:6-1.0:7-1.0:8-1.0:9-1.0:10-1.0:35347-2:35348-0:35349-40000.0:35350-1000.0:35351-300000.0:35352-1000.0,17.44
0-1.0:2-1.0:3-1.0:4-1.0:5-1.0:6-1.0:7-1.0:8-1.0:9-1.0:10-1.0:8819-1.0:35347-2:35348-0:35349-40000.0:35350-1000.0:35351-300000.0:35352-1500.0,30.42
0-1.0:2-1.0:3-1.0:4-1.0:5-1.0:6-1.0:7-1.0:8-1.0:9-1.0:10-1.0:8819-1.0:35347-2:35348-0:35349-40000.0:35350-1000.0:35351-300000.0:35352-2500.0,14.59
0-1.0:1-1.0:2-1.0:3-1.0:4-1.0:5-1.0:6-1.0:7-1.0:8-1.0:9-1.0:10-1.0:35347-2:35348-0:35349-40000.0:35350-1000.0:35351-300000.0:35352-5000.0,12.51
0-1.0:2-1.0:3-1.0:4-1.0:5-1.0:6-1.0:7-1.0:8-1.0:9-1.0:10-1.0:8819-1.0:35347-2:35348-0:35349-40000.0:35350-1000.0:35351-500000.0:35352-100.0,27.45
0-1.0:2-1.0:3-1.0:4-1.0:5-1.0:6-1.0:7-1.0:8-1.0:9-1.0:10-1.0:8819-1.0:35347-2:35348-0:35349-40000.0:35350-1000.0:35351-500000.0:35352-150.0,32.71
0-1.0:2-1.0:3-1.0:4-1.0:5-1.0:6-1.0:7-1.0:8-1.0:9-1.0:10-1.0:8819-1.0:35347-2:35348-0:35349-40000.0:35350-1000.0:35351-500000.0:35352-250.0,41.53
0-1.0:2-1.0:3-1.0:4-1.0:5-1.0:6-1.0:7-1.0:8-1.0:9-1.0:10-1.0:8819-1.0:35347-2:35348-0:35349-40000.0:35350-1000.0:35351-500000.0:35352-500.0,21.19
0-1.0:2-1.0:3-1.0:4-1.0:5-1.0:6-1.0:7-1.0:8-1.0:9-1.0:10-1.0:8819-1.0:35347-2:35348-0:35349-40000.0:35350-1000.0:35351-500000.0:35352-750.0,36.24
0-1.0:2-1.0:3-1.0:4-1.0:5-1.0:6-1.0:7-1.0:8-1.0:9-1.0:10-1.0:8819-1.0:35347-2:35348-0:35349-40000.0:35350-1000.0:35351-500000.0:35352-1000.0,19.1
0-1.0:1-1.0:2-1.0:3-1.0:4-1.0:5-1.0:6-1.0:7-1.0:8-1.0:9-1.0:10-1.0:35347-2:35348-0:35349-40000.0:35350-1000.0:35351-500000.0:35352-1500.0,17.97
0-1.0:2-1.0:3-1.0:4-1.0:5-1.0:6-1.0:7-1.0:8-1.0:9-1.0:10-1.0:8819-1.0:35347-2:35348-0:35349-40000.0:35350-1000.0:35351-500000.0:35352-2500.0,16.26
0-1.0:2-1.0:3-1.0:4-1.0:5-1.0:6-1.0:7-1.0:8-1.0:9-1.0:10-1.0:8819-1.0:35347-2:35348-0:35349-40000.0:35350-1000.0:35351-500000.0:35352-5000.0,24.53
0-1.0:2-1.0:3-1.0:4-1.0:5-1.0:6-1.0:7-1.0:8-1.0:9-1.0:10-1.0:8819-1.0:35347-2:35348-0:35349-40000.0:35350-2000.0:35351-100000.0:35352-100.0,23.95
0-1.0:2-1.0:3-1.0:4-1.0:5-1.0:6-1.0:7-1.0:8-1.0:9-1.0:10-1.0:8819-1.0:35347-2:35348-0:35349-40000.0:35350-2000.0:35351-100000.0:35352-150.0,29.21
0-1.0:1-1.0:2-1.0:3-1.0:4-1.0:5-1.0:6-1.0:7-1.0:8-1.0:9-1.0:10-1.0:35347-2:35348-0:35349-40000.0:35350-2000.0:35351-100000.0:35352-250.0,38.03
0-1.0:2-1.0:3-1.0:4-1.0:5-1.0:6-1.0:7-1.0:8-1.0:9-1.0:10-1.0:8819-1.0:35347-2:35348-0:35349-40000.0:35350-2000.0:35351-100000.0:35352-500.0,17.69
0-1.0:1-1.0:2-1.0:3-1.0:4-1.0:5-1.0:6-1.0:7-1.0:8-1.0:9-1.0:10-1.0:35347-2:35348-0:35349-40000.0:35350-2000.0:35351-100000.0:35352-750.0,16.55
0-1.0:2-1.0:3-1.0:4-1.0:5-1.0:6-1.0:7-1.0:8-1.0:9-1.0:10-1.0:8819-1.0:35347-2:35348-0:35349-40000.0:35350-2000.0:35351-100000.0:35352-1000.0,15.6
0-1.0:1-1.0:2-1.0:3-1.0:4-1.0:5-1.0:6-1.0:7-1.0:8-1.0:9-1.0:10-1.0:35347-2:35348-0:35349-40000.0:35350-2000.0:35351-100000.0:35352-1500.0,14.47
0-1.0:1-1.0:2-1.0:3-1.0:4-1.0:5-1.0:6-1.0:7-1.0:8-1.0:9-1.0:10-1.0:35347-2:35348-0:35349-40000.0:35350-2000.0:35351-100000.0:35352-2500.0,12.76
0-1.0:1-1.0:2-1.0:3-1.0:4-1.0:5-1.0:6-1.0:7-1.0:8-1.0:9-1.0:10-1.0:35347-2:35348-0:35349-40000.0:35350-2000.0:35351-100000.0:35352-5000.0,10.83
0-1.0:2-1.0:3-1.0:4-1.0:5-1.0:6-1.0:7-1.0:8-1.0:9-1.0:10-1.0:8819-1.0:35347-2:35348-0:35349-40000.0:35350-2000.0:35351-300000.0:35352-100.0,32.5
0-1.0:2-1.0:3-1.0:4-1.0:5-1.0:6-1.0:7-1.0:8-1.0:9-1.0:10-1.0:8819-1.0:35347-2:35348-0:35349-40000.0:35350-2000.0:35351-300000.0:35352-150.0,25.08
0-1.0:2-1.0:3-1.0:4-1.0:5-1.0:6-1.0:7-1.0:8-1.0:9-1.0:10-1.0:8819-1.0:35347-2:35348-0:35349-40000.0:35350-2000.0:35351-300000.0:35352-250.0,23.78
0-1.0:1-1.0:2-1.0:3-1.0:4-1.0:5-1.0:6-1.0:7-1.0:8-1.0:9-1.0:10-1.0:35347-2:35348-0:35349-40000.0:35350-2000.0:35351-300000.0:35352-500.0,19.77
0-1.0:1-1.0:2-1.0:3-1.0:4-1.0:5-1.0:6-1.0:7-1.0:8-1.0:9-1.0:10-1.0:35347-2:35348-0:35349-40000.0:35350-2000.0:35351-300000.0:35352-750.0,20.77
0-1.0:2-1.0:3-1.0:4-1.0:5-1.0:6-1.0:7-1.0:8-1.0:9-1.0:10-1.0:8819-1.0:35347-2:35348-0:35349-40000.0:35350-2000.0:35351-300000.0:35352-1000.0,21.88
0-1.0:1-1.0:2-1.0:3-1.0:4-1.0:5-1.0:6-1.0:7-1.0:8-1.0:9-1.0:10-1.0:35347-2:35348-0:35349-40000.0:35350-2000.0:35351-300000.0:35352-1500.0,18.41
0-1.0:2-1.0:3-1.0:4-1.0:5-1.0:6-1.0:7-1.0:8-1.0:9-1.0:10-1.0:8819-1.0:35347-2:35348-0:35349-40000.0:35350-2000.0:35351-300000.0:35352-2500.0,14.84
0-1.0:1-1.0:2-1.0:3-1.0:4-1.0:5-1.0:6-1.0:7-1.0:8-1.0:9-1.0:10-1.0:35347-2:35348-0:35349-40000.0:35350-2000.0:35351-300000.0:35352-5000.0,12.76
0-1.0:1-1.0:2-1.0:3-1.0:4-1.0:5-1.0:6-1.0:7-1.0:8-1.0:9-1.0:10-1.0:35347-2:35348-0:35349-40000.0:35350-2000.0:35351-500000.0:35352-100.0,27.7
0-1.0:2-1.0:3-1.0:4-1.0:5-1.0:6-1.0:7-1.0:8-1.0:9-1.0:10-1.0:8819-1.0:35347-2:35348-0:35349-40000.0:35350-2000.0:35351-500000.0:35352-150.0,26.75
0-1.0:2-1.0:3-1.0:4-1.0:5-1.0:6-1.0:7-1.0:8-1.0:9-1.0:10-1.0:8819-1.0:35347-2:35348-0:35349-40000.0:35350-2000.0:35351-500000.0:35352-250.0,28.13
0-1.0:2-1.0:3-1.0:4-1.0:5-1.0:6-1.0:7-1.0:8-1.0:9-1.0:10-1.0:8819-1.0:35347-2:35348-0:35349-40000.0:35350-2000.0:35351-500000.0:35352-500.0,21.44
0-1.0:2-1.0:3-1.0:4-1.0:5-1.0:6-1.0:7-1.0:8-1.0:9-1.0:10-1.0:8819-1.0:35347-2:35348-0:35349-40000.0:35350-2000.0:35351-500000.0:35352-750.0,20.3
0-1.0:1-1.0:2-1.0:3-1.0:4-1.0:5-1.0:6-1.0:7-1.0:8-1.0:9-1.0:10-1.0:35347-2:35348-0:35349-40000.0:35350-2000.0:35351-500000.0:35352-1000.0,19.35
0-1.0:2-1.0:3-1.0:4-1.0:5-1.0:6-1.0:7-1.0:8-1.0:9-1.0:10-1.0:8819-1.0:35347-2:35348-0:35349-40000.0:35350-2000.0:35351-500000.0:35352-1500.0,18.22
0-1.0:2-1.0:3-1.0:4-1.0:5-1.0:6-1.0:7-1.0:8-1.0:9-1.0:10-1.0:8819-1.0:35347-2:35348-0:35349-40000.0:35350-2000.0:35351-500000.0:35352-2500.0,16.51
0-1.0:1-1.0:2-1.0:3-1.0:4-1.0:5-1.0:6-1.0:7-1.0:8-1.0:9-1.0:10-1.0:35347-2:35348-0:35349-50000.0:35350-1000.0:35351-100000.0:35352-100.0,26.13
0-1.0:1-1.0:2-1.0:3-1.0:4-1.0:5-1.0:6-1.0:7-1.0:8-1.0:9-1.0:10-1.0:35347-2:35348-0:35349-50000.0:35350-1000.0:35351-100000.0:35352-150.0,31.94
0-1.0:2-1.0:3-1.0:4-1.0:5-1.0:6-1.0:7-1.0:8-1.0:9-1.0:10-1.0:8819-1.0:35347-2:35348-0:35349-50000.0:35350-1000.0:35351-100000.0:35352-250.0,23.59
0-1.0:1-1.0:2-1.0:3-1.0:4-1.0:5-1.0:6-1.0:7-1.0:8-1.0:9-1.0:10-1.0:35347-2:35348-0:35349-50000.0:35350-1000.0:35351-100000.0:35352-500.0,19.23
0-1.0:1-1.0:2-1.0:3-1.0:4-1.0:5-1.0:6-1.0:7-1.0:8-1.0:9-1.0:10-1.0:35347-5:35348-0:35349-50000.0:35350-2000.0:35351-300000.0:35352-1000.0,22.0
0-1.0:2-1.0:3-1.0:4-1.0:5-1.0:6-1.0:7-1.0:8-1.0:9-1.0:10-1.0:8819-1.0:35347-5:35348-0:35349-50000.0:35350-2000.0:35351-300000.0:35352-5000.0,12.82
0-1.0:2-1.0:3-1.0:4-1.0:5-1.0:6-1.0:7-1.0:8-1.0:9-1.0:10-1.0:8819-1.0:35347-5:35348-0:35349-50000.0:35350-2000.0:35351-500000.0:35352-150.0,26.88
0-1.0:1-1.0:2-1.0:3-1.0:4-1.0:5-1.0:6-1.0:7-1.0:8-1.0:9-1.0:10-1.0:35347-5:35348-0:35349-50000.0:35350-2000.0:35351-500000.0:35352-500.0,21.54
0-1.0:1-1.0:2-1.0:3-1.0:4-1.0:5-1.0:6-1.0:7-1.0:8-1.0:9-1.0:10-1.0:35347-5:35348-0:35349-50000.0:35350-2000.0:35351-500000.0:35352-750.0,20.4
0-1.0:2-1.0:3-1.0:4-1.0:5-1.0:6-1.0:7-1.0:8-1.0:9-1.0:10-1.0:8819-1.0:35347-5:35348-0:35349-50000.0:35350-2000.0:35351-500000.0:35352-1000.0,34.74
0-1.0:2-1.0:3-1.0:4-1.0:5-1.0:6-1.0:7-1.0:8-1.0:9-1.0:10-1.0:8819-1.0:35347-5:35348-0:35349-50000.0:35350-2000.0:35351-500000.0:35352-1500.0,20.14
0-1.0:2-1.0:3-1.0:4-1.0:5-1.0:6-1.0:7-1.0:8-1.0:9-1.0:10-1.0:8819-1.0:35347-5:35348-0:35349-50000.0:35350-2000.0:35351-500000.0:35352-2500.0,16.58
0-1.0:1-1.0:2-1.0:3-1.0:4-1.0:5-1.0:6-1.0:7-1.0:8-1.0:9-1.0:10-1.0:35347-5:35348-0:35349-50000.0:35350-2000.0:35351-500000.0:35352-5000.0,14.49
0-1.0:1-1.0:2-1.0:3-1.0:4-1.0:5-1.0:6-1.0:7-1.0:8-1.0:9-1.0:10-1.0:35347-5:35348-0:35349-60000.0:35350-1000.0:35351-100000.0:35352-150.0,24.79
0-1.0:2-1.0:3-1.0:4-1.0:5-1.0:6-1.0:7-1.0:8-1.0:9-1.0:10-1.0:8819-1.0:35347-5:35348-0:35349-60000.0:35350-1000.0:35351-100000.0:35352-250.0,26.36
0-1.0:1-1.0:2-1.0:3-1.0:4-1.0:5-1.0:6-1.0:7-1.0:8-1.0:9-1.0:10-1.0:35347-5:35348-0:35349-60000.0:35350-1000.0:35351-100000.0:35352-750.0,17.77
0-1.0:2-1.0:3-1.0:4-1.0:5-1.0:6-1.0:7-1.0:8-1.0:9-1.0:10-1.0:8819-1.0:35347-5:35348-0:35349-60000.0:35350-1000.0:35351-100000.0:35352-1500.0,15.5
0-1.0:2-1.0:3-1.0:4-1.0:5-1.0:6-1.0:7-1.0:8-1.0:9-1.0:10-1.0:8819-1.0:35347-5:35348-0:35349-60000.0:35350-1000.0:35351-100000.0:35352-2500.0,13.64
0-1.0:1-1.0:2-1.0:3-1.0:4-1.0:5-1.0:6-1.0:7-1.0:8-1.0:9-1.0:10-1.0:35347-5:35348-0:35349-60000.0:35350-1000.0:35351-300000.0:35352-100.0,35.04
0-1.0:2-1.0:3-1.0:4-1.0:5-1.0:6-1.0:7-1.0:8-1.0:9-1.0:10-1.0:8819-1.0:35347-5:35348-0:35349-60000.0:35350-1000.0:35351-300000.0:35352-150.0,33.72
0-1.0:2-1.0:3-1.0:4-1.0:5-1.0:6-1.0:7-1.0:8-1.0:9-1.0:10-1.0:8819-1.0:35347-5:35348-0:35349-60000.0:35350-1000.0:35351-300000.0:35352-250.0,28.45
0-1.0:2-1.0:3-1.0:4-1.0:5-1.0:6-1.0:7-1.0:8-1.0:9-1.0:10-1.0:8819-1.0:35347-5:35348-0:35349-60000.0:35350-1000.0:35351-300000.0:35352-500.0,21.09
0-1.0:2-1.0:3-1.0:4-1.0:5-1.0:6-1.0:7-1.0:8-1.0:9-1.0:10-1.0:8819-1.0:35347-5:35348-0:35349-60000.0:35350-1000.0:35351-300000.0:35352-750.0,19.85
0-1.0:2-1.0:3-1.0:4-1.0:5-1.0:6-1.0:7-1.0:8-1.0:9-1.0:10-1.0:8819-1.0:35347-5:35348-0:35349-60000.0:35350-1000.0:35351-300000.0:35352-1000.0,18.82
0-1.0:1-1.0:2-1.0:3-1.0:4-1.0:5-1.0:6-1.0:7-1.0:8-1.0:9-1.0:10-1.0:35347-5:35348-0:35349-60000.0:35350-1000.0:35351-300000.0:35352-2500.0,15.72
0-1.0:1-1.0:2-1.0:3-1.0:4-1.0:5-1.0:6-1.0:7-1.0:8-1.0:9-1.0:10-1.0:35347-5:35348-0:35349-60000.0:35350-1000.0:35351-500000.0:35352-100.0,29.58
0-1.0:1-1.0:2-1.0:3-1.0:4-1.0:5-1.0:6-1.0:7-1.0:8-1.0:9-1.0:10-1.0:35347-5:35348-0:35349-60000.0:35350-1000.0:35351-500000.0:35352-250.0,30.11
0-1.0:2-1.0:3-1.0:4-1.0:5-1.0:6-1.0:7-1.0:8-1.0:9-1.0:10-1.0:8819-1.0:35347-5:35348-0:35349-60000.0:35350-1000.0:35351-500000.0:35352-500.0,22.76
0-1.0:1-1.0:2-1.0:3-1.0:4-1.0:5-1.0:6-1.0:7-1.0:8-1.0:9-1.0:10-1.0:35347-5:35348-0:35349-60000.0:35350-1000.0:35351-500000.0:35352-750.0,26.42
0-1.0:2-1.0:3-1.0:4-1.0:5-1.0:6-1.0:7-1.0:8-1.0:9-1.0:10-1.0:8819-1.0:35347-5:35348-0:35349-60000.0:35350-1000.0:35351-500000.0:35352-1000.0,20.49
0-1.0:2-1.0:3-1.0:4-1.0:5-1.0:6-1.0:7-1.0:8-1.0:9-1.0:10-1.0:8819-1.0:35347-5:35348-0:35349-60000.0:35350-1000.0:35351-500000.0:35352-2500.0,30.98
0-1.0:2-1.0:3-1.0:4-1.0:5-1.0:6-1.0:7-1.0:8-1.0:9-1.0:10-1.0:8819-1.0:35347-5:35348-0:35349-60000.0:35350-1000.0:35351-500000.0:35352-5000.0,15.11
0-1.0:2-1.0:3-1.0:4-1.0:5-1.0:6-1.0:7-1.0:8-1.0:9-1.0:10-1.0:8819-1.0:35347-5:35348-0:35349-60000.0:35350-2000.0:35351-100000.0:35352-100.0,26.08
0-1.0:1-1.0:2-1.0:3-1.0:4-1.0:5-1.0:6-1.0:7-1.0:8-1.0:9-1.0:10-1.0:35347-5:35348-0:35349-60000.0:35350-2000.0:35351-100000.0:35352-150.0,31.89
0-1.0:2-1.0:3-1.0:4-1.0:5-1.0:6-1.0:7-1.0:8-1.0:9-1.0:10-1.0:8819-1.0:35347-5:35348-0:35349-60000.0:35350-2000.0:35351-100000.0:35352-250.0,20.91
0-1.0:1-1.0:2-1.0:3-1.0:4-1.0:5-1.0:6-1.0:7-1.0:8-1.0:9-1.0:10-1.0:35347-5:35348-0:35349-60000.0:35350-2000.0:35351-100000.0:35352-500.0,19.26
0-1.0:1-1.0:2-1.0:3-1.0:4-1.0:5-1.0:6-1.0:7-1.0:8-1.0:9-1.0:10-1.0:35347-5:35348-0:35349-60000.0:35350-2000.0:35351-100000.0:35352-750.0,35.74
0-1.0:2-1.0:3-1.0:4-1.0:5-1.0:6-1.0:7-1.0:8-1.0:9-1.0:10-1.0:8819-1.0:35347-5:35348-0:35349-60000.0:35350-2000.0:35351-100000.0:35352-1500.0,15.75
0-1.0:2-1.0:3-1.0:4-1.0:5-1.0:6-1.0:7-1.0:8-1.0:9-1.0:10-1.0:8819-1.0:35347-5:35348-0:35349-60000.0:35350-2000.0:35351-100000.0:35352-2500.0,13.89
0-1.0:1-1.0:2-1.0:3-1.0:4-1.0:5-1.0:6-1.0:7-1.0:8-1.0:9-1.0:10-1.0:35347-5:35348-0:35349-60000.0:35350-2000.0:35351-100000.0:35352-5000.0,11.61
0-1.0:2-1.0:3-1.0:4-1.0:5-1.0:6-1.0:7-1.0:8-1.0:9-1.0:10-1.0:8819-1.0:35347-5:35348-0:35349-60000.0:35350-2000.0:35351-300000.0:35352-100.0,28.16
0-1.0:2-1.0:3-1.0:4-1.0:5-1.0:6-1.0:7-1.0:8-1.0:9-1.0:10-1.0:8819-1.0:35347-5:35348-0:35349-60000.0:35350-2000.0:35351-300000.0:35352-250.0,23.0
0-1.0:2-1.0:3-1.0:4-1.0:5-1.0:6-1.0:7-1.0:8-1.0:9-1.0:10-1.0:8819-1.0:35347-5:35348-0:35349-60000.0:35350-2000.0:35351-300000.0:35352-750.0,20.1
0-1.0:1-1.0:2-1.0:3-1.0:4-1.0:5-1.0:6-1.0:7-1.0:8-1.0:9-1.0:10-1.0:35347-5:35348-0:35349-60000.0:35350-2000.0:35351-300000.0:35352-2500.0,17.79
0-1.0:2-1.0:3-1.0:4-1.0:5-1.0:6-1.0:7-1.0:8-1.0:9-1.0:10-1.0:8819-1.0:35347-5:35348-0:35349-60000.0:35350-2000.0:35351-300000.0:35352-5000.0,13.7
0-1.0:2-1.0:3-1.0:4-1.0:5-1.0:6-1.0:7-1.0:8-1.0:9-1.0:10-1.0:8819-1.0:35347-5:35348-0:35349-60000.0:35350-2000.0:35351-500000.0:35352-150.0,28.79
0-1.0:2-1.0:3-1.0:4-1.0:5-1.0:6-1.0:7-1.0:8-1.0:9-1.0:10-1.0:8819-1.0:35347-5:35348-0:35349-60000.0:35350-2000.0:35351-500000.0:35352-250.0,45.26
0-1.0:1-1.0:2-1.0:3-1.0:4-1.0:5-1.0:6-1.0:7-1.0:8-1.0:9-1.0:10-1.0:35347-5:35348-0:35349-60000.0:35350-2000.0:35351-500000.0:35352-1000.0,20.74
0-1.0:2-1.0:3-1.0:4-1.0:5-1.0:6-1.0:7-1.0:8-1.0:9-1.0:10-1.0:8819-1.0:35347-5:35348-0:35349-60000.0:35350-2000.0:35351-500000.0:35352-2500.0,17.64
0-1.0:2-1.0:3-1.0:4-1.0:5-1.0:6-1.0:7-1.0:8-1.0:9-1.0:10-1.0:8819-1.0:35347-5:35348-0:35349-60000.0:35350-2000.0:35351-500000.0:35352-5000.0,15.36
0-1.0:2-1.0:3-1.0:4-1.0:5-1.0:6-1.0:7-1.0:8-1.0:9-1.0:10-1.0:8819-1.0:35347-5:35348-0:35349-70000.0:35350-1000.0:35351-100000.0:35352-100.0,27.74
0-1.0:2-1.0:3-1.0:4-1.0:5-1.0:6-1.0:7-1.0:8-1.0:9-1.0:10-1.0:8819-1.0:35347-5:35348-0:35349-70000.0:35350-1000.0:35351-100000.0:35352-150.0,53.34
0-1.0:2-1.0:3-1.0:4-1.0:5-1.0:6-1.0:7-1.0:8-1.0:9-1.0:10-1.0:8819-1.0:35347-5:35348-0:35349-70000.0:35350-1000.0:35351-100000.0:35352-250.0,28.39
0-1.0:2-1.0:3-1.0:4-1.0:5-1.0:6-1.0:7-1.0:8-1.0:9-1.0:10-1.0:8819-1.0:35347-5:35348-0:35349-70000.0:35350-1000.0:35351-100000.0:35352-500.0,26.11
0-1.0:1-1.0:2-1.0:3-1.0:4-1.0:5-1.0:6-1.0:7-1.0:8-1.0:9-1.0:10-1.0:35347-5:35348-0:35349-70000.0:35350-1000.0:35351-100000.0:35352-1500.0,21.29
0-1.0:1-1.0:2-1.0:3-1.0:4-1.0:5-1.0:6-1.0:7-1.0:8-1.0:9-1.0:10-1.0:35347-5:35348-0:35349-70000.0:35350-1000.0:35351-100000.0:35352-2500.0,14.65
0-1.0:1-1.0:2-1.0:3-1.0:4-1.0:5-1.0:6-1.0:7-1.0:8-1.0:9-1.0:10-1.0:35347-5:35348-0:35349-70000.0:35350-1000.0:35351-100000.0:35352-5000.0,13.86
0-1.0:1-1.0:2-1.0:3-1.0:4-1.0:5-1.0:6-1.0:7-1.0:8-1.0:9-1.0:10-1.0:35347-5:35348-0:35349-70000.0:35350-1000.0:35351-300000.0:35352-100.0,33.58
0-1.0:2-1.0:3-1.0:4-1.0:5-1.0:6-1.0:7-1.0:8-1.0:9-1.0:10-1.0:8819-1.0:35347-5:35348-0:35349-70000.0:35350-1000.0:35351-300000.0:35352-150.0,28.72
0-1.0:2-1.0:3-1.0:4-1.0:5-1.0:6-1.0:7-1.0:8-1.0:9-1.0:10-1.0:8819-1.0:35347-5:35348-0:35349-70000.0:35350-1000.0:35351-300000.0:35352-250.0,24.28
0-1.0:2-1.0:3-1.0:4-1.0:5-1.0:6-1.0:7-1.0:8-1.0:9-1.0:10-1.0:8819-1.0:35347-5:35348-0:35349-70000.0:35350-1000.0:35351-300000.0:35352-500.0,28.2
0-1.0:1-1.0:2-1.0:3-1.0:4-1.0:5-1.0:6-1.0:7-1.0:8-1.0:9-1.0:10-1.0:35347-5:35348-0:35349-70000.0:35350-1000.0:35351-300000.0:35352-750.0,21.17
0-1.0:2-1.0:3-1.0:4-1.0:5-1.0:6-1.0:7-1.0:8-1.0:9-1.0:10-1.0:8819-1.0:35347-5:35348-0:35349-70000.0:35350-1000.0:35351-300000.0:35352-1000.0,20.06
0-1.0:2-1.0:3-1.0:4-1.0:5-1.0:6-1.0:7-1.0:8-1.0:9-1.0:10-1.0:8819-1.0:35347-5:35348-0:35349-70000.0:35350-1000.0:35351-300000.0:35352-1500.0,23.37
0-1.0:2-1.0:3-1.0:4-1.0:5-1.0:6-1.0:7-1.0:8-1.0:9-1.0:10-1.0:8819-1.0:35347-5:35348-0:35349-70000.0:35350-1000.0:35351-500000.0:35352-100.0,31.49
0-1.0:1-1.0:2-1.0:3-1.0:4-1.0:5-1.0:6-1.0:7-1.0:8-1.0:9-1.0:10-1.0:35347-5:35348-0:35349-70000.0:35350-1000.0:35351-500000.0:35352-750.0,22.84
0-1.0:1-1.0:2-1.0:3-1.0:4-1.0:5-1.0:6-1.0:7-1.0:8-1.0:9-1.0:10-1.0:35347-5:35348-0:35349-70000.0:35350-1000.0:35351-500000.0:35352-1000.0,39.75
0-1.0:1-1.0:2-1.0:3-1.0:4-1.0:5-1.0:6-1.0:7-1.0:8-1.0:9-1.0:10-1.0:35347-5:35348-0:35349-70000.0:35350-1000.0:35351-500000.0:35352-2500.0,18.4
0-1.0:1-1.0:2-1.0:3-1.0:4-1.0:5-1.0:6-1.0:7-1.0:8-1.0:9-1.0:10-1.0:35347-5:35348-0:35349-70000.0:35350-2000.0:35351-100000.0:35352-100.0,35.73
0-1.0:2-1.0:3-1.0:4-1.0:5-1.0:6-1.0:7-1.0:8-1.0:9-1.0:10-1.0:8819-1.0:35347-5:35348-0:35349-70000.0:35350-2000.0:35351-100000.0:35352-150.0,26.88
0-1.0:1-1.0:2-1.0:3-1.0:4-1.0:5-1.0:6-1.0:7-1.0:8-1.0:9-1.0:10-1.0:35347-5:35348-0:35349-70000.0:35350-2000.0:35351-100000.0:35352-250.0,44.7
0-1.0:1-1.0:2-1.0:3-1.0:4-1.0:5-1.0:6-1.0:7-1.0:8-1.0:9-1.0:10-1.0:35347-5:35348-0:35349-70000.0:35350-2000.0:35351-100000.0:35352-500.0,26.36
0-1.0:2-1.0:3-1.0:4-1.0:5-1.0:6-1.0:7-1.0:8-1.0:9-1.0:10-1.0:8819-1.0:35347-5:35348-0:35349-40000.0:35350-2000.0:35351-300000.0:35352-5000.0,11.84
0-1.0:1-1.0:2-1.0:3-1.0:4-1.0:5-1.0:6-1.0:7-1.0:8-1.0:9-1.0:10-1.0:35347-5:35348-0:35349-40000.0:35350-2000.0:35351-500000.0:35352-100.0,31.51
0-1.0:2-1.0:3-1.0:4-1.0:5-1.0:6-1.0:7-1.0:8-1.0:9-1.0:10-1.0:8819-1.0:35347-5:35348-0:35349-40000.0:35350-2000.0:35351-500000.0:35352-150.0,24.75
0-1.0:2-1.0:3-1.0:4-1.0:5-1.0:6-1.0:7-1.0:8-1.0:9-1.0:10-1.0:8819-1.0:35347-5:35348-0:35349-40000.0:35350-2000.0:35351-500000.0:35352-250.0,21.29
0-1.0:2-1.0:3-1.0:4-1.0:5-1.0:6-1.0:7-1.0:8-1.0:9-1.0:10-1.0:8819-1.0:35347-5:35348-0:35349-40000.0:35350-2000.0:35351-500000.0:35352-500.0,19.91
0-1.0:2-1.0:3-1.0:4-1.0:5-1.0:6-1.0:7-1.0:8-1.0:9-1.0:10-1.0:8819-1.0:35347-5:35348-0:35349-40000.0:35350-2000.0:35351-500000.0:35352-750.0,18.87
0-1.0:2-1.0:3-1.0:4-1.0:5-1.0:6-1.0:7-1.0:8-1.0:9-1.0:10-1.0:8819-1.0:35347-5:35348-0:35349-40000.0:35350-2000.0:35351-500000.0:35352-1500.0,18.67
0-1.0:2-1.0:3-1.0:4-1.0:5-1.0:6-1.0:7-1.0:8-1.0:9-1.0:10-1.0:8819-1.0:35347-5:35348-0:35349-40000.0:35350-2000.0:35351-500000.0:35352-2500.0,15.41
0-1.0:2-1.0:3-1.0:4-1.0:5-1.0:6-1.0:7-1.0:8-1.0:9-1.0:10-1.0:8819-1.0:35347-5:35348-0:35349-40000.0:35350-2000.0:35351-500000.0:35352-5000.0,16.11
0-1.0:2-1.0:3-1.0:4-1.0:5-1.0:6-1.0:7-1.0:8-1.0:9-1.0:10-1.0:8819-1.0:35347-5:35348-0:35349-50000.0:35350-1000.0:35351-100000.0:35352-100.0,23.83
0-1.0:2-1.0:3-1.0:4-1.0:5-1.0:6-1.0:7-1.0:8-1.0:9-1.0:10-1.0:8819-1.0:35347-5:35348-0:35349-50000.0:35350-1000.0:35351-100000.0:35352-150.0,22.88
0-1.0:1-1.0:2-1.0:3-1.0:4-1.0:5-1.0:6-1.0:7-1.0:8-1.0:9-1.0:10-1.0:35347-5:35348-0:35349-50000.0:35350-1000.0:35351-100000.0:35352-250.0,19.07
0-1.0:1-1.0:2-1.0:3-1.0:4-1.0:5-1.0:6-1.0:7-1.0:8-1.0:9-1.0:10-1.0:35347-5:35348-0:35349-50000.0:35350-1000.0:35351-100000.0:35352-500.0,17.54
0-1.0:2-1.0:3-1.0:4-1.0:5-1.0:6-1.0:7-1.0:8-1.0:9-1.0:10-1.0:8819-1.0:35347-5:35348-0:35349-50000.0:35350-1000.0:35351-100000.0:35352-750.0,16.4
0-1.0:2-1.0:3-1.0:4-1.0:5-1.0:6-1.0:7-1.0:8-1.0:9-1.0:10-1.0:8819-1.0:35347-5:35348-0:35349-50000.0:35350-1000.0:35351-100000.0:35352-1500.0,14.3
0-1.0:1-1.0:2-1.0:3-1.0:4-1.0:5-1.0:6-1.0:7-1.0:8-1.0:9-1.0:10-1.0:35347-5:35348-0:35349-50000.0:35350-1000.0:35351-100000.0:35352-2500.0,16.02
0-1.0:2-1.0:3-1.0:4-1.0:5-1.0:6-1.0:7-1.0:8-1.0:9-1.0:10-1.0:8819-1.0:35347-5:35348-0:35349-50000.0:35350-1000.0:35351-100000.0:35352-5000.0,10.83
0-1.0:1-1.0:2-1.0:3-1.0:4-1.0:5-1.0:6-1.0:7-1.0:8-1.0:9-1.0:10-1.0:35347-5:35348-0:35349-50000.0:35350-1000.0:35351-300000.0:35352-100.0,32.43
0-1.0:2-1.0:3-1.0:4-1.0:5-1.0:6-1.0:7-1.0:8-1.0:9-1.0:10-1.0:8819-1.0:35347-5:35348-0:35349-50000.0:35350-1000.0:35351-300000.0:35352-150.0,31.22
0-1.0:2-1.0:3-1.0:4-1.0:5-1.0:6-1.0:7-1.0:8-1.0:9-1.0:10-1.0:8819-1.0:35347-5:35348-0:35349-50000.0:35350-1000.0:35351-300000.0:35352-250.0,26.36
0-1.0:2-1.0:3-1.0:4-1.0:5-1.0:6-1.0:7-1.0:8-1.0:9-1.0:10-1.0:8819-1.0:35347-5:35348-0:35349-50000.0:35350-1000.0:35351-300000.0:35352-500.0,19.63
0-1.0:1-1.0:2-1.0:3-1.0:4-1.0:5-1.0:6-1.0:7-1.0:8-1.0:9-1.0:10-1.0:35347-5:35348-0:35349-50000.0:35350-1000.0:35351-300000.0:35352-750.0,18.48
0-1.0:1-1.0:2-1.0:3-1.0:4-1.0:5-1.0:6-1.0:7-1.0:8-1.0:9-1.0:10-1.0:35347-5:35348-0:35349-50000.0:35350-1000.0:35351-300000.0:35352-1000.0,19.51
0-1.0:2-1.0:3-1.0:4-1.0:5-1.0:6-1.0:7-1.0:8-1.0:9-1.0:10-1.0:8819-1.0:35347-5:35348-0:35349-50000.0:35350-1000.0:35351-300000.0:35352-1500.0,16.38
0-1.0:1-1.0:2-1.0:3-1.0:4-1.0:5-1.0:6-1.0:7-1.0:8-1.0:9-1.0:10-1.0:35347-5:35348-0:35349-50000.0:35350-1000.0:35351-300000.0:35352-2500.0,18.11
0-1.0:2-1.0:3-1.0:4-1.0:5-1.0:6-1.0:7-1.0:8-1.0:9-1.0:10-1.0:8819-1.0:35347-5:35348-0:35349-50000.0:35350-1000.0:35351-300000.0:35352-5000.0,15.44
0-1.0:1-1.0:2-1.0:3-1.0:4-1.0:5-1.0:6-1.0:7-1.0:8-1.0:9-1.0:10-1.0:35347-5:35348-0:35349-50000.0:35350-1000.0:35351-500000.0:35352-100.0,34.1
0-1.0:2-1.0:3-1.0:4-1.0:5-1.0:6-1.0:7-1.0:8-1.0:9-1.0:10-1.0:8819-1.0:35347-5:35348-0:35349-50000.0:35350-1000.0:35351-500000.0:35352-150.0,32.88
0-1.0:1-1.0:2-1.0:3-1.0:4-1.0:5-1.0:6-1.0:7-1.0:8-1.0:9-1.0:10-1.0:35347-5:35348-0:35349-50000.0:35350-1000.0:35351-500000.0:35352-250.0,22.82
0-1.0:1-1.0:2-1.0:3-1.0:4-1.0:5-1.0:6-1.0:7-1.0:8-1.0:9-1.0:10-1.0:35347-5:35348-0:35349-50000.0:35350-1000.0:35351-500000.0:35352-500.0,26.09
0-1.0:1-1.0:2-1.0:3-1.0:4-1.0:5-1.0:6-1.0:7-1.0:8-1.0:9-1.0:10-1.0:35347-5:35348-0:35349-50000.0:35350-1000.0:35351-500000.0:35352-750.0,20.15
0-1.0:2-1.0:3-1.0:4-1.0:5-1.0:6-1.0:7-1.0:8-1.0:9-1.0:10-1.0:8819-1.0:35347-5:35348-0:35349-50000.0:35350-1000.0:35351-500000.0:35352-1000.0,23.42
0-1.0:2-1.0:3-1.0:4-1.0:5-1.0:6-1.0:7-1.0:8-1.0:9-1.0:10-1.0:8819-1.0:35347-5:35348-0:35349-50000.0:35350-1000.0:35351-500000.0:35352-1500.0,18.05
0-1.0:2-1.0:3-1.0:4-1.0:5-1.0:6-1.0:7-1.0:8-1.0:9-1.0:10-1.0:8819-1.0:35347-5:35348-0:35349-50000.0:35350-1000.0:35351-500000.0:35352-2500.0,16.33
0-1.0:1-1.0:2-1.0:3-1.0:4-1.0:5-1.0:6-1.0:7-1.0:8-1.0:9-1.0:10-1.0:35347-5:35348-0:35349-50000.0:35350-1000.0:35351-500000.0:35352-5000.0,14.24
0-1.0:1-1.0:2-1.0:3-1.0:4-1.0:5-1.0:6-1.0:7-1.0:8-1.0:9-1.0:10-1.0:35347-5:35348-0:35349-50000.0:35350-2000.0:35351-100000.0:35352-100.0,30.6
0-1.0:2-1.0:3-1.0:4-1.0:5-1.0:6-1.0:7-1.0:8-1.0:9-1.0:10-1.0:8819-1.0:35347-5:35348-0:35349-50000.0:35350-2000.0:35351-100000.0:35352-150.0,23.13
0-1.0:2-1.0:3-1.0:4-1.0:5-1.0:6-1.0:7-1.0:8-1.0:9-1.0:10-1.0:8819-1.0:35347-5:35348-0:35349-50000.0:35350-2000.0:35351-100000.0:35352-250.0,21.77
0-1.0:2-1.0:3-1.0:4-1.0:5-1.0:6-1.0:7-1.0:8-1.0:9-1.0:10-1.0:8819-1.0:35347-5:35348-0:35349-50000.0:35350-2000.0:35351-100000.0:35352-500.0,22.59
0-1.0:2-1.0:3-1.0:4-1.0:5-1.0:6-1.0:7-1.0:8-1.0:9-1.0:10-1.0:8819-1.0:35347-5:35348-0:35349-50000.0:35350-2000.0:35351-100000.0:35352-750.0,32.89
0-1.0:1-1.0:2-1.0:3-1.0:4-1.0:5-1.0:6-1.0:7-1.0:8-1.0:9-1.0:10-1.0:35347-5:35348-0:35349-50000.0:35350-2000.0:35351-100000.0:35352-1000.0,15.69
0-1.0:1-1.0:2-1.0:3-1.0:4-1.0:5-1.0:6-1.0:7-1.0:8-1.0:9-1.0:10-1.0:35347-5:35348-0:35349-50000.0:35350-2000.0:35351-100000.0:35352-1500.0,14.55
0-1.0:2-1.0:3-1.0:4-1.0:5-1.0:6-1.0:7-1.0:8-1.0:9-1.0:10-1.0:8819-1.0:35347-5:35348-0:35349-50000.0:35350-2000.0:35351-100000.0:35352-2500.0,12.83
0-1.0:2-1.0:3-1.0:4-1.0:5-1.0:6-1.0:7-1.0:8-1.0:9-1.0:10-1.0:8819-1.0:35347-5:35348-0:35349-50000.0:35350-2000.0:35351-100000.0:35352-5000.0,10.83
0-1.0:2-1.0:3-1.0:4-1.0:5-1.0:6-1.0:7-1.0:8-1.0:9-1.0:10-1.0:8819-1.0:35347-5:35348-0:35349-50000.0:35350-2000.0:35351-300000.0:35352-100.0,26.17
0-1.0:2-1.0:3-1.0:4-1.0:5-1.0:6-1.0:7-1.0:8-1.0:9-1.0:10-1.0:8819-1.0:35347-5:35348-0:35349-50000.0:35350-2000.0:35351-300000.0:35352-150.0,25.21
0-1.0:2-1.0:3-1.0:4-1.0:5-1.0:6-1.0:7-1.0:8-1.0:9-1.0:10-1.0:8819-1.0:35347-5:35348-0:35349-50000.0:35350-2000.0:35351-300000.0:35352-250.0,21.4
0-1.0:2-1.0:3-1.0:4-1.0:5-1.0:6-1.0:7-1.0:8-1.0:9-1.0:10-1.0:8819-1.0:35347-5:35348-0:35349-50000.0:35350-2000.0:35351-300000.0:35352-500.0,24.67
0-1.0:1-1.0:2-1.0:3-1.0:4-1.0:5-1.0:6-1.0:7-1.0:8-1.0:9-1.0:10-1.0:35347-1:35348-0:35349-70000.0:35350-1000.0:35351-500000.0:35352-100.0,37.17
0-1.0:2-1.0:3-1.0:4-1.0:5-1.0:6-1.0:7-1.0:8-1.0:9-1.0:10-1.0:18612-1.0:35347-1:35348-0:35349-70000.0:35350-1000.0:35351-500000.0:35352-150.0,35.84
0-1.0:2-1.0:3-1.0:4-1.0:5-1.0:6-1.0:7-1.0:8-1.0:9-1.0:10-1.0:18612-1.0:35347-1:35348-0:35349-70000.0:35350-1000.0:35351-500000.0:35352-250.0,27.82
0-1.0:2-1.0:3-1.0:4-1.0:5-1.0:6-1.0:7-1.0:8-1.0:9-1.0:10-1.0:18612-1.0:35347-1:35348-0:35349-70000.0:35350-1000.0:35351-500000.0:35352-500.0,26.38
0-1.0:2-1.0:3-1.0:4-1.0:5-1.0:6-1.0:7-1.0:8-1.0:9-1.0:10-1.0:18612-1.0:35347-1:35348-0:35349-70000.0:35350-1000.0:35351-500000.0:35352-750.0,33.16
0-1.0:1-1.0:2-1.0:3-1.0:4-1.0:5-1.0:6-1.0:7-1.0:8-1.0:9-1.0:10-1.0:35347-1:35348-0:35349-70000.0:35350-1000.0:35351-500000.0:35352-1000.0,25.41
0-1.0:2-1.0:3-1.0:4-1.0:5-1.0:6-1.0:7-1.0:8-1.0:9-1.0:10-1.0:18612-1.0:35347-1:35348-0:35349-70000.0:35350-1000.0:35351-500000.0:35352-1500.0,29.4
0-1.0:2-1.0:3-1.0:4-1.0:5-1.0:6-1.0:7-1.0:8-1.0:9-1.0:10-1.0:18612-1.0:35347-1:35348-0:35349-70000.0:35350-1000.0:35351-500000.0:35352-2500.0,20.52
0-1.0:1-1.0:2-1.0:3-1.0:4-1.0:5-1.0:6-1.0:7-1.0:8-1.0:9-1.0:10-1.0:35347-1:35348-0:35349-70000.0:35350-1000.0:35351-500000.0:35352-5000.0,22.56
0-1.0:1-1.0:2-1.0:3-1.0:4-1.0:5-1.0:6-1.0:7-1.0:8-1.0:9-1.0:10-1.0:35347-1:35348-0:35349-70000.0:35350-2000.0:35351-100000.0:35352-100.0,38.2
0-1.0:2-1.0:3-1.0:4-1.0:5-1.0:6-1.0:7-1.0:8-1.0:9-1.0:10-1.0:18612-1.0:35347-1:35348-0:35349-70000.0:35350-2000.0:35351-100000.0:35352-150.0,32.34
0-1.0:2-1.0:3-1.0:4-1.0:5-1.0:6-1.0:7-1.0:8-1.0:9-1.0:10-1.0:18612-1.0:35347-1:35348-0:35349-70000.0:35350-2000.0:35351-100000.0:35352-250.0,27.57
0-1.0:2-1.0:3-1.0:4-1.0:5-1.0:6-1.0:7-1.0:8-1.0:9-1.0:10-1.0:18612-1.0:35347-1:35348-0:35349-70000.0:35350-2000.0:35351-100000.0:35352-500.0,23.62
0-1.0:2-1.0:3-1.0:4-1.0:5-1.0:6-1.0:7-1.0:8-1.0:9-1.0:10-1.0:18612-1.0:35347-1:35348-0:35349-70000.0:35350-2000.0:35351-100000.0:35352-750.0,23.25
0-1.0:2-1.0:3-1.0:4-1.0:5-1.0:6-1.0:7-1.0:8-1.0:9-1.0:10-1.0:18612-1.0:35347-1:35348-0:35349-70000.0:35350-2000.0:35351-100000.0:35352-1000.0,21.91
0-1.0:2-1.0:3-1.0:4-1.0:5-1.0:6-1.0:7-1.0:8-1.0:9-1.0:10-1.0:18612-1.0:35347-1:35348-0:35349-70000.0:35350-2000.0:35351-100000.0:35352-1500.0,18.3
0-1.0:2-1.0:3-1.0:4-1.0:5-1.0:6-1.0:7-1.0:8-1.0:9-1.0:10-1.0:18612-1.0:35347-1:35348-0:35349-70000.0:35350-2000.0:35351-100000.0:35352-2500.0,18.28
0-1.0:2-1.0:3-1.0:4-1.0:5-1.0:6-1.0:7-1.0:8-1.0:9-1.0:10-1.0:18612-1.0:35347-1:35348-0:35349-70000.0:35350-2000.0:35351-100000.0:35352-5000.0,13.49
0-1.0:2-1.0:3-1.0:4-1.0:5-1.0:6-1.0:7-1.0:8-1.0:9-1.0:10-1.0:18612-1.0:35347-1:35348-0:35349-70000.0:35350-2000.0:35351-300000.0:35352-100.0,32.42
0-1.0:2-1.0:3-1.0:4-1.0:5-1.0:6-1.0:7-1.0:8-1.0:9-1.0:10-1.0:18612-1.0:35347-1:35348-0:35349-70000.0:35350-2000.0:35351-300000.0:35352-150.0,31.21
0-1.0:2-1.0:3-1.0:4-1.0:5-1.0:6-1.0:7-1.0:8-1.0:9-1.0:10-1.0:18612-1.0:35347-1:35348-0:35349-70000.0:35350-2000.0:35351-300000.0:35352-250.0,26.93
0-1.0:2-1.0:3-1.0:4-1.0:5-1.0:6-1.0:7-1.0:8-1.0:9-1.0:10-1.0:18612-1.0:35347-1:35348-0:35349-70000.0:35350-2000.0:35351-300000.0:35352-500.0,24.47
0-1.0:2-1.0:3-1.0:4-1.0:5-1.0:6-1.0:7-1.0:8-1.0:9-1.0:10-1.0:18612-1.0:35347-1:35348-0:35349-70000.0:35350-2000.0:35351-300000.0:35352-750.0,23.03
0-1.0:2-1.0:3-1.0:4-1.0:5-1.0:6-1.0:7-1.0:8-1.0:9-1.0:10-1.0:18612-1.0:35347-1:35348-0:35349-70000.0:35350-2000.0:35351-300000.0:35352-1000.0,30.04
0-1.0:2-1.0:3-1.0:4-1.0:5-1.0:6-1.0:7-1.0:8-1.0:9-1.0:10-1.0:18612-1.0:35347-1:35348-0:35349-70000.0:35350-2000.0:35351-300000.0:35352-1500.0,22.39
0-1.0:2-1.0:3-1.0:4-1.0:5-1.0:6-1.0:7-1.0:8-1.0:9-1.0:10-1.0:18612-1.0:35347-1:35348-0:35349-70000.0:35350-2000.0:35351-300000.0:35352-2500.0,19.98
0-1.0:2-1.0:3-1.0:4-1.0:5-1.0:6-1.0:7-1.0:8-1.0:9-1.0:10-1.0:18612-1.0:35347-1:35348-0:35349-70000.0:35350-2000.0:35351-300000.0:35352-5000.0,31.79
0-1.0:2-1.0:3-1.0:4-1.0:5-1.0:6-1.0:7-1.0:8-1.0:9-1.0:10-1.0:18612-1.0:35347-1:35348-0:35349-70000.0:35350-2000.0:35351-500000.0:35352-100.0,34.75
0-1.0:2-1.0:3-1.0:4-1.0:5-1.0:6-1.0:7-1.0:8-1.0:9-1.0:10-1.0:18612-1.0:35347-1:35348-0:35349-70000.0:35350-2000.0:35351-500000.0:35352-150.0,33.52
0-1.0:2-1.0:3-1.0:4-1.0:5-1.0:6-1.0:7-1.0:8-1.0:9-1.0:10-1.0:18612-1.0:35347-1:35348-0:35349-70000.0:35350-2000.0:35351-500000.0:35352-250.0,29.4
0-1.0:2-1.0:3-1.0:4-1.0:5-1.0:6-1.0:7-1.0:8-1.0:9-1.0:10-1.0:18612-1.0:35347-1:35348-0:35349-70000.0:35350-2000.0:35351-500000.0:35352-500.0,27.37
0-1.0:2-1.0:3-1.0:4-1.0:5-1.0:6-1.0:7-1.0:8-1.0:9-1.0:10-1.0:18612-1.0:35347-1:35348-0:35349-70000.0:35350-2000.0:35351-500000.0:35352-750.0,24.7
0-1.0:2-1.0:3-1.0:4-1.0:5-1.0:6-1.0:7-1.0:8-1.0:9-1.0:10-1.0:18612-1.0:35347-1:35348-0:35349-70000.0:35350-2000.0:35351-500000.0:35352-1000.0,23.49
0-1.0:2-1.0:3-1.0:4-1.0:5-1.0:6-1.0:7-1.0:8-1.0:9-1.0:10-1.0:18612-1.0:35347-1:35348-0:35349-70000.0:35350-2000.0:35351-500000.0:35352-1500.0,24.06
0-1.0:2-1.0:3-1.0:4-1.0:5-1.0:6-1.0:7-1.0:8-1.0:9-1.0:10-1.0:18612-1.0:35347-1:35348-0:35349-70000.0:35350-2000.0:35351-500000.0:35352-2500.0,19.88
0-1.0:1-1.0:2-1.0:3-1.0:4-1.0:5-1.0:6-1.0:7-1.0:8-1.0:9-1.0:10-1.0:35347-1:35348-0:35349-70000.0:35350-2000.0:35351-500000.0:35352-5000.0,22.81
0-1.0:2-1.0:3-1.0:4-1.0:5-1.0:6-1.0:7-1.0:8-1.0:9-1.0:10-1.0:18612-1.0:35347-1:35348-0:35349-80000.0:35350-1000.0:35351-100000.0:35352-100.0,45.61
0-1.0:2-1.0:3-1.0:4-1.0:5-1.0:6-1.0:7-1.0:8-1.0:9-1.0:10-1.0:18612-1.0:35347-1:35348-0:35349-80000.0:35350-1000.0:35351-100000.0:35352-150.0,30.87
0-1.0:2-1.0:3-1.0:4-1.0:5-1.0:6-1.0:7-1.0:8-1.0:9-1.0:10-1.0:18612-1.0:35347-1:35348-0:35349-80000.0:35350-1000.0:35351-100000.0:35352-250.0,36.49
0-1.0:2-1.0:3-1.0:4-1.0:5-1.0:6-1.0:7-1.0:8-1.0:9-1.0:10-1.0:18612-1.0:35347-1:35348-0:35349-80000.0:35350-1000.0:35351-100000.0:35352-500.0,28.21
0-1.0:2-1.0:3-1.0:4-1.0:5-1.0:6-1.0:7-1.0:8-1.0:9-1.0:10-1.0:18612-1.0:35347-1:35348-0:35349-80000.0:35350-1000.0:35351-100000.0:35352-750.0,22.12
0-1.0:1-1.0:2-1.0:3-1.0:4-1.0:5-1.0:6-1.0:7-1.0:8-1.0:9-1.0:10-1.0:35347-1:35348-0:35349-80000.0:35350-1000.0:35351-100000.0:35352-1500.0,21.44
0-1.0:2-1.0:3-1.0:4-1.0:5-1.0:6-1.0:7-1.0:8-1.0:9-1.0:10-1.0:18612-1.0:35347-1:35348-0:35349-80000.0:35350-1000.0:35351-100000.0:35352-2500.0,18.87
0-1.0:2-1.0:3-1.0:4-1.0:5-1.0:6-1.0:7-1.0:8-1.0:9-1.0:10-1.0:18612-1.0:35347-1:35348-0:35349-80000.0:35350-1000.0:35351-100000.0:35352-5000.0,20.07
0-1.0:2-1.0:3-1.0:4-1.0:5-1.0:6-1.0:7-1.0:8-1.0:9-1.0:10-1.0:18612-1.0:35347-1:35348-0:35349-80000.0:35350-1000.0:35351-300000.0:35352-100.0,34.24
0-1.0:2-1.0:3-1.0:4-1.0:5-1.0:6-1.0:7-1.0:8-1.0:9-1.0:10-1.0:18612-1.0:35347-1:35348-0:35349-80000.0:35350-1000.0:35351-300000.0:35352-150.0,40.82
0-1.0:1-1.0:2-1.0:3-1.0:4-1.0:5-1.0:6-1.0:7-1.0:8-1.0:9-1.0:10-1.0:35347-1:35348-0:35349-80000.0:35350-1000.0:35351-300000.0:35352-250.0,38.57
0-1.0:2-1.0:3-1.0:4-1.0:5-1.0:6-1.0:7-1.0:8-1.0:9-1.0:10-1.0:18612-1.0:35347-1:35348-0:35349-80000.0:35350-1000.0:35351-300000.0:35352-500.0,28.38
0-1.0:1-1.0:2-1.0:3-1.0:4-1.0:5-1.0:6-1.0:7-1.0:8-1.0:9-1.0:10-1.0:35347-1:35348-0:35349-80000.0:35350-1000.0:35351-300000.0:35352-750.0,51.13
0-1.0:2-1.0:3-1.0:4-1.0:5-1.0:6-1.0:7-1.0:8-1.0:9-1.0:10-1.0:18612-1.0:35347-1:35348-0:35349-80000.0:35350-1000.0:35351-300000.0:35352-1000.0,31.64
0-1.0:2-1.0:3-1.0:4-1.0:5-1.0:6-1.0:7-1.0:8-1.0:9-1.0:10-1.0:18612-1.0:35347-1:35348-0:35349-80000.0:35350-1000.0:35351-300000.0:35352-1500.0,26.71
0-1.0:2-1.0:3-1.0:4-1.0:5-1.0:6-1.0:7-1.0:8-1.0:9-1.0:10-1.0:18612-1.0:35347-1:35348-0:35349-80000.0:35350-1000.0:35351-300000.0:35352-2500.0,19.06
0-1.0:2-1.0:3-1.0:4-1.0:5-1.0:6-1.0:7-1.0:8-1.0:9-1.0:10-1.0:18612-1.0:35347-1:35348-0:35349-80000.0:35350-1000.0:35351-300000.0:35352-5000.0,19.84
0-1.0:2-1.0:3-1.0:4-1.0:5-1.0:6-1.0:7-1.0:8-1.0:9-1.0:10-1.0:18612-1.0:35347-1:35348-0:35349-80000.0:35350-1000.0:35351-500000.0:35352-100.0,44.8
0-1.0:2-1.0:3-1.0:4-1.0:5-1.0:6-1.0:7-1.0:8-1.0:9-1.0:10-1.0:18612-1.0:35347-1:35348-0:35349-80000.0:35350-1000.0:35351-500000.0:35352-150.0,35.31
0-1.0:2-1.0:3-1.0:4-1.0:5-1.0:6-1.0:7-1.0:8-1.0:9-1.0:10-1.0:18612-1.0:35347-1:35348-0:35349-80000.0:35350-1000.0:35351-500000.0:35352-250.0,32.34
0-1.0:2-1.0:3-1.0:4-1.0:5-1.0:6-1.0:7-1.0:8-1.0:9-1.0:10-1.0:18612-1.0:35347-1:35348-0:35349-80000.0:35350-1000.0:35351-500000.0:35352-500.0,27.95
0-1.0:1-1.0:2-1.0:3-1.0:4-1.0:5-1.0:6-1.0:7-1.0:8-1.0:9-1.0:10-1.0:35347-1:35348-0:35349-80000.0:35350-1000.0:35351-500000.0:35352-750.0,28.33
0-1.0:2-1.0:3-1.0:4-1.0:5-1.0:6-1.0:7-1.0:8-1.0:9-1.0:10-1.0:18612-1.0:35347-1:35348-0:35349-80000.0:35350-1000.0:35351-500000.0:35352-1000.0,24.59
0-1.0:2-1.0:3-1.0:4-1.0:5-1.0:6-1.0:7-1.0:8-1.0:9-1.0:10-1.0:18612-1.0:35347-1:35348-0:35349-80000.0:35350-1000.0:35351-500000.0:35352-1500.0,27.96
0-1.0:2-1.0:3-1.0:4-1.0:5-1.0:6-1.0:7-1.0:8-1.0:9-1.0:10-1.0:18612-1.0:35347-1:35348-0:35349-80000.0:35350-1000.0:35351-500000.0:35352-2500.0,21.67
0-1.0:2-1.0:3-1.0:4-1.0:5-1.0:6-1.0:7-1.0:8-1.0:9-1.0:10-1.0:18612-1.0:35347-1:35348-0:35349-80000.0:35350-1000.0:35351-500000.0:35352-5000.0,23.82
0-1.0:2-1.0:3-1.0:4-1.0:5-1.0:6-1.0:7-1.0:8-1.0:9-1.0:10-1.0:18612-1.0:35347-1:35348-0:35349-80000.0:35350-2000.0:35351-100000.0:35352-100.0,35.98
0-1.0:2-1.0:3-1.0:4-1.0:5-1.0:6-1.0:7-1.0:8-1.0:9-1.0:10-1.0:18612-1.0:35347-1:35348-0:35349-80000.0:35350-2000.0:35351-100000.0:35352-150.0,61.84
0-1.0:2-1.0:3-1.0:4-1.0:5-1.0:6-1.0:7-1.0:8-1.0:9-1.0:10-1.0:18612-1.0:35347-1:35348-0:35349-80000.0:35350-2000.0:35351-100000.0:35352-250.0,28.84
0-1.0:2-1.0:3-1.0:4-1.0:5-1.0:6-1.0:7-1.0:8-1.0:9-1.0:10-1.0:18612-1.0:35347-1:35348-0:35349-80000.0:35350-2000.0:35351-100000.0:35352-500.0,26.55
0-1.0:2-1.0:3-1.0:4-1.0:5-1.0:6-1.0:7-1.0:8-1.0:9-1.0:10-1.0:18612-1.0:35347-1:35348-0:35349-80000.0:35350-2000.0:35351-100000.0:35352-750.0,24.83
0-1.0:2-1.0:3-1.0:4-1.0:5-1.0:6-1.0:7-1.0:8-1.0:9-1.0:10-1.0:18612-1.0:35347-1:35348-0:35349-80000.0:35350-2000.0:35351-100000.0:35352-1000.0,23.4
0-1.0:2-1.0:3-1.0:4-1.0:5-1.0:6-1.0:7-1.0:8-1.0:9-1.0:10-1.0:18612-1.0:35347-1:35348-0:35349-80000.0:35350-2000.0:35351-100000.0:35352-1500.0,26.25
0-1.0:2-1.0:3-1.0:4-1.0:5-1.0:6-1.0:7-1.0:8-1.0:9-1.0:10-1.0:18612-1.0:35347-1:35348-0:35349-80000.0:35350-2000.0:35351-100000.0:35352-2500.0,19.42
0-1.0:2-1.0:3-1.0:4-1.0:5-1.0:6-1.0:7-1.0:8-1.0:9-1.0:10-1.0:18612-1.0:35347-1:35348-0:35349-80000.0:35350-2000.0:35351-100000.0:35352-5000.0,14.4
0-1.0:2-1.0:3-1.0:4-1.0:5-1.0:6-1.0:7-1.0:8-1.0:9-1.0:10-1.0:18612-1.0:35347-1:35348-0:35349-80000.0:35350-2000.0:35351-300000.0:35352-100.0,66.49
0-1.0:2-1.0:3-1.0:4-1.0:5-1.0:6-1.0:7-1.0:8-1.0:9-1.0:10-1.0:18612-1.0:35347-1:35348-0:35349-80000.0:35350-2000.0:35351-300000.0:35352-150.0,33.89
0-1.0:2-1.0:3-1.0:4-1.0:5-1.0:6-1.0:7-1.0:8-1.0:9-1.0:10-1.0:18612-1.0:35347-1:35348-0:35349-80000.0:35350-2000.0:35351-300000.0:35352-250.0,30.92
0-1.0:2-1.0:3-1.0:4-1.0:5-1.0:6-1.0:7-1.0:8-1.0:9-1.0:10-1.0:18612-1.0:35347-1:35348-0:35349-80000.0:35350-2000.0:35351-300000.0:35352-500.0,35.9
0-1.0:2-1.0:3-1.0:4-1.0:5-1.0:6-1.0:7-1.0:8-1.0:9-1.0:10-1.0:18612-1.0:35347-1:35348-0:35349-80000.0:35350-2000.0:35351-300000.0:35352-750.0,30.58
0-1.0:2-1.0:3-1.0:4-1.0:5-1.0:6-1.0:7-1.0:8-1.0:9-1.0:10-1.0:18612-1.0:35347-1:35348-0:35349-80000.0:35350-2000.0:35351-300000.0:35352-1000.0,23.64
0-1.0:2-1.0:3-1.0:4-1.0:5-1.0:6-1.0:7-1.0:8-1.0:9-1.0:10-1.0:18612-1.0:35347-1:35348-0:35349-80000.0:35350-2000.0:35351-300000.0:35352-1500.0,21.63
0-1.0:2-1.0:3-1.0:4-1.0:5-1.0:6-1.0:7-1.0:8-1.0:9-1.0:10-1.0:18612-1.0:35347-1:35348-0:35349-80000.0:35350-2000.0:35351-300000.0:35352-2500.0,39.97
0-1.0:2-1.0:3-1.0:4-1.0:5-1.0:6-1.0:7-1.0:8-1.0:9-1.0:10-1.0:18612-1.0:35347-1:35348-0:35349-80000.0:35350-2000.0:35351-300000.0:35352-5000.0,16.48
0-1.0:2-1.0:3-1.0:4-1.0:5-1.0:6-1.0:7-1.0:8-1.0:9-1.0:10-1.0:18612-1.0:35347-1:35348-0:35349-80000.0:35350-2000.0:35351-500000.0:35352-100.0,40.31
0-1.0:2-1.0:3-1.0:4-1.0:5-1.0:6-1.0:7-1.0:8-1.0:9-1.0:10-1.0:18612-1.0:35347-1:35348-0:35349-80000.0:35350-2000.0:35351-500000.0:35352-150.0,38.3
0-1.0:2-1.0:3-1.0:4-1.0:5-1.0:6-1.0:7-1.0:8-1.0:9-1.0:10-1.0:18612-1.0:35347-1:35348-0:35349-80000.0:35350-2000.0:35351-500000.0:35352-250.0,29.73
0-1.0:2-1.0:3-1.0:4-1.0:5-1.0:6-1.0:7-1.0:8-1.0:9-1.0:10-1.0:18612-1.0:35347-1:35348-0:35349-80000.0:35350-2000.0:35351-500000.0:35352-500.0,30.73
0-1.0:2-1.0:3-1.0:4-1.0:5-1.0:6-1.0:7-1.0:8-1.0:9-1.0:10-1.0:18612-1.0:35347-1:35348-0:35349-80000.0:35350-2000.0:35351-500000.0:35352-750.0,35.38
0-1.0:2-1.0:3-1.0:4-1.0:5-1.0:6-1.0:7-1.0:8-1.0:9-1.0:10-1.0:18612-1.0:35347-1:35348-0:35349-80000.0:35350-2000.0:35351-500000.0:35352-1000.0,27.15
0-1.0:2-1.0:3-1.0:4-1.0:5-1.0:6-1.0:7-1.0:8-1.0:9-1.0:10-1.0:18612-1.0:35347-1:35348-0:35349-80000.0:35350-2000.0:35351-500000.0:35352-1500.0,25.44
0-1.0:2-1.0:3-1.0:4-1.0:5-1.0:6-1.0:7-1.0:8-1.0:9-1.0:10-1.0:18612-1.0:35347-1:35348-0:35349-80000.0:35350-2000.0:35351-500000.0:35352-2500.0,25.68
0-1.0:1-1.0:2-1.0:3-1.0:4-1.0:5-1.0:6-1.0:7-1.0:8-1.0:9-1.0:10-1.0:35347-1:35348-0:35349-80000.0:35350-2000.0:35351-500000.0:35352-5000.0,19.72
0-1.0:2-1.0:3-1.0:4-1.0:5-1.0:6-1.0:7-1.0:8-1.0:9-1.0:10-1.0:18612-1.0:35347-1:35348-0:35349-90000.0:35350-1000.0:35351-100000.0:35352-100.0,42.84
0-1.0:2-1.0:3-1.0:4-1.0:5-1.0:6-1.0:7-1.0:8-1.0:9-1.0:10-1.0:18612-1.0:35347-1:35348-0:35349-90000.0:35350-1000.0:35351-100000.0:35352-150.0,41.72
0-1.0:2-1.0:3-1.0:4-1.0:5-1.0:6-1.0:7-1.0:8-1.0:9-1.0:10-1.0:18612-1.0:35347-1:35348-0:35349-90000.0:35350-1000.0:35351-100000.0:35352-250.0,30.21
0-1.0:2-1.0:3-1.0:4-1.0:5-1.0:6-1.0:7-1.0:8-1.0:9-1.0:10-1.0:18612-1.0:35347-1:35348-0:35349-90000.0:35350-1000.0:35351-100000.0:35352-500.0,35.54
0-1.0:2-1.0:3-1.0:4-1.0:5-1.0:6-1.0:7-1.0:8-1.0:9-1.0:10-1.0:18612-1.0:35347-1:35348-0:35349-90000.0:35350-1000.0:35351-100000.0:35352-750.0,25.98
0-1.0:1-1.0:2-1.0:3-1.0:4-1.0:5-1.0:6-1.0:7-1.0:8-1.0:9-1.0:10-1.0:35347-1:35348-0:35349-90000.0:35350-1000.0:35351-100000.0:35352-1500.0,22.66
0-1.0:2-1.0:3-1.0:4-1.0:5-1.0:6-1.0:7-1.0:8-1.0:9-1.0:10-1.0:18612-1.0:35347-1:35348-0:35349-90000.0:35350-1000.0:35351-100000.0:35352-2500.0,17.95
0-1.0:2-1.0:3-1.0:4-1.0:5-1.0:6-1.0:7-1.0:8-1.0:9-1.0:10-1.0:18612-1.0:35347-1:35348-0:35349-90000.0:35350-1000.0:35351-100000.0:35352-5000.0,21.25
0-1.0:2-1.0:3-1.0:4-1.0:5-1.0:6-1.0:7-1.0:8-1.0:9-1.0:10-1.0:18612-1.0:35347-1:35348-0:35349-90000.0:35350-1000.0:35351-300000.0:35352-150.0,38.34
0-1.0:2-1.0:3-1.0:4-1.0:5-1.0:6-1.0:7-1.0:8-1.0:9-1.0:10-1.0:18612-1.0:35347-1:35348-0:35349-90000.0:35350-1000.0:35351-300000.0:35352-250.0,29.88
0-1.0:2-1.0:3-1.0:4-1.0:5-1.0:6-1.0:7-1.0:8-1.0:9-1.0:10-1.0:18612-1.0:35347-1:35348-0:35349-90000.0:35350-1000.0:35351-300000.0:35352-500.0,34.07
0-1.0:1-1.0:2-1.0:3-1.0:4-1.0:5-1.0:6-1.0:7-1.0:8-1.0:9-1.0:10-1.0:35347-1:35348-0:35349-90000.0:35350-1000.0:35351-300000.0:35352-750.0,54.05
0-1.0:2-1.0:3-1.0:4-1.0:5-1.0:6-1.0:7-1.0:8-1.0:9-1.0:10-1.0:18612-1.0:35347-1:35348-0:35349-90000.0:35350-1000.0:35351-300000.0:35352-1000.0,25.33
0-1.0:2-1.0:3-1.0:4-1.0:5-1.0:6-1.0:7-1.0:8-1.0:9-1.0:10-1.0:18612-1.0:35347-1:35348-0:35349-90000.0:35350-1000.0:35351-300000.0:35352-1500.0,23.61
0-1.0:2-1.0:3-1.0:4-1.0:5-1.0:6-1.0:7-1.0:8-1.0:9-1.0:10-1.0:18612-1.0:35347-1:35348-0:35349-90000.0:35350-1000.0:35351-300000.0:35352-2500.0,22.02
0-1.0:1-1.0:2-1.0:3-1.0:4-1.0:5-1.0:6-1.0:7-1.0:8-1.0:9-1.0:10-1.0:35347-1:35348-0:35349-90000.0:35350-1000.0:35351-500000.0:35352-100.0,41.51
0-1.0:2-1.0:3-1.0:4-1.0:5-1.0:6-1.0:7-1.0:8-1.0:9-1.0:10-1.0:18612-1.0:35347-1:35348-0:35349-90000.0:35350-1000.0:35351-500000.0:35352-250.0,30.94
0-1.0:1-1.0:2-1.0:3-1.0:4-1.0:5-1.0:6-1.0:7-1.0:8-1.0:9-1.0:10-1.0:35347-1:35348-0:35349-90000.0:35350-1000.0:35351-500000.0:35352-750.0,36.97
0-1.0:2-1.0:3-1.0:4-1.0:5-1.0:6-1.0:7-1.0:8-1.0:9-1.0:10-1.0:18612-1.0:35347-1:35348-0:35349-90000.0:35350-1000.0:35351-500000.0:35352-1000.0,25.77
0-1.0:2-1.0:3-1.0:4-1.0:5-1.0:6-1.0:7-1.0:8-1.0:9-1.0:10-1.0:18612-1.0:35347-1:35348-0:35349-90000.0:35350-1000.0:35351-500000.0:35352-1500.0,24.6
0-1.0:2-1.0:3-1.0:4-1.0:5-1.0:6-1.0:7-1.0:8-1.0:9-1.0:10-1.0:18612-1.0:35347-1:35348-0:35349-90000.0:35350-1000.0:35351-500000.0:35352-2500.0,24.11
0-1.0:2-1.0:3-1.0:4-1.0:5-1.0:6-1.0:7-1.0:8-1.0:9-1.0:10-1.0:18612-1.0:35347-1:35348-0:35349-90000.0:35350-2000.0:35351-100000.0:35352-100.0,34.24
0-1.0:2-1.0:3-1.0:4-1.0:5-1.0:6-1.0:7-1.0:8-1.0:9-1.0:10-1.0:18612-1.0:35347-1:35348-0:35349-90000.0:35350-2000.0:35351-100000.0:35352-150.0,38.09
0-1.0:2-1.0:3-1.0:4-1.0:5-1.0:6-1.0:7-1.0:8-1.0:9-1.0:10-1.0:18612-1.0:35347-1:35348-0:35349-90000.0:35350-2000.0:35351-100000.0:35352-250.0,30.46
0-1.0:2-1.0:3-1.0:4-1.0:5-1.0:6-1.0:7-1.0:8-1.0:9-1.0:10-1.0:18612-1.0:35347-1:35348-0:35349-90000.0:35350-2000.0:35351-100000.0:35352-500.0,28.05
0-1.0:2-1.0:3-1.0:4-1.0:5-1.0:6-1.0:7-1.0:8-1.0:9-1.0:10-1.0:18612-1.0:35347-1:35348-0:35349-90000.0:35350-2000.0:35351-100000.0:35352-1000.0,28.41
0-1.0:2-1.0:3-1.0:4-1.0:5-1.0:6-1.0:7-1.0:8-1.0:9-1.0:10-1.0:18612-1.0:35347-1:35348-0:35349-90000.0:35350-2000.0:35351-100000.0:35352-1500.0,20.64
0-1.0:2-1.0:3-1.0:4-1.0:5-1.0:6-1.0:7-1.0:8-1.0:9-1.0:10-1.0:18612-1.0:35347-1:35348-0:35349-90000.0:35350-2000.0:35351-100000.0:35352-5000.0,16.87
0-1.0:2-1.0:3-1.0:4-1.0:5-1.0:6-1.0:7-1.0:8-1.0:9-1.0:10-1.0:18612-1.0:35347-1:35348-0:35349-90000.0:35350-2000.0:35351-300000.0:35352-100.0,45.8
0-1.0:2-1.0:3-1.0:4-1.0:5-1.0:6-1.0:7-1.0:8-1.0:9-1.0:10-1.0:18612-1.0:35347-1:35348-0:35349-90000.0:35350-2000.0:35351-300000.0:35352-150.0,35.69
0-1.0:2-1.0:3-1.0:4-1.0:5-1.0:6-1.0:7-1.0:8-1.0:9-1.0:10-1.0:18612-1.0:35347-1:35348-0:35349-90000.0:35350-2000.0:35351-300000.0:35352-250.0,32.55
0-1.0:2-1.0:3-1.0:4-1.0:5-1.0:6-1.0:7-1.0:8-1.0:9-1.0:10-1.0:18612-1.0:35347-1:35348-0:35349-90000.0:35350-2000.0:35351-300000.0:35352-500.0,27.35
0-1.0:2-1.0:3-1.0:4-1.0:5-1.0:6-1.0:7-1.0:8-1.0:9-1.0:10-1.0:18612-1.0:35347-1:35348-0:35349-90000.0:35350-2000.0:35351-300000.0:35352-750.0,32.9
0-1.0:2-1.0:3-1.0:4-1.0:5-1.0:6-1.0:7-1.0:8-1.0:9-1.0:10-1.0:18612-1.0:35347-1:35348-0:35349-90000.0:35350-2000.0:35351-300000.0:35352-1000.0,24.85
0-1.0:2-1.0:3-1.0:4-1.0:5-1.0:6-1.0:7-1.0:8-1.0:9-1.0:10-1.0:18612-1.0:35347-1:35348-0:35349-90000.0:35350-2000.0:35351-300000.0:35352-1500.0,22.73
0-1.0:2-1.0:3-1.0:4-1.0:5-1.0:6-1.0:7-1.0:8-1.0:9-1.0:10-1.0:18612-1.0:35347-1:35348-0:35349-90000.0:35350-2000.0:35351-300000.0:35352-2500.0,22.27
0-1.0:2-1.0:3-1.0:4-1.0:5-1.0:6-1.0:7-1.0:8-1.0:9-1.0:10-1.0:18612-1.0:35347-1:35348-0:35349-90000.0:35350-2000.0:35351-300000.0:35352-5000.0,19.3
0-1.0:2-1.0:3-1.0:4-1.0:5-1.0:6-1.0:7-1.0:8-1.0:9-1.0:10-1.0:18612-1.0:35347-1:35348-0:35349-90000.0:35350-2000.0:35351-500000.0:35352-100.0,39.88
0-1.0:2-1.0:3-1.0:4-1.0:5-1.0:6-1.0:7-1.0:8-1.0:9-1.0:10-1.0:18612-1.0:35347-1:35348-0:35349-90000.0:35350-2000.0:35351-500000.0:35352-150.0,36.63
0-1.0:2-1.0:3-1.0:4-1.0:5-1.0:6-1.0:7-1.0:8-1.0:9-1.0:10-1.0:18612-1.0:35347-1:35348-0:35349-90000.0:35350-2000.0:35351-500000.0:35352-250.0,42.63
0-1.0:2-1.0:3-1.0:4-1.0:5-1.0:6-1.0:7-1.0:8-1.0:9-1.0:10-1.0:18612-1.0:35347-1:35348-0:35349-90000.0:35350-2000.0:35351-500000.0:35352-500.0,31.8
0-1.0:2-1.0:3-1.0:4-1.0:5-1.0:6-1.0:7-1.0:8-1.0:9-1.0:10-1.0:18612-1.0:35347-1:35348-0:35349-90000.0:35350-2000.0:35351-500000.0:35352-750.0,31.12
0-1.0:2-1.0:3-1.0:4-1.0:5-1.0:6-1.0:7-1.0:8-1.0:9-1.0:10-1.0:18612-1.0:35347-1:35348-0:35349-90000.0:35350-2000.0:35351-500000.0:35352-1000.0,32.16
0-1.0:1-1.0:2-1.0:3-1.0:4-1.0:5-1.0:6-1.0:7-1.0:8-1.0:9-1.0:10-1.0:35347-1:35348-0:35349-90000.0:35350-2000.0:35351-500000.0:35352-1500.0,26.66
0-1.0:2-1.0:3-1.0:4-1.0:5-1.0:6-1.0:7-1.0:8-1.0:9-1.0:10-1.0:18612-1.0:35347-1:35348-0:35349-90000.0:35350-2000.0:35351-500000.0:35352-5000.0,25.25
0-1.0:2-1.0:3-1.0:4-1.0:5-1.0:6-1.0:7-1.0:8-1.0:9-1.0:10-1.0:18612-1.0:35347-1:35348-0:35349-100000.0:35350-1000.0:35351-100000.0:35352-150.0,38.12
0-1.0:2-1.0:3-1.0:4-1.0:5-1.0:6-1.0:7-1.0:8-1.0:9-1.0:10-1.0:18612-1.0:35347-1:35348-0:35349-100000.0:35350-1000.0:35351-100000.0:35352-250.0,36.56
0-1.0:1-1.0:2-1.0:3-1.0:4-1.0:5-1.0:6-1.0:7-1.0:8-1.0:9-1.0:10-1.0:35347-1:35348-0:35349-20000.0:35350-2000.0:35351-300000.0:35352-1500.0,14.52
0-1.0:1-1.0:2-1.0:3-1.0:4-1.0:5-1.0:6-1.0:7-1.0:8-1.0:9-1.0:10-1.0:35347-1:35348-0:35349-20000.0:35350-2000.0:35351-300000.0:35352-2500.0,23.83
0-1.0:2-1.0:3-1.0:4-1.0:5-1.0:6-1.0:7-1.0:8-1.0:9-1.0:10-1.0:8819-1.0:35347-1:35348-0:35349-20000.0:35350-2000.0:35351-300000.0:35352-5000.0,13.75
0-1.0:2-1.0:3-1.0:4-1.0:5-1.0:6-1.0:7-1.0:8-1.0:9-1.0:10-1.0:8819-1.0:35347-1:35348-0:35349-20000.0:35350-2000.0:35351-500000.0:35352-100.0,29.95
0-1.0:2-1.0:3-1.0:4-1.0:5-1.0:6-1.0:7-1.0:8-1.0:9-1.0:10-1.0:8819-1.0:35347-1:35348-0:35349-20000.0:35350-2000.0:35351-500000.0:35352-150.0,23.5
0-1.0:2-1.0:3-1.0:4-1.0:5-1.0:6-1.0:7-1.0:8-1.0:9-1.0:10-1.0:8819-1.0:35347-1:35348-0:35349-20000.0:35350-2000.0:35351-500000.0:35352-250.0,20.25
0-1.0:2-1.0:3-1.0:4-1.0:5-1.0:6-1.0:7-1.0:8-1.0:9-1.0:10-1.0:8819-1.0:35347-1:35348-0:35349-20000.0:35350-2000.0:35351-500000.0:35352-500.0,20.99
0-1.0:2-1.0:3-1.0:4-1.0:5-1.0:6-1.0:7-1.0:8-1.0:9-1.0:10-1.0:8819-1.0:35347-1:35348-0:35349-20000.0:35350-2000.0:35351-500000.0:35352-750.0,21.85
0-1.0:2-1.0:3-1.0:4-1.0:5-1.0:6-1.0:7-1.0:8-1.0:9-1.0:10-1.0:8819-1.0:35347-1:35348-0:35349-20000.0:35350-2000.0:35351-500000.0:35352-1000.0,20.81
0-1.0:1-1.0:2-1.0:3-1.0:4-1.0:5-1.0:6-1.0:7-1.0:8-1.0:9-1.0:10-1.0:35347-1:35348-0:35349-20000.0:35350-2000.0:35351-500000.0:35352-1500.0,19.57
0-1.0:2-1.0:3-1.0:4-1.0:5-1.0:6-1.0:7-1.0:8-1.0:9-1.0:10-1.0:8819-1.0:35347-1:35348-0:35349-20000.0:35350-2000.0:35351-500000.0:35352-2500.0,14.73
0-1.0:1-1.0:2-1.0:3-1.0:4-1.0:5-1.0:6-1.0:7-1.0:8-1.0:9-1.0:10-1.0:35347-1:35348-0:35349-20000.0:35350-2000.0:35351-500000.0:35352-5000.0,12.94
0-1.0:2-1.0:3-1.0:4-1.0:5-1.0:6-1.0:7-1.0:8-1.0:9-1.0:10-1.0:8819-1.0:35347-1:35348-0:35349-24000.0:35350-1000.0:35351-100000.0:35352-100.0,21.51
0-1.0:2-1.0:3-1.0:4-1.0:5-1.0:6-1.0:7-1.0:8-1.0:9-1.0:10-1.0:8819-1.0:35347-1:35348-0:35349-24000.0:35350-1000.0:35351-100000.0:35352-150.0,20.65
0-1.0:2-1.0:3-1.0:4-1.0:5-1.0:6-1.0:7-1.0:8-1.0:9-1.0:10-1.0:8819-1.0:35347-1:35348-0:35349-24000.0:35350-1000.0:35351-100000.0:35352-250.0,19.5
0-1.0:2-1.0:3-1.0:4-1.0:5-1.0:6-1.0:7-1.0:8-1.0:9-1.0:10-1.0:8819-1.0:35347-1:35348-0:35349-24000.0:35350-1000.0:35351-100000.0:35352-500.0,15.83
0-1.0:2-1.0:3-1.0:4-1.0:5-1.0:6-1.0:7-1.0:8-1.0:9-1.0:10-1.0:8819-1.0:35347-1:35348-0:35349-24000.0:35350-1000.0:35351-100000.0:35352-750.0,14.8
0-1.0:1-1.0:2-1.0:3-1.0:4-1.0:5-1.0:6-1.0:7-1.0:8-1.0:9-1.0:10-1.0:35347-1:35348-0:35349-24000.0:35350-1000.0:35351-100000.0:35352-1500.0,12.91
0-1.0:1-1.0:2-1.0:3-1.0:4-1.0:5-1.0:6-1.0:7-1.0:8-1.0:9-1.0:10-1.0:35347-1:35348-0:35349-24000.0:35350-1000.0:35351-100000.0:35352-2500.0,11.36
0-1.0:1-1.0:2-1.0:3-1.0:4-1.0:5-1.0:6-1.0:7-1.0:8-1.0:9-1.0:10-1.0:35347-1:35348-0:35349-24000.0:35350-1000.0:35351-100000.0:35352-5000.0,12.07
0-1.0:2-1.0:3-1.0:4-1.0:5-1.0:6-1.0:7-1.0:8-1.0:9-1.0:10-1.0:8819-1.0:35347-1:35348-0:35349-24000.0:35350-1000.0:35351-300000.0:35352-100.0,23.6
0-1.0:2-1.0:3-1.0:4-1.0:5-1.0:6-1.0:7-1.0:8-1.0:9-1.0:10-1.0:8819-1.0:35347-1:35348-0:35349-24000.0:35350-1000.0:35351-300000.0:35352-150.0,22.74
0-1.0:2-1.0:3-1.0:4-1.0:5-1.0:6-1.0:7-1.0:8-1.0:9-1.0:10-1.0:8819-1.0:35347-1:35348-0:35349-24000.0:35350-1000.0:35351-300000.0:35352-250.0,19.3
0-1.0:2-1.0:3-1.0:4-1.0:5-1.0:6-1.0:7-1.0:8-1.0:9-1.0:10-1.0:8819-1.0:35347-1:35348-0:35349-24000.0:35350-1000.0:35351-300000.0:35352-500.0,22.27
0-1.0:2-1.0:3-1.0:4-1.0:5-1.0:6-1.0:7-1.0:8-1.0:9-1.0:10-1.0:8819-1.0:35347-1:35348-0:35349-24000.0:35350-1000.0:35351-300000.0:35352-750.0,16.89
0-1.0:1-1.0:2-1.0:3-1.0:4-1.0:5-1.0:6-1.0:7-1.0:8-1.0:9-1.0:10-1.0:35347-1:35348-0:35349-24000.0:35350-1000.0:35351-300000.0:35352-1000.0,16.02
0-1.0:1-1.0:2-1.0:3-1.0:4-1.0:5-1.0:6-1.0:7-1.0:8-1.0:9-1.0:10-1.0:35347-1:35348-0:35349-24000.0:35350-1000.0:35351-300000.0:35352-1500.0,14.99
0-1.0:2-1.0:3-1.0:4-1.0:5-1.0:6-1.0:7-1.0:8-1.0:9-1.0:10-1.0:8819-1.0:35347-1:35348-0:35349-24000.0:35350-1000.0:35351-300000.0:35352-2500.0,16.56
0-1.0:1-1.0:2-1.0:3-1.0:4-1.0:5-1.0:6-1.0:7-1.0:8-1.0:9-1.0:10-1.0:35347-1:35348-0:35349-24000.0:35350-1000.0:35351-300000.0:35352-5000.0,14.15
0-1.0:2-1.0:3-1.0:4-1.0:5-1.0:6-1.0:7-1.0:8-1.0:9-1.0:10-1.0:8819-1.0:35347-1:35348-0:35349-24000.0:35350-1000.0:35351-500000.0:35352-100.0,46.78
0-1.0:2-1.0:3-1.0:4-1.0:5-1.0:6-1.0:7-1.0:8-1.0:9-1.0:10-1.0:8819-1.0:35347-1:35348-0:35349-24000.0:35350-1000.0:35351-500000.0:35352-150.0,24.4
0-1.0:2-1.0:3-1.0:4-1.0:5-1.0:6-1.0:7-1.0:8-1.0:9-1.0:10-1.0:8819-1.0:35347-1:35348-0:35349-24000.0:35350-1000.0:35351-500000.0:35352-250.0,25.69
0-1.0:1-1.0:2-1.0:3-1.0:4-1.0:5-1.0:6-1.0:7-1.0:8-1.0:9-1.0:10-1.0:35347-1:35348-0:35349-24000.0:35350-1000.0:35351-500000.0:35352-500.0,23.93
0-1.0:2-1.0:3-1.0:4-1.0:5-1.0:6-1.0:7-1.0:8-1.0:9-1.0:10-1.0:8819-1.0:35347-1:35348-0:35349-24000.0:35350-1000.0:35351-500000.0:35352-750.0,18.55
0-1.0:1-1.0:2-1.0:3-1.0:4-1.0:5-1.0:6-1.0:7-1.0:8-1.0:9-1.0:10-1.0:35347-1:35348-0:35349-24000.0:35350-1000.0:35351-500000.0:35352-1000.0,17.69
0-1.0:2-1.0:3-1.0:4-1.0:5-1.0:6-1.0:7-1.0:8-1.0:9-1.0:10-1.0:8819-1.0:35347-1:35348-0:35349-24000.0:35350-1000.0:35351-500000.0:35352-1500.0,16.66
0-1.0:2-1.0:3-1.0:4-1.0:5-1.0:6-1.0:7-1.0:8-1.0:9-1.0:10-1.0:8819-1.0:35347-1:35348-0:35349-24000.0:35350-1000.0:35351-500000.0:35352-2500.0,18.23
0-1.0:2-1.0:3-1.0:4-1.0:5-1.0:6-1.0:7-1.0:8-1.0:9-1.0:10-1.0:8819-1.0:35347-1:35348-0:35349-24000.0:35350-1000.0:35351-500000.0:35352-5000.0,14.48
0-1.0:1-1.0:2-1.0:3-1.0:4-1.0:5-1.0:6-1.0:7-1.0:8-1.0:9-1.0:10-1.0:35347-1:35348-0:35349-24000.0:35350-2000.0:35351-100000.0:35352-100.0,27.67
0-1.0:1-1.0:2-1.0:3-1.0:4-1.0:5-1.0:6-1.0:7-1.0:8-1.0:9-1.0:10-1.0:35347-1:35348-0:35349-24000.0:35350-2000.0:35351-100000.0:35352-150.0,26.58
0-1.0:2-1.0:3-1.0:4-1.0:5-1.0:6-1.0:7-1.0:8-1.0:9-1.0:10-1.0:8819-1.0:35347-1:35348-0:35349-24000.0:35350-2000.0:35351-100000.0:35352-250.0,17.46
0-1.0:1-1.0:2-1.0:3-1.0:4-1.0:5-1.0:6-1.0:7-1.0:8-1.0:9-1.0:10-1.0:35347-1:35348-0:35349-24000.0:35350-2000.0:35351-100000.0:35352-500.0,16.08
0-1.0:1-1.0:2-1.0:3-1.0:4-1.0:5-1.0:6-1.0:7-1.0:8-1.0:9-1.0:10-1.0:35347-1:35348-0:35349-24000.0:35350-2000.0:35351-100000.0:35352-750.0,29.85
0-1.0:2-1.0:3-1.0:4-1.0:5-1.0:6-1.0:7-1.0:8-1.0:9-1.0:10-1.0:8819-1.0:35347-1:35348-0:35349-24000.0:35350-2000.0:35351-100000.0:35352-1000.0,14.19
0-1.0:2-1.0:3-1.0:4-1.0:5-1.0:6-1.0:7-1.0:8-1.0:9-1.0:10-1.0:8819-1.0:35347-1:35348-0:35349-24000.0:35350-2000.0:35351-100000.0:35352-1500.0,16.7
0-1.0:1-1.0:2-1.0:3-1.0:4-1.0:5-1.0:6-1.0:7-1.0:8-1.0:9-1.0:10-1.0:35347-1:35348-0:35349-24000.0:35350-2000.0:35351-100000.0:35352-2500.0,11.61
0-1.0:1-1.0:2-1.0:3-1.0:4-1.0:5-1.0:6-1.0:7-1.0:8-1.0:9-1.0:10-1.0:35347-1:35348-0:35349-24000.0:35350-2000.0:35351-100000.0:35352-5000.0,12.32
0-1.0:1-1.0:2-1.0:3-1.0:4-1.0:5-1.0:6-1.0:7-1.0:8-1.0:9-1.0:10-1.0:35347-1:35348-0:35349-24000.0:35350-2000.0:35351-300000.0:35352-100.0,23.85
0-1.0:1-1.0:2-1.0:3-1.0:4-1.0:5-1.0:6-1.0:7-1.0:8-1.0:9-1.0:10-1.0:35347-1:35348-0:35349-24000.0:35350-2000.0:35351-300000.0:35352-150.0,22.99
0-1.0:1-1.0:2-1.0:3-1.0:4-1.0:5-1.0:6-1.0:7-1.0:8-1.0:9-1.0:10-1.0:35347-1:35348-0:35349-24000.0:35350-2000.0:35351-300000.0:35352-250.0,24.27
0-1.0:2-1.0:3-1.0:4-1.0:5-1.0:6-1.0:7-1.0:8-1.0:9-1.0:10-1.0:8819-1.0:35347-1:35348-0:35349-24000.0:35350-2000.0:35351-300000.0:35352-500.0,18.17
0-1.0:2-1.0:3-1.0:4-1.0:5-1.0:6-1.0:7-1.0:8-1.0:9-1.0:10-1.0:8819-1.0:35347-1:35348-0:35349-24000.0:35350-2000.0:35351-300000.0:35352-750.0,17.14
0-1.0:1-1.0:2-1.0:3-1.0:4-1.0:5-1.0:6-1.0:7-1.0:8-1.0:9-1.0:10-1.0:35347-1:35348-0:35349-24000.0:35350-2000.0:35351-300000.0:35352-1000.0,20.1
0-1.0:2-1.0:3-1.0:4-1.0:5-1.0:6-1.0:7-1.0:8-1.0:9-1.0:10-1.0:8819-1.0:35347-1:35348-0:35349-24000.0:35350-2000.0:35351-300000.0:35352-1500.0,18.79
0-1.0:2-1.0:3-1.0:4-1.0:5-1.0:6-1.0:7-1.0:8-1.0:9-1.0:10-1.0:8819-1.0:35347-1:35348-0:35349-24000.0:35350-2000.0:35351-300000.0:35352-2500.0,15.2
0-1.0:2-1.0:3-1.0:4-1.0:5-1.0:6-1.0:7-1.0:8-1.0:9-1.0:10-1.0:8819-1.0:35347-1:35348-0:35349-24000.0:35350-2000.0:35351-300000.0:35352-5000.0,13.06
0-1.0:2-1.0:3-1.0:4-1.0:5-1.0:6-1.0:7-1.0:8-1.0:9-1.0:10-1.0:8819-1.0:35347-1:35348-0:35349-24000.0:35350-2000.0:35351-500000.0:35352-100.0,25.51
0-1.0:1-1.0:2-1.0:3-1.0:4-1.0:5-1.0:6-1.0:7-1.0:8-1.0:9-1.0:10-1.0:35347-1:35348-0:35349-24000.0:35350-2000.0:35351-500000.0:35352-150.0,24.65
0-1.0:1-1.0:2-1.0:3-1.0:4-1.0:5-1.0:6-1.0:7-1.0:8-1.0:9-1.0:10-1.0:35347-1:35348-0:35349-24000.0:35350-2000.0:35351-500000.0:35352-250.0,21.21
0-1.0:2-1.0:3-1.0:4-1.0:5-1.0:6-1.0:7-1.0:8-1.0:9-1.0:10-1.0:8819-1.0:35347-1:35348-0:35349-24000.0:35350-2000.0:35351-500000.0:35352-500.0,24.18
0-1.0:2-1.0:3-1.0:4-1.0:5-1.0:6-1.0:7-1.0:8-1.0:9-1.0:10-1.0:8819-1.0:35347-1:35348-0:35349-24000.0:35350-2000.0:35351-500000.0:35352-750.0,22.87
0-1.0:2-1.0:3-1.0:4-1.0:5-1.0:6-1.0:7-1.0:8-1.0:9-1.0:10-1.0:8819-1.0:35347-1:35348-0:35349-24000.0:35350-2000.0:35351-500000.0:35352-1000.0,17.94
0-1.0:2-1.0:3-1.0:4-1.0:5-1.0:6-1.0:7-1.0:8-1.0:9-1.0:10-1.0:8819-1.0:35347-1:35348-0:35349-24000.0:35350-2000.0:35351-500000.0:35352-1500.0,20.45
0-1.0:2-1.0:3-1.0:4-1.0:5-1.0:6-1.0:7-1.0:8-1.0:9-1.0:10-1.0:8819-1.0:35347-1:35348-0:35349-24000.0:35350-2000.0:35351-500000.0:35352-2500.0,16.87
0-1.0:2-1.0:3-1.0:4-1.0:5-1.0:6-1.0:7-1.0:8-1.0:9-1.0:10-1.0:8819-1.0:35347-1:35348-0:35349-24000.0:35350-2000.0:35351-500000.0:35352-5000.0,16.07
0-1.0:2-1.0:3-1.0:4-1.0:5-1.0:6-1.0:7-1.0:8-1.0:9-1.0:10-1.0:8819-1.0:35347-1:35348-0:35349-28000.0:35350-1000.0:35351-100000.0:35352-100.0,22.71
0-1.0:2-1.0:3-1.0:4-1.0:5-1.0:6-1.0:7-1.0:8-1.0:9-1.0:10-1.0:8819-1.0:35347-1:35348-0:35349-28000.0:35350-1000.0:35351-100000.0:35352-150.0,21.81
0-1.0:2-1.0:3-1.0:4-1.0:5-1.0:6-1.0:7-1.0:8-1.0:9-1.0:10-1.0:8819-1.0:35347-1:35348-0:35349-28000.0:35350-1000.0:35351-100000.0:35352-250.0,18.17
0-1.0:2-1.0:3-1.0:4-1.0:5-1.0:6-1.0:7-1.0:8-1.0:9-1.0:10-1.0:8819-1.0:35347-1:35348-0:35349-28000.0:35350-1000.0:35351-100000.0:35352-500.0,16.72
0-1.0:2-1.0:3-1.0:4-1.0:5-1.0:6-1.0:7-1.0:8-1.0:9-1.0:10-1.0:8819-1.0:35347-1:35348-0:35349-28000.0:35350-1000.0:35351-100000.0:35352-750.0,19.95
0-1.0:2-1.0:3-1.0:4-1.0:5-1.0:6-1.0:7-1.0:8-1.0:9-1.0:10-1.0:8819-1.0:35347-1:35348-0:35349-28000.0:35350-1000.0:35351-100000.0:35352-1500.0,17.4
0-1.0:2-1.0:3-1.0:4-1.0:5-1.0:6-1.0:7-1.0:8-1.0:9-1.0:10-1.0:8819-1.0:35347-1:35348-0:35349-28000.0:35350-1000.0:35351-100000.0:35352-2500.0,11.99
0-1.0:2-1.0:3-1.0:4-1.0:5-1.0:6-1.0:7-1.0:8-1.0:9-1.0:10-1.0:8819-1.0:35347-1:35348-0:35349-28000.0:35350-1000.0:35351-100000.0:35352-5000.0,10.83
0-1.0:2-1.0:3-1.0:4-1.0:5-1.0:6-1.0:7-1.0:8-1.0:9-1.0:10-1.0:8819-1.0:35347-1:35348-0:35349-28000.0:35350-1000.0:35351-300000.0:35352-100.0,24.8
0-1.0:2-1.0:3-1.0:4-1.0:5-1.0:6-1.0:7-1.0:8-1.0:9-1.0:10-1.0:8819-1.0:35347-1:35348-0:35349-28000.0:35350-1000.0:35351-300000.0:35352-150.0,23.89
0-1.0:2-1.0:3-1.0:4-1.0:5-1.0:6-1.0:7-1.0:8-1.0:9-1.0:10-1.0:8819-1.0:35347-1:35348-0:35349-28000.0:35350-1000.0:35351-300000.0:35352-250.0,20.25
0-1.0:2-1.0:3-1.0:4-1.0:5-1.0:6-1.0:7-1.0:8-1.0:9-1.0:10-1.0:8819-1.0:35347-1:35348-0:35349-28000.0:35350-1000.0:35351-300000.0:35352-500.0,18.8
0-1.0:2-1.0:3-1.0:4-1.0:5-1.0:6-1.0:7-1.0:8-1.0:9-1.0:10-1.0:8819-1.0:35347-1:35348-0:35349-28000.0:35350-1000.0:35351-300000.0:35352-750.0,17.71
0-1.0:2-1.0:3-1.0:4-1.0:5-1.0:6-1.0:7-1.0:8-1.0:9-1.0:10-1.0:8819-1.0:35347-1:35348-0:35349-28000.0:35350-1000.0:35351-300000.0:35352-1000.0,16.8
0-1.0:2-1.0:3-1.0:4-1.0:5-1.0:6-1.0:7-1.0:8-1.0:9-1.0:10-1.0:8819-1.0:35347-1:35348-0:35349-28000.0:35350-1000.0:35351-300000.0:35352-1500.0,15.71
0-1.0:2-1.0:3-1.0:4-1.0:5-1.0:6-1.0:7-1.0:8-1.0:9-1.0:10-1.0:8819-1.0:35347-1:35348-0:35349-28000.0:35350-1000.0:35351-300000.0:35352-2500.0,15.64
0-1.0:1-1.0:2-1.0:3-1.0:4-1.0:5-1.0:6-1.0:7-1.0:8-1.0:9-1.0:10-1.0:35347-1:35348-0:35349-28000.0:35350-1000.0:35351-300000.0:35352-5000.0,12.08
0-1.0:1-1.0:2-1.0:3-1.0:4-1.0:5-1.0:6-1.0:7-1.0:8-1.0:9-1.0:10-1.0:35347-1:35348-0:35349-28000.0:35350-1000.0:35351-500000.0:35352-100.0,32.74
0-1.0:2-1.0:3-1.0:4-1.0:5-1.0:6-1.0:7-1.0:8-1.0:9-1.0:10-1.0:8819-1.0:35347-1:35348-0:35349-28000.0:35350-1000.0:35351-500000.0:35352-150.0,25.56
0-1.0:2-1.0:3-1.0:4-1.0:5-1.0:6-1.0:7-1.0:8-1.0:9-1.0:10-1.0:8819-1.0:35347-1:35348-0:35349-28000.0:35350-1000.0:35351-500000.0:35352-250.0,24.29
0-1.0:2-1.0:3-1.0:4-1.0:5-1.0:6-1.0:7-1.0:8-1.0:9-1.0:10-1.0:8819-1.0:35347-1:35348-0:35349-28000.0:35350-1000.0:35351-500000.0:35352-500.0,20.47
0-1.0:2-1.0:3-1.0:4-1.0:5-1.0:6-1.0:7-1.0:8-1.0:9-1.0:10-1.0:8819-1.0:35347-1:35348-0:35349-28000.0:35350-1000.0:35351-500000.0:35352-750.0,19.38
0-1.0:1-1.0:2-1.0:3-1.0:4-1.0:5-1.0:6-1.0:7-1.0:8-1.0:9-1.0:10-1.0:35347-1:35348-0:35349-28000.0:35350-1000.0:35351-500000.0:35352-1000.0,22.54
0-1.0:2-1.0:3-1.0:4-1.0:5-1.0:6-1.0:7-1.0:8-1.0:9-1.0:10-1.0:8819-1.0:35347-1:35348-0:35349-28000.0:35350-1000.0:35351-500000.0:35352-1500.0,21.15
0-1.0:2-1.0:3-1.0:4-1.0:5-1.0:6-1.0:7-1.0:8-1.0:9-1.0:10-1.0:8819-1.0:35347-1:35348-0:35349-28000.0:35350-1000.0:35351-500000.0:35352-2500.0,15.74
0-1.0:2-1.0:3-1.0:4-1.0:5-1.0:6-1.0:7-1.0:8-1.0:9-1.0:10-1.0:8819-1.0:35347-1:35348-0:35349-28000.0:35350-1000.0:35351-500000.0:35352-5000.0,13.74
0-1.0:2-1.0:3-1.0:4-1.0:5-1.0:6-1.0:7-1.0:8-1.0:9-1.0:10-1.0:8819-1.0:35347-1:35348-0:35349-28000.0:35350-2000.0:35351-100000.0:35352-100.0,22.96
0-1.0:1-1.0:2-1.0:3-1.0:4-1.0:5-1.0:6-1.0:7-1.0:8-1.0:9-1.0:10-1.0:35347-1:35348-0:35349-28000.0:35350-2000.0:35351-100000.0:35352-150.0,28.08
0-1.0:2-1.0:3-1.0:4-1.0:5-1.0:6-1.0:7-1.0:8-1.0:9-1.0:10-1.0:8819-1.0:35347-1:35348-0:35349-28000.0:35350-2000.0:35351-100000.0:35352-250.0,18.42
0-1.0:1-1.0:2-1.0:3-1.0:4-1.0:5-1.0:6-1.0:7-1.0:8-1.0:9-1.0:10-1.0:35347-1:35348-0:35349-28000.0:35350-2000.0:35351-100000.0:35352-500.0,16.97
0-1.0:2-1.0:3-1.0:4-1.0:5-1.0:6-1.0:7-1.0:8-1.0:9-1.0:10-1.0:8819-1.0:35347-1:35348-0:35349-28000.0:35350-2000.0:35351-100000.0:35352-750.0,15.88
0-1.0:2-1.0:3-1.0:4-1.0:5-1.0:6-1.0:7-1.0:8-1.0:9-1.0:10-1.0:8819-1.0:35347-1:35348-0:35349-28000.0:35350-2000.0:35351-100000.0:35352-1000.0,14.97
0-1.0:1-1.0:2-1.0:3-1.0:4-1.0:5-1.0:6-1.0:7-1.0:8-1.0:9-1.0:10-1.0:35347-1:35348-0:35349-28000.0:35350-2000.0:35351-100000.0:35352-1500.0,13.88
0-1.0:2-1.0:3-1.0:4-1.0:5-1.0:6-1.0:7-1.0:8-1.0:9-1.0:10-1.0:8819-1.0:35347-1:35348-0:35349-28000.0:35350-2000.0:35351-100000.0:35352-2500.0,24.14
0-1.0:2-1.0:3-1.0:4-1.0:5-1.0:6-1.0:7-1.0:8-1.0:9-1.0:10-1.0:8819-1.0:35347-1:35348-0:35349-28000.0:35350-2000.0:35351-100000.0:35352-5000.0,10.83
0-1.0:1-1.0:2-1.0:3-1.0:4-1.0:5-1.0:6-1.0:7-1.0:8-1.0:9-1.0:10-1.0:35347-1:35348-0:35349-28000.0:35350-2000.0:35351-300000.0:35352-100.0,25.05
0-1.0:2-1.0:3-1.0:4-1.0:5-1.0:6-1.0:7-1.0:8-1.0:9-1.0:10-1.0:8819-1.0:35347-1:35348-0:35349-28000.0:35350-2000.0:35351-300000.0:35352-150.0,24.14
0-1.0:2-1.0:3-1.0:4-1.0:5-1.0:6-1.0:7-1.0:8-1.0:9-1.0:10-1.0:8819-1.0:35347-1:35348-0:35349-28000.0:35350-2000.0:35351-300000.0:35352-250.0,22.87
0-1.0:2-1.0:3-1.0:4-1.0:5-1.0:6-1.0:7-1.0:8-1.0:9-1.0:10-1.0:8819-1.0:35347-1:35348-0:35349-28000.0:35350-2000.0:35351-300000.0:35352-500.0,19.05
0-1.0:2-1.0:3-1.0:4-1.0:5-1.0:6-1.0:7-1.0:8-1.0:9-1.0:10-1.0:8819-1.0:35347-1:35348-0:35349-28000.0:35350-2000.0:35351-300000.0:35352-750.0,17.96
0-1.0:1-1.0:2-1.0:3-1.0:4-1.0:5-1.0:6-1.0:7-1.0:8-1.0:9-1.0:10-1.0:35347-1:35348-0:35349-28000.0:35350-2000.0:35351-300000.0:35352-1000.0,18.97
0-1.0:1-1.0:2-1.0:3-1.0:4-1.0:5-1.0:6-1.0:7-1.0:8-1.0:9-1.0:10-1.0:35347-1:35348-0:35349-28000.0:35350-2000.0:35351-300000.0:35352-1500.0,15.96
0-1.0:2-1.0:3-1.0:4-1.0:5-1.0:6-1.0:7-1.0:8-1.0:9-1.0:10-1.0:8819-1.0:35347-1:35348-0:35349-28000.0:35350-2000.0:35351-300000.0:35352-2500.0,15.89
0-1.0:2-1.0:3-1.0:4-1.0:5-1.0:6-1.0:7-1.0:8-1.0:9-1.0:10-1.0:8819-1.0:35347-1:35348-0:35349-28000.0:35350-2000.0:35351-300000.0:35352-5000.0,22.24
0-1.0:2-1.0:3-1.0:4-1.0:5-1.0:6-1.0:7-1.0:8-1.0:9-1.0:10-1.0:8819-1.0:35347-1:35348-0:35349-28000.0:35350-2000.0:35351-500000.0:35352-100.0,26.71
0-1.0:2-1.0:3-1.0:4-1.0:5-1.0:6-1.0:7-1.0:8-1.0:9-1.0:10-1.0:8819-1.0:35347-1:35348-0:35349-28000.0:35350-2000.0:35351-500000.0:35352-150.0,28.64
0-1.0:2-1.0:3-1.0:4-1.0:5-1.0:6-1.0:7-1.0:8-1.0:9-1.0:10-1.0:8819-1.0:35347-1:35348-0:35349-28000.0:35350-2000.0:35351-500000.0:35352-250.0,27.19
0-1.0:1-1.0:2-1.0:3-1.0:4-1.0:5-1.0:6-1.0:7-1.0:8-1.0:9-1.0:10-1.0:35347-1:35348-0:35349-28000.0:35350-2000.0:35351-500000.0:35352-500.0,20.72
0-1.0:1-1.0:2-1.0:3-1.0:4-1.0:5-1.0:6-1.0:7-1.0:8-1.0:9-1.0:10-1.0:35347-1:35348-0:35349-28000.0:35350-2000.0:35351-500000.0:35352-750.0,21.66
0-1.0:1-1.0:2-1.0:3-1.0:4-1.0:5-1.0:6-1.0:7-1.0:8-1.0:9-1.0:10-1.0:35347-1:35348-0:35349-28000.0:35350-2000.0:35351-500000.0:35352-1000.0,18.72
0-1.0:2-1.0:3-1.0:4-1.0:5-1.0:6-1.0:7-1.0:8-1.0:9-1.0:10-1.0:8819-1.0:35347-1:35348-0:35349-28000.0:35350-2000.0:35351-500000.0:35352-1500.0,17.63
0-1.0:1-1.0:2-1.0:3-1.0:4-1.0:5-1.0:6-1.0:7-1.0:8-1.0:9-1.0:10-1.0:35347-1:35348-0:35349-28000.0:35350-2000.0:35351-500000.0:35352-2500.0,15.99
0-1.0:2-1.0:3-1.0:4-1.0:5-1.0:6-1.0:7-1.0:8-1.0:9-1.0:10-1.0:8819-1.0:35347-1:35348-0:35349-28000.0:35350-2000.0:35351-500000.0:35352-5000.0,13.99
0-1.0:2-1.0:3-1.0:4-1.0:5-1.0:6-1.0:7-1.0:8-1.0:9-1.0:10-1.0:8819-1.0:35347-1:35348-0:35349-32000.0:35350-1000.0:35351-100000.0:35352-100.0,23.82
0-1.0:2-1.0:3-1.0:4-1.0:5-1.0:6-1.0:7-1.0:8-1.0:9-1.0:10-1.0:8819-1.0:35347-1:35348-0:35349-32000.0:35350-1000.0:35351-100000.0:35352-150.0,22.87
0-1.0:2-1.0:3-1.0:4-1.0:5-1.0:6-1.0:7-1.0:8-1.0:9-1.0:10-1.0:8819-1.0:35347-1:35348-0:35349-32000.0:35350-1000.0:35351-100000.0:35352-250.0,24.38
0-1.0:2-1.0:3-1.0:4-1.0:5-1.0:6-1.0:7-1.0:8-1.0:9-1.0:10-1.0:8819-1.0:35347-1:35348-0:35349-32000.0:35350-1000.0:35351-100000.0:35352-500.0,19.84
0-1.0:1-1.0:2-1.0:3-1.0:4-1.0:5-1.0:6-1.0:7-1.0:8-1.0:9-1.0:10-1.0:35347-1:35348-0:35349-32000.0:35350-1000.0:35351-100000.0:35352-5000.0,13.41
0-1.0:2-1.0:3-1.0:4-1.0:5-1.0:6-1.0:7-1.0:8-1.0:9-1.0:10-1.0:8819-1.0:35347-1:35348-0:35349-32000.0:35350-1000.0:35351-300000.0:35352-100.0,25.9
0-1.0:2-1.0:3-1.0:4-1.0:5-1.0:6-1.0:7-1.0:8-1.0:9-1.0:10-1.0:8819-1.0:35347-1:35348-0:35349-32000.0:35350-1000.0:35351-300000.0:35352-150.0,31.34
0-1.0:1-1.0:2-1.0:3-1.0:4-1.0:5-1.0:6-1.0:7-1.0:8-1.0:9-1.0:10-1.0:35347-1:35348-0:35349-32000.0:35350-1000.0:35351-300000.0:35352-250.0,26.46
0-1.0:2-1.0:3-1.0:4-1.0:5-1.0:6-1.0:7-1.0:8-1.0:9-1.0:10-1.0:8819-1.0:35347-1:35348-0:35349-32000.0:35350-1000.0:35351-300000.0:35352-500.0,19.62
0-1.0:2-1.0:3-1.0:4-1.0:5-1.0:6-1.0:7-1.0:8-1.0:9-1.0:10-1.0:8819-1.0:35347-1:35348-0:35349-32000.0:35350-1000.0:35351-300000.0:35352-750.0,18.47
0-1.0:2-1.0:3-1.0:4-1.0:5-1.0:6-1.0:7-1.0:8-1.0:9-1.0:10-1.0:8819-1.0:35347-1:35348-0:35349-32000.0:35350-1000.0:35351-300000.0:35352-1500.0,16.38
0-1.0:1-1.0:2-1.0:3-1.0:4-1.0:5-1.0:6-1.0:7-1.0:8-1.0:9-1.0:10-1.0:35347-1:35348-0:35349-32000.0:35350-1000.0:35351-300000.0:35352-2500.0,14.66
0-1.0:2-1.0:3-1.0:4-1.0:5-1.0:6-1.0:7-1.0:8-1.0:9-1.0:10-1.0:8819-1.0:35347-1:35348-0:35349-32000.0:35350-1000.0:35351-300000.0:35352-5000.0,12.56
0-1.0:2-1.0:3-1.0:4-1.0:5-1.0:6-1.0:7-1.0:8-1.0:9-1.0:10-1.0:8819-1.0:35347-1:35348-0:35349-32000.0:35350-1000.0:35351-500000.0:35352-100.0,27.57
0-1.0:2-1.0:3-1.0:4-1.0:5-1.0:6-1.0:7-1.0:8-1.0:9-1.0:10-1.0:8819-1.0:35347-1:35348-0:35349-32000.0:35350-1000.0:35351-500000.0:35352-150.0,26.62
0-1.0:1-1.0:2-1.0:3-1.0:4-1.0:5-1.0:6-1.0:7-1.0:8-1.0:9-1.0:10-1.0:35347-1:35348-0:35349-32000.0:35350-1000.0:35351-500000.0:35352-250.0,22.81
0-1.0:1-1.0:2-1.0:3-1.0:4-1.0:5-1.0:6-1.0:7-1.0:8-1.0:9-1.0:10-1.0:35347-1:35348-0:35349-32000.0:35350-1000.0:35351-500000.0:35352-500.0,26.18
0-1.0:2-1.0:3-1.0:4-1.0:5-1.0:6-1.0:7-1.0:8-1.0:9-1.0:10-1.0:8819-1.0:35347-1:35348-0:35349-32000.0:35350-1000.0:35351-500000.0:35352-750.0,24.71
0-1.0:2-1.0:3-1.0:4-1.0:5-1.0:6-1.0:7-1.0:8-1.0:9-1.0:10-1.0:8819-1.0:35347-1:35348-0:35349-32000.0:35350-1000.0:35351-500000.0:35352-1500.0,19.93
0-1.0:2-1.0:3-1.0:4-1.0:5-1.0:6-1.0:7-1.0:8-1.0:9-1.0:10-1.0:8819-1.0:35347-1:35348-0:35349-32000.0:35350-1000.0:35351-500000.0:35352-2500.0,16.33
0-1.0:1-1.0:2-1.0:3-1.0:4-1.0:5-1.0:6-1.0:7-1.0:8-1.0:9-1.0:10-1.0:35347-1:35348-0:35349-32000.0:35350-1000.0:35351-500000.0:35352-5000.0,14.23
0-1.0:1-1.0:2-1.0:3-1.0:4-1.0:5-1.0:6-1.0:7-1.0:8-1.0:9-1.0:10-1.0:35347-1:35348-0:35349-32000.0:35350-2000.0:35351-100000.0:35352-100.0,24.07
0-1.0:1-1.0:2-1.0:3-1.0:4-1.0:5-1.0:6-1.0:7-1.0:8-1.0:9-1.0:10-1.0:35347-1:35348-0:35349-32000.0:35350-2000.0:35351-100000.0:35352-150.0,29.5
0-1.0:2-1.0:3-1.0:4-1.0:5-1.0:6-1.0:7-1.0:8-1.0:9-1.0:10-1.0:8819-1.0:35347-1:35348-0:35349-32000.0:35350-2000.0:35351-100000.0:35352-250.0,19.31
0-1.0:2-1.0:3-1.0:4-1.0:5-1.0:6-1.0:7-1.0:8-1.0:9-1.0:10-1.0:8819-1.0:35347-1:35348-0:35349-32000.0:35350-1000.0:35351-100000.0:35352-750.0,16.39
0-1.0:2-1.0:3-1.0:4-1.0:5-1.0:6-1.0:7-1.0:8-1.0:9-1.0:10-1.0:8819-1.0:35347-1:35348-0:35349-32000.0:35350-1000.0:35351-100000.0:35352-1500.0,14.29
0-1.0:1-1.0:2-1.0:3-1.0:4-1.0:5-1.0:6-1.0:7-1.0:8-1.0:9-1.0:10-1.0:35347-1:35348-0:35349-32000.0:35350-1000.0:35351-100000.0:35352-2500.0,25.11
0-1.0:2-1.0:3-1.0:4-1.0:5-1.0:6-1.0:7-1.0:8-1.0:9-1.0:10-1.0:8819-1.0:35347-1:35348-0:35349-32000.0:35350-1000.0:35351-300000.0:35352-1000.0,17.52
0-1.0:1-1.0:2-1.0:3-1.0:4-1.0:5-1.0:6-1.0:7-1.0:8-1.0:9-1.0:10-1.0:35347-1:35348-0:35349-32000.0:35350-1000.0:35351-500000.0:35352-1000.0,19.19
0-1.0:1-1.0:2-1.0:3-1.0:4-1.0:5-1.0:6-1.0:7-1.0:8-1.0:9-1.0:10-1.0:35347-1:35348-0:35349-24000.0:35350-1000.0:35351-100000.0:35352-1000.0,13.94
0-1.0:2-1.0:3-1.0:4-1.0:5-1.0:6-1.0:7-1.0:8-1.0:9-1.0:10-1.0:8819-1.0:35347-1:35348-0:35349-28000.0:35350-1000.0:35351-100000.0:35352-1000.0,14.72
0-1.0:1-1.0:2-1.0:3-1.0:4-1.0:5-1.0:6-1.0:7-1.0:8-1.0:9-1.0:10-1.0:35347-1:35348-0:35349-32000.0:35350-1000.0:35351-100000.0:35352-1000.0,15.44
